-0.03,-0.022,-0.013,0.019
-0.031,-0.023,-0.013,0.018
-0.031,-0.025,-0.013,0.018
-0.032,-0.027,-0.013,0.018
-0.032,-0.028,-0.013,0.018
-0.032,-0.03,-0.013,0.018
-0.033,-0.031,-0.012,0.018
-0.033,-0.032,-0.012,0.018
-0.033,-0.033,-0.011,0.018
-0.033,-0.034,-0.011,0.018
-0.033,-0.035,-0.01,0.018
-0.033,-0.035,-0.01,0.018
-0.033,-0.035,-0.009,0.019
-0.033,-0.035,-0.008,0.019
-0.033,-0.035,-0.008,0.019
-0.033,-0.035,-0.007,0.019
-0.033,-0.034,-0.006,0.02
-0.033,-0.033,-0.005,0.02
-0.033,-0.032,-0.005,0.02
-0.032,-0.031,-0.004,0.02
-0.032,-0.029,-0.003,0.02
-0.032,-0.028,-0.002,0.02
-0.032,-0.026,-0.001,0.02
-0.032,-0.024,0,0.02
-0.031,-0.022,0.001,0.019
-0.031,-0.02,0.002,0.019
-0.03,-0.018,0.003,0.019
-0.03,-0.016,0.004,0.018
-0.029,-0.015,0.005,0.017
-0.029,-0.013,0.006,0.017
-0.028,-0.011,0.007,0.016
-0.027,-0.01,0.007,0.015
-0.027,-0.009,0.008,0.014
-0.026,-0.008,0.009,0.014
-0.025,-0.007,0.01,0.013
-0.024,-0.007,0.011,0.012
-0.023,-0.006,0.011,0.011
-0.022,-0.006,0.012,0.01
-0.021,-0.007,0.013,0.01
-0.02,-0.007,0.013,0.009
-0.019,-0.008,0.013,0.008
-0.018,-0.009,0.014,0.008
-0.017,-0.01,0.014,0.007
-0.016,-0.011,0.014,0.007
-0.015,-0.012,0.014,0.007
-0.014,-0.014,0.014,0.007
-0.013,-0.015,0.013,0.007
-0.013,-0.017,0.013,0.007
-0.012,-0.018,0.012,0.007
-0.011,-0.019,0.011,0.008
-0.011,-0.02,0.011,0.008
-0.01,-0.021,0.01,0.009
-0.01,-0.022,0.009,0.01
-0.009,-0.023,0.008,0.01
-0.009,-0.024,0.007,0.011
-0.009,-0.024,0.006,0.012
-0.008,-0.024,0.004,0.013
-0.008,-0.024,0.003,0.014
-0.008,-0.024,0.002,0.015
-0.008,-0.023,0.001,0.016
-0.008,-0.022,0.001,0.017
-0.009,-0.022,0,0.018
-0.009,-0.02,-0.001,0.019
-0.009,-0.019,-0.001,0.02
-0.009,-0.018,-0.002,0.021
-0.01,-0.016,-0.002,0.022
-0.01,-0.015,-0.002,0.022
-0.011,-0.013,-0.002,0.022
-0.011,-0.011,-0.002,0.023
-0.012,-0.01,-0.001,0.023
-0.012,-0.008,-0.001,0.022
-0.013,-0.007,0,0.022
-0.014,-0.006,0.001,0.022
-0.014,-0.005,0.002,0.021
-0.015,-0.004,0.003,0.02
-0.016,-0.003,0.004,0.019
-0.016,-0.003,0.005,0.018
-0.017,-0.003,0.006,0.017
-0.018,-0.003,0.007,0.016
-0.018,-0.004,0.007,0.014
-0.019,-0.005,0.008,0.013
-0.019,-0.006,0.009,0.011
-0.02,-0.008,0.01,0.009
-0.02,-0.01,0.01,0.008
-0.021,-0.013,0.011,0.006
-0.021,-0.016,0.011,0.004
-0.021,-0.019,0.012,0.002
-0.021,-0.022,0.012,0.001
-0.021,-0.025,0.012,-0.001
-0.021,-0.029,0.011,-0.003
-0.021,-0.032,0.011,-0.004
-0.02,-0.036,0.011,-0.006
-0.02,-0.04,0.01,-0.007
-0.019,-0.044,0.01,-0.009
-0.019,-0.047,0.009,-0.01
-0.018,-0.051,0.009,-0.011
-0.017,-0.054,0.008,-0.012
-0.016,-0.057,0.007,-0.012
-0.015,-0.06,0.006,-0.013
-0.013,-0.062,0.005,-0.013
-0.012,-0.064,0.005,-0.014
-0.01,-0.066,0.004,-0.014
-0.009,-0.068,0.003,-0.014
-0.007,-0.069,0.002,-0.013
-0.005,-0.07,0.002,-0.013
-0.003,-0.07,0.001,-0.012
-0.001,-0.07,0,-0.011
0,-0.07,0,-0.011
0.002,-0.069,-0.001,-0.01
0.004,-0.068,-0.001,-0.009
0.006,-0.067,-0.002,-0.007
0.007,-0.065,-0.002,-0.006
0.009,-0.064,-0.003,-0.005
0.01,-0.062,-0.003,-0.004
0.011,-0.06,-0.003,-0.003
0.012,-0.058,-0.003,-0.002
0.013,-0.055,-0.003,-0.001
0.014,-0.053,-0.003,0
0.014,-0.051,-0.003,0.001
0.014,-0.048,-0.003,0.002
0.014,-0.046,-0.003,0.002
0.014,-0.043,-0.003,0.003
0.013,-0.041,-0.002,0.003
0.012,-0.039,-0.002,0.003
0.011,-0.037,-0.002,0.003
0.01,-0.035,-0.001,0.003
0.009,-0.033,-0.001,0.002
0.007,-0.031,-0.001,0.002
0.006,-0.029,0,0.001
0.004,-0.028,0,0.001
0.002,-0.027,0,0
0,-0.026,0.001,-0.001
-0.002,-0.025,0.001,-0.001
-0.004,-0.024,0.001,-0.002
-0.006,-0.024,0.001,-0.003
-0.008,-0.024,0.001,-0.003
-0.009,-0.024,0.001,-0.004
-0.011,-0.024,0,-0.004
-0.013,-0.025,0,-0.004
-0.014,-0.025,-0.001,-0.005
-0.015,-0.026,-0.001,-0.005
-0.017,-0.027,-0.002,-0.005
-0.018,-0.028,-0.003,-0.004
-0.018,-0.029,-0.004,-0.004
-0.019,-0.031,-0.005,-0.004
-0.019,-0.032,-0.005,-0.003
-0.02,-0.034,-0.006,-0.002
-0.02,-0.036,-0.007,-0.002
-0.02,-0.037,-0.008,-0.001
-0.02,-0.039,-0.009,0
-0.019,-0.041,-0.01,0.001
-0.019,-0.043,-0.011,0.002
-0.018,-0.045,-0.011,0.002
-0.018,-0.047,-0.012,0.003
-0.017,-0.049,-0.012,0.004
-0.016,-0.051,-0.012,0.004
-0.015,-0.053,-0.012,0.005
-0.014,-0.055,-0.012,0.005
-0.013,-0.057,-0.012,0.005
-0.012,-0.059,-0.012,0.005
-0.011,-0.06,-0.011,0.005
-0.01,-0.061,-0.01,0.005
-0.009,-0.062,-0.01,0.005
-0.008,-0.063,-0.009,0.005
-0.007,-0.064,-0.008,0.004
-0.006,-0.064,-0.007,0.003
-0.005,-0.064,-0.006,0.003
-0.004,-0.063,-0.004,0.002
-0.003,-0.063,-0.003,0.001
-0.002,-0.062,-0.002,0
-0.001,-0.061,-0.001,-0.001
0,-0.059,0,-0.001
0.001,-0.058,0.001,-0.002
0.001,-0.056,0.002,-0.003
0.002,-0.054,0.003,-0.004
0.002,-0.052,0.004,-0.005
0.002,-0.049,0.004,-0.005
0.002,-0.047,0.005,-0.006
0.002,-0.044,0.005,-0.006
0.002,-0.042,0.005,-0.007
0.002,-0.04,0.005,-0.007
0.001,-0.037,0.005,-0.007
0.001,-0.035,0.004,-0.008
0,-0.033,0.004,-0.008
-0.001,-0.032,0.003,-0.008
-0.002,-0.03,0.002,-0.008
-0.003,-0.029,0.001,-0.007
-0.004,-0.029,0,-0.007
-0.005,-0.028,-0.001,-0.007
-0.006,-0.028,-0.002,-0.007
-0.007,-0.028,-0.003,-0.007
-0.008,-0.029,-0.005,-0.007
-0.01,-0.03,-0.006,-0.007
-0.011,-0.031,-0.007,-0.007
-0.012,-0.032,-0.009,-0.007
-0.013,-0.034,-0.01,-0.007
-0.014,-0.035,-0.012,-0.007
-0.015,-0.037,-0.013,-0.007
-0.015,-0.039,-0.014,-0.007
-0.016,-0.041,-0.016,-0.007
-0.016,-0.044,-0.017,-0.007
-0.017,-0.046,-0.018,-0.008
-0.017,-0.048,-0.019,-0.008
-0.017,-0.05,-0.02,-0.009
-0.017,-0.052,-0.021,-0.009
-0.017,-0.054,-0.022,-0.009
-0.017,-0.056,-0.023,-0.01
-0.016,-0.057,-0.024,-0.011
-0.016,-0.059,-0.024,-0.011
-0.015,-0.06,-0.025,-0.012
-0.015,-0.061,-0.025,-0.013
-0.014,-0.062,-0.025,-0.013
-0.014,-0.062,-0.025,-0.014
-0.013,-0.063,-0.025,-0.015
-0.012,-0.063,-0.024,-0.016
-0.012,-0.063,-0.024,-0.017
-0.011,-0.063,-0.023,-0.018
-0.011,-0.062,-0.022,-0.019
-0.011,-0.062,-0.021,-0.02
-0.01,-0.061,-0.02,-0.021
-0.01,-0.06,-0.019,-0.022
-0.01,-0.059,-0.018,-0.023
-0.01,-0.058,-0.016,-0.024
-0.01,-0.057,-0.015,-0.025
-0.01,-0.055,-0.014,-0.026
-0.011,-0.054,-0.012,-0.027
-0.011,-0.052,-0.011,-0.027
-0.012,-0.051,-0.01,-0.028
-0.012,-0.049,-0.009,-0.028
-0.013,-0.048,-0.008,-0.028
-0.014,-0.046,-0.007,-0.028
-0.014,-0.045,-0.006,-0.028
-0.015,-0.043,-0.006,-0.028
-0.016,-0.042,-0.005,-0.027
-0.017,-0.041,-0.005,-0.026
-0.017,-0.04,-0.005,-0.025
-0.018,-0.039,-0.005,-0.023
-0.018,-0.038,-0.006,-0.021
-0.019,-0.037,-0.006,-0.019
-0.019,-0.037,-0.007,-0.017
-0.02,-0.037,-0.008,-0.015
-0.02,-0.036,-0.008,-0.012
-0.02,-0.036,-0.01,-0.009
-0.02,-0.037,-0.011,-0.007
-0.02,-0.037,-0.012,-0.004
-0.02,-0.037,-0.013,-0.001
-0.02,-0.038,-0.015,0.002
-0.019,-0.038,-0.016,0.004
-0.019,-0.039,-0.017,0.007
-0.019,-0.039,-0.019,0.009
-0.019,-0.04,-0.02,0.011
-0.019,-0.041,-0.021,0.013
-0.019,-0.041,-0.023,0.014
-0.019,-0.042,-0.024,0.015
-0.019,-0.043,-0.025,0.016
-0.019,-0.044,-0.026,0.017
-0.019,-0.044,-0.027,0.017
-0.02,-0.045,-0.028,0.017
-0.02,-0.046,-0.029,0.016
-0.021,-0.047,-0.029,0.015
-0.022,-0.047,-0.03,0.014
-0.023,-0.048,-0.03,0.013
-0.024,-0.049,-0.031,0.011
-0.025,-0.049,-0.031,0.01
-0.026,-0.05,-0.031,0.008
-0.027,-0.051,-0.031,0.006
-0.028,-0.052,-0.031,0.004
-0.03,-0.052,-0.03,0.002
-0.031,-0.053,-0.03,0.001
-0.032,-0.054,-0.029,-0.001
-0.034,-0.055,-0.029,-0.002
-0.035,-0.056,-0.028,-0.004
-0.036,-0.057,-0.027,-0.005
-0.037,-0.058,-0.026,-0.005
-0.038,-0.059,-0.025,-0.006
-0.039,-0.06,-0.024,-0.006
-0.04,-0.061,-0.023,-0.006
-0.04,-0.062,-0.022,-0.006
-0.041,-0.063,-0.021,-0.006
-0.041,-0.064,-0.019,-0.005
-0.041,-0.064,-0.018,-0.004
-0.041,-0.065,-0.018,-0.003
-0.041,-0.065,-0.017,-0.002
-0.04,-0.065,-0.016,0
-0.04,-0.065,-0.015,0.001
-0.039,-0.065,-0.015,0.002
-0.038,-0.065,-0.014,0.004
-0.037,-0.064,-0.014,0.005
-0.036,-0.063,-0.014,0.006
-0.035,-0.062,-0.014,0.008
-0.033,-0.061,-0.014,0.009
-0.032,-0.059,-0.015,0.01
-0.031,-0.058,-0.015,0.011
-0.029,-0.056,-0.016,0.011
-0.028,-0.054,-0.017,0.012
-0.026,-0.052,-0.018,0.012
-0.025,-0.05,-0.019,0.012
-0.023,-0.048,-0.02,0.012
-0.022,-0.046,-0.021,0.011
-0.021,-0.044,-0.022,0.011
-0.02,-0.043,-0.024,0.01
-0.018,-0.041,-0.025,0.009
-0.017,-0.039,-0.026,0.008
-0.016,-0.038,-0.027,0.006
-0.015,-0.037,-0.028,0.005
-0.014,-0.036,-0.029,0.003
-0.014,-0.035,-0.03,0.002
-0.013,-0.034,-0.031,0
-0.013,-0.034,-0.032,-0.002
-0.012,-0.034,-0.032,-0.004
-0.012,-0.034,-0.033,-0.006
-0.012,-0.034,-0.033,-0.008
-0.012,-0.035,-0.034,-0.01
-0.012,-0.035,-0.034,-0.012
-0.012,-0.036,-0.034,-0.013
-0.012,-0.038,-0.034,-0.015
-0.012,-0.039,-0.034,-0.017
-0.013,-0.04,-0.034,-0.018
-0.013,-0.042,-0.033,-0.019
-0.014,-0.043,-0.033,-0.02
-0.015,-0.045,-0.033,-0.021
-0.016,-0.047,-0.033,-0.022
-0.017,-0.048,-0.032,-0.022
-0.018,-0.05,-0.032,-0.022
-0.019,-0.052,-0.032,-0.022
-0.02,-0.054,-0.031,-0.021
-0.021,-0.055,-0.031,-0.02
-0.022,-0.057,-0.031,-0.018
-0.023,-0.059,-0.03,-0.017
-0.024,-0.06,-0.03,-0.015
-0.025,-0.061,-0.03,-0.012
-0.026,-0.062,-0.029,-0.009
-0.027,-0.063,-0.029,-0.007
-0.028,-0.064,-0.028,-0.003
-0.029,-0.065,-0.028,0
-0.03,-0.065,-0.028,0.004
-0.03,-0.065,-0.027,0.007
-0.031,-0.065,-0.027,0.011
-0.031,-0.065,-0.027,0.015
-0.031,-0.065,-0.026,0.018
-0.031,-0.064,-0.026,0.022
-0.031,-0.063,-0.026,0.025
-0.031,-0.061,-0.026,0.028
-0.031,-0.06,-0.026,0.03
-0.031,-0.058,-0.026,0.033
-0.031,-0.057,-0.025,0.034
-0.03,-0.055,-0.025,0.036
-0.03,-0.053,-0.025,0.037
-0.029,-0.051,-0.025,0.037
-0.029,-0.049,-0.025,0.037
-0.028,-0.047,-0.025,0.036
-0.028,-0.045,-0.026,0.035
-0.027,-0.043,-0.026,0.034
-0.026,-0.041,-0.026,0.032
-0.026,-0.04,-0.026,0.03
-0.025,-0.038,-0.026,0.027
-0.024,-0.036,-0.026,0.024
-0.024,-0.035,-0.026,0.021
-0.023,-0.034,-0.026,0.018
-0.022,-0.032,-0.026,0.014
-0.022,-0.031,-0.026,0.011
-0.021,-0.03,-0.026,0.008
-0.021,-0.03,-0.026,0.005
-0.02,-0.029,-0.026,0.002
-0.02,-0.028,-0.025,-0.001
-0.02,-0.028,-0.025,-0.004
-0.019,-0.027,-0.025,-0.006
-0.019,-0.027,-0.025,-0.008
-0.018,-0.026,-0.025,-0.009
-0.018,-0.026,-0.024,-0.01
-0.018,-0.026,-0.024,-0.011
-0.017,-0.026,-0.024,-0.012
-0.017,-0.026,-0.024,-0.012
-0.016,-0.027,-0.023,-0.011
-0.016,-0.027,-0.023,-0.011
-0.015,-0.027,-0.023,-0.01
-0.015,-0.028,-0.023,-0.009
-0.014,-0.029,-0.022,-0.008
-0.014,-0.03,-0.022,-0.006
-0.013,-0.031,-0.022,-0.005
-0.013,-0.032,-0.022,-0.003
-0.012,-0.033,-0.022,-0.001
-0.012,-0.035,-0.021,0.001
-0.011,-0.036,-0.021,0.002
-0.011,-0.038,-0.021,0.004
-0.011,-0.039,-0.021,0.005
-0.011,-0.041,-0.021,0.006
-0.011,-0.043,-0.021,0.008
-0.012,-0.044,-0.021,0.008
-0.012,-0.046,-0.021,0.009
-0.013,-0.047,-0.021,0.01
-0.014,-0.049,-0.021,0.01
-0.015,-0.05,-0.021,0.01
-0.016,-0.051,-0.022,0.01
-0.018,-0.052,-0.022,0.01
-0.019,-0.053,-0.022,0.009
-0.021,-0.054,-0.023,0.008
-0.023,-0.054,-0.023,0.007
-0.024,-0.054,-0.024,0.006
-0.026,-0.054,-0.025,0.005
-0.028,-0.053,-0.025,0.004
-0.029,-0.053,-0.026,0.003
-0.031,-0.052,-0.027,0.001
-0.032,-0.051,-0.028,0
-0.033,-0.049,-0.029,-0.002
-0.034,-0.048,-0.029,-0.003
-0.035,-0.046,-0.03,-0.004
-0.035,-0.045,-0.031,-0.006
-0.035,-0.043,-0.032,-0.007
-0.035,-0.041,-0.033,-0.009
-0.034,-0.04,-0.034,-0.01
-0.033,-0.038,-0.035,-0.012
-0.032,-0.036,-0.035,-0.013
-0.03,-0.034,-0.036,-0.014
-0.028,-0.033,-0.037,-0.015
-0.026,-0.032,-0.038,-0.017
-0.024,-0.03,-0.039,-0.018
-0.022,-0.029,-0.039,-0.019
-0.019,-0.028,-0.04,-0.02
-0.017,-0.027,-0.041,-0.021
-0.014,-0.027,-0.041,-0.021
-0.012,-0.026,-0.042,-0.022
-0.01,-0.026,-0.042,-0.022
-0.007,-0.026,-0.042,-0.023
-0.005,-0.025,-0.043,-0.023
-0.004,-0.025,-0.043,-0.022
-0.002,-0.025,-0.043,-0.022
-0.001,-0.026,-0.043,-0.021
0,-0.026,-0.043,-0.021
0.001,-0.026,-0.043,-0.02
0.002,-0.026,-0.043,-0.018
0.002,-0.026,-0.043,-0.017
0.001,-0.027,-0.043,-0.015
0.001,-0.027,-0.042,-0.013
0,-0.027,-0.042,-0.011
-0.001,-0.027,-0.041,-0.008
-0.003,-0.027,-0.041,-0.006
-0.004,-0.027,-0.04,-0.003
-0.006,-0.027,-0.039,-0.001
-0.008,-0.026,-0.039,0.002
-0.011,-0.026,-0.038,0.004
-0.013,-0.025,-0.037,0.007
-0.016,-0.024,-0.036,0.009
-0.018,-0.023,-0.035,0.012
-0.021,-0.023,-0.034,0.014
-0.024,-0.022,-0.033,0.016
-0.027,-0.021,-0.032,0.018
-0.03,-0.02,-0.031,0.02
-0.033,-0.019,-0.029,0.021
-0.036,-0.018,-0.028,0.023
-0.039,-0.017,-0.027,0.024
-0.042,-0.017,-0.026,0.025
-0.044,-0.017,-0.025,0.025
-0.047,-0.016,-0.024,0.026
-0.049,-0.017,-0.023,0.026
-0.052,-0.017,-0.022,0.026
-0.054,-0.018,-0.021,0.026
-0.056,-0.019,-0.02,0.026
-0.057,-0.02,-0.019,0.025
-0.059,-0.022,-0.018,0.025
-0.06,-0.024,-0.017,0.024
-0.061,-0.026,-0.016,0.024
-0.062,-0.028,-0.016,0.023
-0.063,-0.031,-0.015,0.023
-0.063,-0.034,-0.014,0.022
-0.063,-0.037,-0.013,0.021
-0.063,-0.04,-0.013,0.021
-0.063,-0.043,-0.012,0.02
-0.062,-0.046,-0.011,0.02
-0.061,-0.049,-0.011,0.019
-0.06,-0.052,-0.01,0.019
-0.059,-0.055,-0.01,0.018
-0.058,-0.057,-0.009,0.018
-0.056,-0.06,-0.009,0.018
-0.054,-0.062,-0.008,0.017
-0.052,-0.063,-0.008,0.017
-0.051,-0.065,-0.007,0.016
-0.049,-0.066,-0.007,0.016
-0.047,-0.066,-0.007,0.015
-0.045,-0.066,-0.007,0.014
-0.043,-0.066,-0.006,0.014
-0.041,-0.065,-0.006,0.013
-0.039,-0.064,-0.006,0.012
-0.037,-0.063,-0.006,0.011
-0.035,-0.061,-0.006,0.01
-0.033,-0.059,-0.006,0.008
-0.031,-0.057,-0.006,0.007
-0.03,-0.054,-0.007,0.006
-0.028,-0.052,-0.007,0.004
-0.027,-0.049,-0.007,0.003
-0.025,-0.046,-0.008,0.001
-0.024,-0.043,-0.008,0
-0.023,-0.04,-0.009,-0.002
-0.022,-0.037,-0.009,-0.003
-0.021,-0.034,-0.01,-0.005
-0.021,-0.031,-0.01,-0.006
-0.02,-0.029,-0.011,-0.007
-0.019,-0.026,-0.012,-0.009
-0.019,-0.024,-0.012,-0.01
-0.019,-0.022,-0.013,-0.011
-0.018,-0.02,-0.014,-0.012
-0.018,-0.019,-0.014,-0.012
-0.018,-0.018,-0.015,-0.013
-0.018,-0.018,-0.016,-0.014
-0.019,-0.017,-0.016,-0.014
-0.019,-0.017,-0.016,-0.014
-0.02,-0.018,-0.017,-0.014
-0.02,-0.018,-0.017,-0.014
-0.021,-0.019,-0.017,-0.014
-0.022,-0.021,-0.017,-0.013
-0.023,-0.022,-0.017,-0.013
-0.024,-0.024,-0.017,-0.013
-0.025,-0.025,-0.017,-0.012
-0.026,-0.027,-0.017,-0.011
-0.028,-0.029,-0.016,-0.011
-0.03,-0.031,-0.016,-0.01
-0.031,-0.033,-0.015,-0.009
-0.033,-0.035,-0.015,-0.009
-0.035,-0.037,-0.014,-0.008
-0.037,-0.039,-0.014,-0.007
-0.039,-0.04,-0.013,-0.007
-0.041,-0.042,-0.012,-0.006
-0.043,-0.043,-0.012,-0.005
-0.045,-0.044,-0.011,-0.005
-0.047,-0.044,-0.01,-0.005
-0.049,-0.045,-0.01,-0.004
-0.051,-0.045,-0.009,-0.004
-0.053,-0.044,-0.009,-0.004
-0.054,-0.044,-0.008,-0.003
-0.056,-0.043,-0.008,-0.003
-0.057,-0.042,-0.008,-0.003
-0.058,-0.04,-0.008,-0.003
-0.059,-0.039,-0.007,-0.003
-0.059,-0.037,-0.007,-0.003
-0.06,-0.035,-0.007,-0.003
-0.06,-0.033,-0.007,-0.002
-0.059,-0.03,-0.008,-0.002
-0.059,-0.028,-0.008,-0.002
-0.058,-0.026,-0.008,-0.002
-0.057,-0.024,-0.008,-0.002
-0.056,-0.022,-0.009,-0.002
-0.054,-0.02,-0.009,-0.001
-0.053,-0.019,-0.01,-0.001
-0.051,-0.017,-0.011,-0.001
-0.049,-0.016,-0.011,-0.001
-0.047,-0.016,-0.012,-0.001
-0.045,-0.015,-0.013,-0.001
-0.043,-0.016,-0.014,-0.001
-0.041,-0.016,-0.014,0
-0.039,-0.017,-0.015,0
-0.037,-0.019,-0.016,-0.001
-0.035,-0.02,-0.017,-0.001
-0.033,-0.023,-0.018,-0.001
-0.031,-0.025,-0.019,-0.001
-0.03,-0.028,-0.02,-0.001
-0.029,-0.031,-0.021,-0.002
-0.028,-0.035,-0.021,-0.002
-0.027,-0.039,-0.022,-0.002
-0.026,-0.043,-0.023,-0.003
-0.025,-0.047,-0.024,-0.003
-0.025,-0.051,-0.024,-0.004
-0.025,-0.055,-0.025,-0.004
-0.025,-0.058,-0.025,-0.005
-0.025,-0.062,-0.026,-0.005
-0.026,-0.066,-0.026,-0.005
-0.027,-0.069,-0.026,-0.005
-0.027,-0.072,-0.026,-0.005
-0.028,-0.074,-0.026,-0.005
-0.029,-0.076,-0.026,-0.005
-0.03,-0.077,-0.026,-0.004
-0.031,-0.078,-0.026,-0.003
-0.032,-0.078,-0.025,-0.002
-0.034,-0.078,-0.025,-0.001
-0.035,-0.077,-0.024,0
-0.036,-0.075,-0.024,0.001
-0.037,-0.073,-0.023,0.003
-0.038,-0.07,-0.022,0.004
-0.04,-0.067,-0.021,0.006
-0.041,-0.063,-0.02,0.007
-0.042,-0.059,-0.019,0.009
-0.043,-0.055,-0.018,0.01
-0.043,-0.05,-0.017,0.012
-0.044,-0.045,-0.016,0.013
-0.045,-0.04,-0.014,0.014
-0.045,-0.035,-0.013,0.015
-0.046,-0.031,-0.012,0.015
-0.046,-0.026,-0.01,0.015
-0.046,-0.021,-0.008,0.016
-0.046,-0.017,-0.006,0.015
-0.045,-0.013,-0.005,0.015
-0.045,-0.01,-0.003,0.014
-0.044,-0.007,-0.001,0.013
-0.043,-0.004,0.001,0.012
-0.042,-0.003,0.003,0.011
-0.041,-0.001,0.005,0.009
-0.04,0,0.008,0.007
-0.038,0,0.01,0.006
-0.036,0.001,0.012,0.004
-0.035,0,0.014,0.002
-0.033,0,0.016,0
-0.031,-0.001,0.017,-0.002
-0.029,-0.002,0.019,-0.004
-0.026,-0.003,0.02,-0.005
-0.024,-0.004,0.022,-0.007
-0.022,-0.005,0.023,-0.008
-0.019,-0.006,0.024,-0.009
-0.017,-0.006,0.025,-0.01
-0.014,-0.007,0.025,-0.011
-0.012,-0.007,0.026,-0.011
-0.009,-0.006,0.026,-0.011
-0.007,-0.006,0.026,-0.01
-0.005,-0.005,0.026,-0.009
-0.002,-0.003,0.026,-0.008
0,-0.001,0.026,-0.006
0.002,0.001,0.026,-0.004
0.003,0.003,0.025,-0.002
0.005,0.006,0.025,0.001
0.006,0.009,0.025,0.004
0.007,0.012,0.025,0.008
0.008,0.015,0.024,0.012
0.009,0.018,0.024,0.016
0.01,0.022,0.025,0.02
0.01,0.025,0.025,0.025
0.01,0.028,0.025,0.029
0.01,0.031,0.026,0.034
0.01,0.034,0.027,0.039
0.009,0.037,0.028,0.044
0.009,0.04,0.029,0.049
0.009,0.042,0.03,0.054
0.008,0.044,0.032,0.058
0.007,0.046,0.034,0.063
0.007,0.048,0.036,0.067
0.007,0.049,0.038,0.071
0.006,0.05,0.04,0.075
0.006,0.052,0.042,0.079
0.006,0.052,0.045,0.082
0.006,0.053,0.047,0.085
0.006,0.054,0.05,0.088
0.007,0.055,0.052,0.09
0.007,0.055,0.055,0.092
0.008,0.055,0.057,0.094
0.01,0.056,0.06,0.095
0.011,0.056,0.062,0.096
0.013,0.057,0.065,0.097
0.014,0.057,0.067,0.098
0.017,0.057,0.069,0.099
0.019,0.058,0.071,0.099
0.021,0.058,0.073,0.099
0.024,0.058,0.075,0.1
0.026,0.059,0.076,0.1
0.029,0.059,0.078,0.101
0.032,0.059,0.079,0.101
0.034,0.059,0.08,0.101
0.037,0.06,0.081,0.102
0.04,0.06,0.082,0.102
0.042,0.06,0.083,0.103
0.045,0.06,0.083,0.103
0.047,0.061,0.084,0.104
0.049,0.061,0.084,0.105
0.051,0.061,0.084,0.105
0.053,0.061,0.084,0.106
0.055,0.061,0.083,0.107
0.056,0.062,0.083,0.107
0.057,0.062,0.082,0.108
0.058,0.062,0.081,0.108
0.059,0.063,0.08,0.109
0.06,0.063,0.079,0.109
0.06,0.063,0.078,0.109
0.061,0.064,0.077,0.109
0.061,0.064,0.076,0.108
0.061,0.065,0.075,0.108
0.061,0.065,0.074,0.107
0.061,0.066,0.072,0.106
0.062,0.066,0.071,0.105
0.062,0.067,0.07,0.104
0.062,0.067,0.069,0.103
0.062,0.067,0.068,0.101
0.063,0.068,0.067,0.1
0.063,0.068,0.067,0.098
0.064,0.068,0.066,0.096
0.065,0.068,0.066,0.095
0.066,0.068,0.066,0.093
0.068,0.068,0.066,0.091
0.069,0.068,0.066,0.089
0.071,0.068,0.066,0.088
0.072,0.068,0.067,0.086
0.074,0.068,0.067,0.084
0.076,0.067,0.068,0.083
0.078,0.067,0.069,0.082
0.08,0.067,0.07,0.08
0.083,0.066,0.071,0.079
0.085,0.066,0.073,0.078
0.087,0.066,0.074,0.077
0.088,0.065,0.075,0.076
0.09,0.065,0.077,0.076
0.092,0.065,0.078,0.075
0.093,0.065,0.079,0.075
0.094,0.065,0.081,0.074
0.095,0.065,0.082,0.074
0.096,0.065,0.083,0.074
0.097,0.065,0.085,0.074
0.097,0.065,0.086,0.074
0.097,0.065,0.087,0.075
0.096,0.065,0.088,0.075
0.096,0.065,0.089,0.075
0.095,0.064,0.089,0.075
0.094,0.064,0.09,0.076
0.093,0.064,0.09,0.076
0.091,0.064,0.09,0.076
0.09,0.063,0.09,0.077
0.088,0.063,0.09,0.077
0.086,0.062,0.09,0.077
0.084,0.061,0.089,0.077
0.082,0.061,0.088,0.077
0.08,0.06,0.087,0.077
0.077,0.059,0.086,0.076
0.075,0.058,0.085,0.076
0.073,0.057,0.084,0.075
0.071,0.056,0.082,0.075
0.069,0.056,0.081,0.074
0.067,0.055,0.079,0.073
0.066,0.054,0.077,0.072
0.064,0.053,0.076,0.071
0.063,0.052,0.074,0.07
0.062,0.052,0.072,0.069
0.06,0.051,0.07,0.067
0.06,0.051,0.069,0.066
0.059,0.05,0.067,0.065
0.058,0.05,0.066,0.064
0.058,0.05,0.065,0.063
0.058,0.05,0.063,0.062
0.058,0.05,0.063,0.061
0.058,0.05,0.062,0.06
0.058,0.05,0.061,0.06
0.058,0.051,0.061,0.059
0.058,0.051,0.061,0.058
0.059,0.051,0.061,0.057
0.059,0.052,0.062,0.057
0.059,0.052,0.062,0.056
0.059,0.053,0.063,0.056
0.06,0.053,0.063,0.055
0.06,0.053,0.064,0.054
0.06,0.054,0.065,0.053
0.06,0.054,0.065,0.053
0.06,0.054,0.066,0.052
0.059,0.053,0.066,0.051
0.059,0.053,0.067,0.049
0.059,0.052,0.067,0.048
0.058,0.051,0.067,0.047
0.057,0.049,0.066,0.045
0.057,0.048,0.066,0.044
0.056,0.046,0.065,0.042
0.055,0.043,0.063,0.04
0.054,0.041,0.062,0.038
0.052,0.038,0.06,0.036
0.051,0.035,0.058,0.034
0.05,0.031,0.055,0.032
0.048,0.027,0.052,0.029
0.047,0.023,0.049,0.027
0.045,0.019,0.046,0.024
0.044,0.015,0.042,0.022
0.042,0.011,0.039,0.019
0.041,0.007,0.035,0.016
0.039,0.002,0.03,0.013
0.037,-0.002,0.026,0.011
0.036,-0.006,0.022,0.008
0.034,-0.01,0.018,0.005
0.032,-0.014,0.014,0.002
0.03,-0.018,0.01,-0.001
0.028,-0.021,0.005,-0.004
0.027,-0.025,0.002,-0.007
0.025,-0.028,-0.002,-0.009
0.023,-0.03,-0.006,-0.012
0.021,-0.033,-0.009,-0.015
0.019,-0.035,-0.012,-0.017
0.017,-0.037,-0.015,-0.02
0.016,-0.039,-0.017,-0.022
0.014,-0.04,-0.02,-0.024
0.012,-0.041,-0.021,-0.026
0.01,-0.042,-0.023,-0.028
0.008,-0.043,-0.024,-0.03
0.006,-0.044,-0.025,-0.031
0.004,-0.044,-0.026,-0.033
0.003,-0.045,-0.026,-0.034
0.001,-0.045,-0.026,-0.035
-0.001,-0.045,-0.026,-0.036
-0.003,-0.045,-0.025,-0.037
-0.005,-0.045,-0.025,-0.038
-0.007,-0.045,-0.024,-0.038
-0.009,-0.045,-0.023,-0.039
-0.012,-0.045,-0.022,-0.04
-0.014,-0.045,-0.021,-0.04
-0.016,-0.045,-0.02,-0.041
-0.018,-0.045,-0.019,-0.041
-0.021,-0.045,-0.018,-0.042
-0.023,-0.045,-0.017,-0.043
-0.026,-0.045,-0.016,-0.043
-0.028,-0.045,-0.015,-0.044
-0.031,-0.044,-0.015,-0.045
-0.033,-0.044,-0.014,-0.045
-0.036,-0.044,-0.014,-0.046
-0.038,-0.044,-0.015,-0.047
-0.041,-0.044,-0.015,-0.048
-0.043,-0.044,-0.016,-0.049
-0.046,-0.044,-0.017,-0.05
-0.048,-0.044,-0.018,-0.051
-0.05,-0.044,-0.019,-0.052
-0.053,-0.044,-0.021,-0.053
-0.055,-0.045,-0.023,-0.054
-0.057,-0.045,-0.025,-0.055
-0.059,-0.045,-0.027,-0.056
-0.061,-0.046,-0.029,-0.057
-0.063,-0.046,-0.032,-0.058
-0.065,-0.047,-0.034,-0.059
-0.067,-0.048,-0.037,-0.06
-0.068,-0.049,-0.039,-0.061
-0.07,-0.05,-0.042,-0.062
-0.071,-0.051,-0.044,-0.062
-0.073,-0.052,-0.046,-0.063
-0.074,-0.054,-0.049,-0.064
-0.076,-0.056,-0.051,-0.064
-0.077,-0.058,-0.053,-0.065
-0.078,-0.06,-0.055,-0.065
-0.079,-0.062,-0.057,-0.066
-0.08,-0.064,-0.059,-0.067
-0.081,-0.067,-0.06,-0.067
-0.082,-0.07,-0.062,-0.068
-0.083,-0.072,-0.063,-0.069
-0.084,-0.075,-0.064,-0.07
-0.085,-0.078,-0.066,-0.07
-0.086,-0.08,-0.067,-0.071
-0.087,-0.083,-0.068,-0.073
-0.087,-0.086,-0.069,-0.074
-0.088,-0.088,-0.07,-0.075
-0.088,-0.091,-0.07,-0.076
-0.088,-0.093,-0.071,-0.078
-0.088,-0.095,-0.072,-0.079
-0.088,-0.097,-0.073,-0.08
-0.088,-0.099,-0.074,-0.082
-0.088,-0.1,-0.075,-0.083
-0.087,-0.102,-0.076,-0.085
-0.087,-0.103,-0.077,-0.086
-0.086,-0.104,-0.078,-0.088
-0.085,-0.105,-0.079,-0.089
-0.084,-0.106,-0.08,-0.09
-0.083,-0.106,-0.081,-0.091
-0.082,-0.107,-0.082,-0.092
-0.081,-0.107,-0.083,-0.093
-0.08,-0.107,-0.084,-0.094
-0.078,-0.108,-0.084,-0.094
-0.077,-0.108,-0.085,-0.095
-0.076,-0.108,-0.086,-0.095
-0.075,-0.108,-0.087,-0.096
-0.074,-0.108,-0.087,-0.096
-0.073,-0.108,-0.088,-0.096
-0.072,-0.108,-0.088,-0.096
-0.071,-0.108,-0.088,-0.096
-0.071,-0.108,-0.089,-0.096
-0.07,-0.108,-0.089,-0.096
-0.07,-0.108,-0.089,-0.097
-0.07,-0.107,-0.089,-0.097
-0.07,-0.107,-0.088,-0.097
-0.071,-0.106,-0.088,-0.097
-0.072,-0.106,-0.088,-0.098
-0.072,-0.105,-0.087,-0.098
-0.074,-0.103,-0.087,-0.099
-0.075,-0.102,-0.086,-0.1
-0.076,-0.101,-0.085,-0.101
-0.078,-0.099,-0.084,-0.102
-0.079,-0.097,-0.083,-0.103
-0.081,-0.095,-0.082,-0.104
-0.083,-0.092,-0.081,-0.105
-0.085,-0.09,-0.08,-0.106
-0.087,-0.087,-0.079,-0.107
-0.089,-0.085,-0.078,-0.108
-0.091,-0.082,-0.077,-0.109
-0.093,-0.079,-0.076,-0.11
-0.096,-0.077,-0.075,-0.111
-0.098,-0.075,-0.074,-0.111
-0.1,-0.072,-0.073,-0.111
-0.102,-0.071,-0.072,-0.112
-0.103,-0.069,-0.071,-0.111
-0.105,-0.068,-0.07,-0.111
-0.107,-0.067,-0.069,-0.111
-0.108,-0.067,-0.068,-0.11
-0.11,-0.068,-0.068,-0.109
-0.111,-0.068,-0.067,-0.107
-0.113,-0.07,-0.067,-0.106
-0.114,-0.071,-0.066,-0.104
-0.115,-0.074,-0.066,-0.102
-0.116,-0.077,-0.066,-0.099
-0.117,-0.08,-0.066,-0.097
-0.117,-0.083,-0.066,-0.095
-0.118,-0.087,-0.066,-0.092
-0.118,-0.091,-0.066,-0.089
-0.119,-0.096,-0.066,-0.087
-0.119,-0.1,-0.067,-0.084
-0.119,-0.105,-0.067,-0.081
-0.119,-0.109,-0.068,-0.079
-0.118,-0.113,-0.068,-0.076
-0.118,-0.118,-0.069,-0.074
-0.118,-0.121,-0.069,-0.071
-0.117,-0.125,-0.07,-0.069
-0.116,-0.128,-0.071,-0.068
-0.116,-0.13,-0.071,-0.066
-0.115,-0.132,-0.072,-0.064
-0.114,-0.134,-0.073,-0.063
-0.113,-0.135,-0.073,-0.062
-0.111,-0.135,-0.074,-0.062
-0.11,-0.135,-0.074,-0.061
-0.109,-0.134,-0.075,-0.061
-0.108,-0.132,-0.075,-0.061
-0.106,-0.13,-0.076,-0.061
-0.105,-0.128,-0.076,-0.062
-0.104,-0.125,-0.077,-0.063
-0.103,-0.121,-0.077,-0.064
-0.102,-0.117,-0.078,-0.066
-0.101,-0.113,-0.078,-0.067
-0.1,-0.109,-0.079,-0.069
-0.099,-0.104,-0.079,-0.071
-0.099,-0.1,-0.079,-0.073
-0.099,-0.095,-0.08,-0.076
-0.098,-0.091,-0.08,-0.078
-0.098,-0.087,-0.081,-0.081
-0.099,-0.082,-0.081,-0.084
-0.099,-0.079,-0.082,-0.086
-0.1,-0.075,-0.083,-0.089
-0.101,-0.072,-0.083,-0.092
-0.101,-0.069,-0.084,-0.095
-0.102,-0.067,-0.085,-0.097
-0.104,-0.065,-0.086,-0.1
-0.105,-0.064,-0.086,-0.102
-0.106,-0.063,-0.087,-0.105
-0.107,-0.062,-0.088,-0.107
-0.108,-0.062,-0.089,-0.109
-0.109,-0.062,-0.09,-0.111
-0.11,-0.063,-0.091,-0.112
-0.111,-0.065,-0.091,-0.114
-0.111,-0.066,-0.092,-0.115
-0.111,-0.068,-0.093,-0.116
-0.111,-0.071,-0.094,-0.117
-0.111,-0.073,-0.094,-0.118
-0.111,-0.076,-0.095,-0.118
-0.11,-0.079,-0.096,-0.119
-0.11,-0.083,-0.096,-0.119
-0.109,-0.087,-0.097,-0.119
-0.107,-0.09,-0.097,-0.119
-0.106,-0.095,-0.098,-0.119
-0.105,-0.099,-0.099,-0.119
-0.104,-0.103,-0.099,-0.119
-0.102,-0.107,-0.1,-0.119
-0.101,-0.112,-0.101,-0.119
-0.1,-0.116,-0.101,-0.119
-0.099,-0.121,-0.102,-0.119
-0.098,-0.125,-0.103,-0.119
-0.098,-0.129,-0.103,-0.119
-0.097,-0.133,-0.104,-0.119
-0.097,-0.137,-0.105,-0.119
-0.098,-0.14,-0.106,-0.119
-0.098,-0.144,-0.106,-0.119
-0.099,-0.146,-0.107,-0.119
-0.1,-0.149,-0.107,-0.119
-0.101,-0.151,-0.108,-0.119
-0.102,-0.152,-0.108,-0.119
-0.104,-0.153,-0.108,-0.118
-0.106,-0.153,-0.108,-0.117
-0.107,-0.153,-0.107,-0.116
-0.109,-0.152,-0.107,-0.115
-0.111,-0.15,-0.106,-0.114
-0.113,-0.148,-0.104,-0.112
-0.114,-0.146,-0.102,-0.11
-0.116,-0.142,-0.1,-0.107
-0.117,-0.138,-0.097,-0.104
-0.118,-0.134,-0.094,-0.1
-0.118,-0.129,-0.091,-0.097
-0.119,-0.123,-0.086,-0.092
-0.119,-0.117,-0.082,-0.088
-0.118,-0.111,-0.077,-0.083
-0.117,-0.104,-0.072,-0.077
-0.115,-0.097,-0.066,-0.072
-0.113,-0.09,-0.059,-0.065
-0.11,-0.082,-0.053,-0.059
-0.107,-0.075,-0.046,-0.053
-0.103,-0.067,-0.039,-0.046
-0.099,-0.059,-0.031,-0.039
-0.094,-0.051,-0.023,-0.032
-0.088,-0.043,-0.016,-0.024
-0.082,-0.035,-0.008,-0.017
-0.075,-0.027,0.001,-0.009
-0.068,-0.019,0.009,-0.002
-0.061,-0.012,0.017,0.006
-0.052,-0.004,0.025,0.014
-0.044,0.004,0.033,0.021
-0.035,0.011,0.041,0.029
-0.026,0.019,0.049,0.037
-0.016,0.026,0.057,0.045
-0.006,0.033,0.064,0.052
0.004,0.041,0.072,0.06
0.014,0.048,0.079,0.068
0.024,0.055,0.086,0.076
0.034,0.063,0.093,0.084
0.044,0.07,0.1,0.091
0.054,0.077,0.106,0.099
0.064,0.085,0.112,0.106
0.073,0.093,0.118,0.114
0.083,0.1,0.124,0.121
0.092,0.108,0.13,0.128
0.1,0.116,0.135,0.135
0.108,0.123,0.14,0.142
0.116,0.131,0.145,0.148
0.123,0.139,0.15,0.154
0.13,0.146,0.154,0.16
0.136,0.153,0.159,0.165
0.141,0.16,0.163,0.17
0.146,0.166,0.166,0.175
0.15,0.171,0.17,0.178
0.153,0.176,0.173,0.182
0.155,0.18,0.176,0.184
0.157,0.183,0.178,0.186
0.158,0.185,0.18,0.187
0.158,0.186,0.182,0.187
0.158,0.185,0.183,0.187
0.156,0.184,0.184,0.185
0.154,0.18,0.184,0.182
0.151,0.176,0.184,0.179
0.147,0.17,0.183,0.174
0.142,0.162,0.181,0.169
0.137,0.153,0.179,0.162
0.13,0.142,0.176,0.154
0.123,0.13,0.172,0.146
0.115,0.117,0.167,0.136
0.106,0.103,0.162,0.126
0.097,0.087,0.156,0.114
0.086,0.071,0.15,0.102
0.075,0.055,0.142,0.089
0.064,0.037,0.134,0.075
0.052,0.02,0.125,0.061
0.039,0.002,0.116,0.046
0.026,-0.015,0.106,0.031
0.013,-0.032,0.096,0.016
-0.001,-0.049,0.085,0
-0.014,-0.064,0.074,-0.015
-0.028,-0.079,0.063,-0.03
-0.042,-0.093,0.052,-0.045
-0.055,-0.105,0.04,-0.06
-0.068,-0.117,0.029,-0.074
-0.081,-0.127,0.018,-0.088
-0.093,-0.135,0.007,-0.101
-0.105,-0.142,-0.004,-0.113
-0.116,-0.147,-0.014,-0.124
-0.126,-0.151,-0.023,-0.135
-0.136,-0.154,-0.032,-0.144
-0.144,-0.155,-0.041,-0.153
-0.152,-0.155,-0.049,-0.161
-0.159,-0.154,-0.056,-0.168
-0.164,-0.152,-0.062,-0.173
-0.169,-0.149,-0.068,-0.178
-0.172,-0.145,-0.073,-0.182
-0.175,-0.141,-0.077,-0.185
-0.177,-0.136,-0.081,-0.188
-0.178,-0.131,-0.084,-0.189
-0.178,-0.126,-0.087,-0.19
-0.177,-0.121,-0.089,-0.19
-0.176,-0.116,-0.091,-0.189
-0.174,-0.111,-0.092,-0.189
-0.172,-0.106,-0.094,-0.187
-0.169,-0.102,-0.094,-0.185
-0.166,-0.098,-0.095,-0.183
-0.163,-0.095,-0.095,-0.181
-0.16,-0.092,-0.096,-0.179
-0.158,-0.09,-0.096,-0.176
-0.155,-0.088,-0.097,-0.174
-0.152,-0.087,-0.097,-0.171
-0.15,-0.086,-0.097,-0.168
-0.149,-0.086,-0.098,-0.165
-0.148,-0.087,-0.099,-0.163
-0.147,-0.087,-0.099,-0.16
-0.147,-0.088,-0.1,-0.158
-0.147,-0.09,-0.101,-0.155
-0.148,-0.091,-0.102,-0.153
-0.15,-0.093,-0.104,-0.15
-0.152,-0.094,-0.105,-0.148
-0.155,-0.096,-0.106,-0.146
-0.158,-0.097,-0.108,-0.144
-0.161,-0.099,-0.109,-0.142
-0.165,-0.1,-0.11,-0.14
-0.169,-0.101,-0.112,-0.138
-0.173,-0.102,-0.113,-0.136
-0.177,-0.102,-0.114,-0.134
-0.181,-0.102,-0.115,-0.132
-0.185,-0.102,-0.115,-0.13
-0.189,-0.102,-0.116,-0.129
-0.193,-0.101,-0.116,-0.127
-0.196,-0.1,-0.116,-0.125
-0.199,-0.098,-0.116,-0.123
-0.201,-0.097,-0.116,-0.121
-0.203,-0.095,-0.115,-0.119
-0.204,-0.092,-0.114,-0.117
-0.204,-0.09,-0.113,-0.114
-0.204,-0.087,-0.112,-0.112
-0.203,-0.084,-0.11,-0.11
-0.202,-0.081,-0.109,-0.107
-0.2,-0.078,-0.107,-0.104
-0.197,-0.075,-0.104,-0.102
-0.194,-0.071,-0.102,-0.098
-0.19,-0.068,-0.1,-0.095
-0.186,-0.064,-0.097,-0.092
-0.181,-0.061,-0.095,-0.089
-0.176,-0.057,-0.092,-0.085
-0.171,-0.054,-0.09,-0.081
-0.165,-0.051,-0.087,-0.078
-0.159,-0.048,-0.085,-0.074
-0.153,-0.045,-0.083,-0.07
-0.147,-0.042,-0.08,-0.066
-0.141,-0.039,-0.078,-0.063
-0.135,-0.037,-0.077,-0.059
-0.129,-0.035,-0.075,-0.055
-0.123,-0.033,-0.073,-0.052
-0.118,-0.032,-0.072,-0.049
-0.112,-0.03,-0.071,-0.047
-0.107,-0.029,-0.07,-0.044
-0.103,-0.029,-0.07,-0.042
-0.099,-0.028,-0.07,-0.041
-0.095,-0.028,-0.069,-0.039
-0.092,-0.028,-0.07,-0.038
-0.089,-0.029,-0.07,-0.038
-0.086,-0.029,-0.07,-0.038
-0.084,-0.03,-0.071,-0.038
-0.083,-0.031,-0.072,-0.039
-0.081,-0.032,-0.073,-0.04
-0.081,-0.034,-0.074,-0.042
-0.08,-0.035,-0.075,-0.043
-0.08,-0.036,-0.076,-0.045
-0.08,-0.038,-0.078,-0.048
-0.081,-0.039,-0.079,-0.05
-0.082,-0.041,-0.08,-0.052
-0.083,-0.042,-0.081,-0.055
-0.084,-0.044,-0.082,-0.057
-0.085,-0.045,-0.083,-0.06
-0.086,-0.046,-0.084,-0.062
-0.088,-0.047,-0.085,-0.064
-0.089,-0.048,-0.086,-0.066
-0.091,-0.048,-0.087,-0.068
-0.092,-0.049,-0.087,-0.069
-0.093,-0.049,-0.087,-0.071
-0.095,-0.049,-0.087,-0.072
-0.096,-0.048,-0.087,-0.072
-0.097,-0.048,-0.087,-0.073
-0.098,-0.047,-0.086,-0.073
-0.1,-0.047,-0.085,-0.073
-0.101,-0.046,-0.084,-0.072
-0.102,-0.044,-0.083,-0.072
-0.102,-0.043,-0.082,-0.071
-0.103,-0.042,-0.08,-0.07
-0.104,-0.04,-0.078,-0.068
-0.105,-0.039,-0.076,-0.067
-0.106,-0.037,-0.074,-0.065
-0.106,-0.036,-0.072,-0.063
-0.107,-0.034,-0.07,-0.061
-0.108,-0.033,-0.067,-0.059
-0.108,-0.032,-0.064,-0.057
-0.109,-0.031,-0.062,-0.054
-0.11,-0.03,-0.059,-0.052
-0.11,-0.029,-0.056,-0.05
-0.111,-0.028,-0.054,-0.048
-0.112,-0.027,-0.051,-0.046
-0.113,-0.027,-0.048,-0.044
-0.113,-0.027,-0.046,-0.042
-0.114,-0.026,-0.044,-0.041
-0.115,-0.026,-0.041,-0.039
-0.115,-0.027,-0.04,-0.038
-0.116,-0.027,-0.038,-0.037
-0.117,-0.027,-0.036,-0.036
-0.117,-0.028,-0.035,-0.035
-0.118,-0.028,-0.034,-0.034
-0.118,-0.029,-0.033,-0.034
-0.119,-0.029,-0.033,-0.034
-0.119,-0.029,-0.032,-0.034
-0.119,-0.03,-0.032,-0.034
-0.12,-0.03,-0.033,-0.034
-0.12,-0.03,-0.033,-0.034
-0.12,-0.03,-0.034,-0.035
-0.119,-0.029,-0.035,-0.036
-0.119,-0.029,-0.036,-0.037
-0.118,-0.028,-0.037,-0.038
-0.118,-0.027,-0.039,-0.039
-0.117,-0.026,-0.04,-0.04
-0.116,-0.024,-0.042,-0.041
-0.115,-0.023,-0.044,-0.042
-0.114,-0.021,-0.046,-0.043
-0.112,-0.02,-0.047,-0.044
-0.111,-0.018,-0.049,-0.045
-0.109,-0.016,-0.05,-0.046
-0.107,-0.015,-0.052,-0.047
-0.105,-0.013,-0.053,-0.047
-0.104,-0.012,-0.054,-0.048
-0.102,-0.01,-0.055,-0.049
-0.1,-0.009,-0.055,-0.049
-0.098,-0.009,-0.056,-0.05
-0.096,-0.008,-0.056,-0.05
-0.094,-0.008,-0.055,-0.05
-0.092,-0.008,-0.055,-0.05
-0.09,-0.009,-0.054,-0.05
-0.088,-0.01,-0.053,-0.05
-0.086,-0.011,-0.051,-0.05
-0.085,-0.013,-0.05,-0.05
-0.083,-0.015,-0.048,-0.049
-0.082,-0.017,-0.046,-0.049
-0.081,-0.019,-0.043,-0.048
-0.08,-0.022,-0.041,-0.048
-0.079,-0.024,-0.039,-0.047
-0.078,-0.027,-0.036,-0.047
-0.078,-0.03,-0.034,-0.047
-0.078,-0.033,-0.031,-0.046
-0.078,-0.035,-0.029,-0.046
-0.078,-0.038,-0.027,-0.045
-0.078,-0.04,-0.025,-0.045
-0.079,-0.042,-0.023,-0.045
-0.079,-0.044,-0.021,-0.044
-0.08,-0.045,-0.019,-0.044
-0.081,-0.047,-0.018,-0.044
-0.082,-0.047,-0.017,-0.044
-0.083,-0.048,-0.016,-0.044
-0.085,-0.048,-0.015,-0.044
-0.086,-0.048,-0.014,-0.044
-0.087,-0.048,-0.014,-0.044
-0.089,-0.047,-0.014,-0.044
-0.09,-0.046,-0.013,-0.044
-0.092,-0.045,-0.013,-0.044
-0.093,-0.043,-0.013,-0.044
-0.094,-0.042,-0.013,-0.044
-0.095,-0.04,-0.013,-0.044
-0.096,-0.038,-0.014,-0.043
-0.097,-0.037,-0.014,-0.043
-0.098,-0.035,-0.013,-0.042
-0.098,-0.034,-0.013,-0.041
-0.098,-0.032,-0.013,-0.039
-0.098,-0.031,-0.012,-0.038
-0.098,-0.029,-0.012,-0.036
-0.098,-0.028,-0.011,-0.034
-0.097,-0.027,-0.01,-0.032
-0.096,-0.026,-0.009,-0.03
-0.095,-0.026,-0.008,-0.027
-0.094,-0.025,-0.007,-0.024
-0.092,-0.025,-0.006,-0.022
-0.09,-0.024,-0.004,-0.019
-0.088,-0.024,-0.003,-0.016
-0.086,-0.024,-0.002,-0.013
-0.083,-0.024,0,-0.011
-0.081,-0.024,0.001,-0.008
-0.078,-0.024,0.002,-0.006
-0.076,-0.024,0.004,-0.004
-0.073,-0.024,0.004,-0.002
-0.07,-0.024,0.005,-0.001
-0.067,-0.023,0.006,0
-0.065,-0.023,0.006,0.001
-0.062,-0.023,0.006,0.001
-0.06,-0.022,0.006,0.001
-0.058,-0.022,0.005,0
-0.056,-0.021,0.005,-0.001
-0.054,-0.02,0.004,-0.002
-0.053,-0.019,0.002,-0.004
-0.051,-0.018,0.001,-0.007
-0.051,-0.017,-0.001,-0.009
-0.05,-0.016,-0.003,-0.012
-0.05,-0.015,-0.005,-0.015
-0.05,-0.013,-0.007,-0.018
-0.05,-0.012,-0.009,-0.022
-0.05,-0.011,-0.011,-0.025
-0.051,-0.009,-0.013,-0.028
-0.052,-0.008,-0.015,-0.032
-0.053,-0.007,-0.017,-0.035
-0.054,-0.005,-0.019,-0.037
-0.056,-0.004,-0.02,-0.04
-0.057,-0.002,-0.021,-0.042
-0.058,-0.001,-0.022,-0.044
-0.06,0.001,-0.023,-0.045
-0.061,0.002,-0.023,-0.046
-0.062,0.004,-0.022,-0.047
-0.063,0.005,-0.022,-0.047
-0.063,0.007,-0.021,-0.047
-0.063,0.008,-0.019,-0.046
-0.063,0.01,-0.018,-0.045
-0.063,0.011,-0.016,-0.044
-0.062,0.013,-0.013,-0.042
-0.061,0.014,-0.011,-0.04
-0.059,0.015,-0.008,-0.038
-0.058,0.017,-0.006,-0.035
-0.056,0.018,-0.003,-0.033
-0.054,0.019,0,-0.03
-0.051,0.02,0.003,-0.027
-0.049,0.02,0.005,-0.024
-0.046,0.021,0.008,-0.022
-0.043,0.021,0.01,-0.019
-0.041,0.021,0.012,-0.017
-0.038,0.02,0.014,-0.014
-0.035,0.02,0.016,-0.012
-0.033,0.019,0.017,-0.01
-0.031,0.018,0.018,-0.008
-0.029,0.016,0.018,-0.006
-0.027,0.014,0.019,-0.005
-0.025,0.012,0.018,-0.004
-0.024,0.01,0.018,-0.003
-0.023,0.008,0.017,-0.003
-0.022,0.006,0.016,-0.002
-0.022,0.004,0.015,-0.002
-0.022,0.002,0.013,-0.002
-0.022,0,0.012,-0.002
-0.022,-0.002,0.01,-0.002
-0.023,-0.003,0.008,-0.002
-0.023,-0.004,0.005,-0.003
-0.024,-0.005,0.003,-0.003
-0.025,-0.005,0.001,-0.003
-0.026,-0.005,-0.001,-0.003
-0.027,-0.005,-0.003,-0.003
-0.028,-0.004,-0.005,-0.002
-0.028,-0.002,-0.007,-0.002
-0.029,0,-0.009,-0.001
-0.029,0.002,-0.011,0
-0.03,0.005,-0.012,0.001
-0.03,0.008,-0.013,0.003
-0.029,0.011,-0.014,0.005
-0.029,0.014,-0.015,0.007
-0.028,0.017,-0.016,0.01
-0.027,0.021,-0.016,0.012
-0.025,0.024,-0.016,0.015
-0.024,0.027,-0.016,0.018
-0.022,0.03,-0.016,0.021
-0.02,0.033,-0.016,0.024
-0.017,0.035,-0.015,0.027
-0.015,0.036,-0.015,0.03
-0.012,0.038,-0.014,0.032
-0.01,0.038,-0.013,0.035
-0.007,0.038,-0.012,0.037
-0.004,0.038,-0.011,0.039
-0.001,0.037,-0.009,0.041
0.001,0.035,-0.008,0.042
0.004,0.033,-0.006,0.043
0.006,0.031,-0.005,0.044
0.008,0.028,-0.003,0.044
0.01,0.025,-0.001,0.044
0.012,0.022,0.001,0.043
0.013,0.018,0.003,0.042
0.014,0.015,0.005,0.04
0.014,0.011,0.007,0.038
0.015,0.008,0.009,0.036
0.015,0.004,0.011,0.033
0.014,0.001,0.013,0.031
0.013,-0.001,0.015,0.028
0.013,-0.003,0.017,0.025
0.011,-0.005,0.019,0.022
0.01,-0.007,0.021,0.019
0.009,-0.007,0.023,0.016
0.007,-0.008,0.025,0.014
0.005,-0.008,0.027,0.011
0.004,-0.007,0.029,0.009
0.002,-0.006,0.03,0.007
0.001,-0.004,0.032,0.006
0,-0.002,0.033,0.005
-0.002,0,0.035,0.004
-0.002,0.002,0.036,0.004
-0.003,0.005,0.037,0.004
-0.003,0.008,0.038,0.004
-0.003,0.011,0.039,0.005
-0.003,0.014,0.039,0.006
-0.002,0.017,0.04,0.008
-0.001,0.02,0.04,0.009
0,0.023,0.04,0.011
0.002,0.025,0.04,0.014
0.004,0.028,0.04,0.016
0.006,0.03,0.04,0.019
0.008,0.032,0.039,0.021
0.01,0.033,0.039,0.024
0.013,0.035,0.038,0.026
0.015,0.036,0.037,0.029
0.018,0.036,0.036,0.031
0.02,0.037,0.035,0.034
0.022,0.037,0.034,0.036
0.024,0.037,0.032,0.038
0.026,0.037,0.031,0.04
0.028,0.036,0.029,0.042
0.029,0.036,0.028,0.044
0.03,0.035,0.026,0.045
0.031,0.034,0.025,0.046
0.031,0.034,0.023,0.048
0.032,0.033,0.022,0.049
0.032,0.032,0.02,0.049
0.031,0.031,0.019,0.05
0.031,0.031,0.017,0.051
0.03,0.03,0.016,0.051
0.029,0.03,0.015,0.052
0.029,0.03,0.014,0.052
0.028,0.03,0.013,0.053
0.027,0.03,0.013,0.053
0.026,0.031,0.012,0.054
0.025,0.031,0.012,0.054
0.024,0.032,0.012,0.055
0.023,0.033,0.012,0.056
0.023,0.035,0.012,0.057
0.022,0.036,0.013,0.058
0.022,0.038,0.013,0.06
0.022,0.039,0.014,0.061
0.022,0.041,0.016,0.063
0.023,0.043,0.017,0.065
0.023,0.045,0.019,0.067
0.024,0.046,0.021,0.069
0.025,0.048,0.023,0.071
0.025,0.05,0.025,0.074
0.027,0.051,0.028,0.076
0.028,0.053,0.03,0.079
0.029,0.054,0.033,0.081
0.03,0.055,0.036,0.084
0.032,0.056,0.039,0.086
0.033,0.056,0.042,0.089
0.034,0.057,0.045,0.091
0.035,0.057,0.048,0.093
0.037,0.056,0.051,0.096
0.038,0.056,0.054,0.098
0.039,0.055,0.057,0.099
0.04,0.055,0.06,0.101
0.04,0.054,0.063,0.102
0.041,0.053,0.065,0.103
0.041,0.051,0.068,0.104
0.042,0.05,0.07,0.105
0.042,0.049,0.073,0.106
0.042,0.047,0.075,0.106
0.043,0.046,0.076,0.106
0.043,0.045,0.078,0.107
0.043,0.044,0.079,0.106
0.043,0.042,0.08,0.106
0.043,0.041,0.081,0.106
0.043,0.04,0.081,0.106
0.043,0.04,0.081,0.106
0.043,0.039,0.081,0.105
0.043,0.039,0.081,0.105
0.043,0.038,0.08,0.105
0.043,0.038,0.08,0.105
0.044,0.038,0.079,0.105
0.045,0.039,0.077,0.105
0.045,0.039,0.076,0.105
0.046,0.039,0.075,0.105
0.047,0.04,0.073,0.106
0.048,0.041,0.072,0.106
0.05,0.042,0.07,0.107
0.051,0.042,0.068,0.108
0.053,0.043,0.067,0.109
0.054,0.044,0.065,0.11
0.056,0.045,0.063,0.111
0.058,0.046,0.062,0.112
0.059,0.047,0.06,0.113
0.061,0.048,0.059,0.114
0.063,0.049,0.058,0.116
0.065,0.05,0.057,0.117
0.067,0.05,0.056,0.118
0.068,0.051,0.055,0.12
0.07,0.051,0.054,0.121
0.071,0.052,0.054,0.123
0.072,0.052,0.053,0.124
0.073,0.052,0.053,0.126
0.074,0.052,0.053,0.127
0.075,0.052,0.053,0.129
0.076,0.052,0.053,0.13
0.076,0.052,0.054,0.132
0.077,0.053,0.054,0.133
0.077,0.053,0.055,0.135
0.077,0.053,0.056,0.136
0.077,0.053,0.057,0.137
0.077,0.054,0.058,0.139
0.076,0.055,0.059,0.14
0.076,0.055,0.061,0.141
0.075,0.056,0.062,0.143
0.075,0.057,0.064,0.144
0.074,0.059,0.066,0.144
0.074,0.06,0.068,0.145
0.073,0.062,0.07,0.146
0.072,0.064,0.072,0.146
0.072,0.066,0.074,0.146
0.071,0.068,0.076,0.146
0.071,0.07,0.079,0.146
0.07,0.073,0.081,0.146
0.07,0.075,0.084,0.145
0.069,0.078,0.086,0.145
0.069,0.081,0.089,0.144
0.069,0.084,0.091,0.143
0.069,0.086,0.094,0.142
0.069,0.089,0.096,0.14
0.069,0.092,0.098,0.139
0.069,0.094,0.1,0.138
0.07,0.096,0.102,0.136
0.07,0.099,0.104,0.135
0.071,0.101,0.106,0.133
0.071,0.102,0.107,0.132
0.072,0.104,0.108,0.13
0.073,0.105,0.109,0.129
0.074,0.106,0.11,0.128
0.074,0.107,0.111,0.127
0.075,0.108,0.111,0.126
0.077,0.108,0.111,0.126
0.078,0.108,0.111,0.125
0.079,0.108,0.111,0.125
0.08,0.107,0.11,0.125
0.081,0.106,0.109,0.125
0.082,0.105,0.109,0.125
0.084,0.104,0.108,0.125
0.085,0.103,0.106,0.126
0.086,0.102,0.105,0.126
0.087,0.101,0.104,0.127
0.089,0.099,0.103,0.128
0.09,0.098,0.101,0.128
0.091,0.097,0.1,0.129
0.092,0.096,0.099,0.13
0.093,0.095,0.098,0.13
0.094,0.094,0.097,0.131
0.095,0.094,0.095,0.131
0.096,0.094,0.095,0.131
0.097,0.093,0.094,0.131
0.098,0.093,0.093,0.131
0.099,0.094,0.092,0.131
0.099,0.094,0.092,0.131
0.1,0.094,0.092,0.13
0.101,0.095,0.092,0.129
0.101,0.096,0.092,0.128
0.102,0.096,0.092,0.127
0.102,0.097,0.093,0.125
0.102,0.098,0.093,0.124
0.103,0.099,0.094,0.122
0.103,0.1,0.095,0.12
0.103,0.1,0.096,0.117
0.103,0.101,0.097,0.115
0.103,0.102,0.098,0.112
0.103,0.102,0.1,0.11
0.103,0.102,0.101,0.107
0.103,0.102,0.103,0.104
0.102,0.102,0.104,0.101
0.102,0.102,0.106,0.098
0.102,0.102,0.107,0.096
0.102,0.101,0.109,0.093
0.102,0.101,0.11,0.09
0.101,0.1,0.112,0.088
0.101,0.099,0.113,0.085
0.101,0.098,0.115,0.083
0.101,0.097,0.116,0.081
0.101,0.096,0.117,0.08
0.101,0.095,0.118,0.078
0.101,0.094,0.119,0.077
0.101,0.093,0.119,0.075
0.102,0.093,0.12,0.074
0.102,0.092,0.12,0.074
0.103,0.091,0.12,0.073
0.103,0.091,0.119,0.072
0.104,0.091,0.119,0.072
0.104,0.091,0.118,0.071
0.105,0.091,0.118,0.071
0.106,0.091,0.117,0.071
0.107,0.092,0.115,0.07
0.108,0.093,0.114,0.07
0.108,0.094,0.112,0.069
0.109,0.095,0.111,0.069
0.11,0.097,0.109,0.068
0.11,0.098,0.107,0.067
0.111,0.1,0.105,0.066
0.111,0.102,0.103,0.065
0.111,0.104,0.101,0.063
0.111,0.107,0.099,0.062
0.111,0.109,0.096,0.06
0.111,0.112,0.094,0.058
0.111,0.114,0.092,0.056
0.11,0.117,0.09,0.053
0.109,0.12,0.087,0.051
0.109,0.123,0.085,0.049
0.108,0.125,0.083,0.046
0.107,0.128,0.081,0.044
0.106,0.131,0.079,0.041
0.104,0.133,0.077,0.039
0.103,0.136,0.075,0.036
0.102,0.138,0.073,0.034
0.101,0.14,0.071,0.031
0.1,0.142,0.069,0.029
0.099,0.144,0.068,0.027
0.098,0.146,0.066,0.025
0.098,0.147,0.065,0.023
0.097,0.149,0.063,0.021
0.097,0.15,0.062,0.02
0.097,0.151,0.061,0.018
0.097,0.152,0.06,0.017
0.098,0.153,0.06,0.016
0.098,0.154,0.059,0.014
0.099,0.155,0.059,0.013
0.1,0.156,0.059,0.012
0.101,0.156,0.058,0.012
0.102,0.157,0.059,0.011
0.104,0.157,0.059,0.01
0.105,0.157,0.059,0.009
0.107,0.157,0.06,0.009
0.108,0.157,0.06,0.008
0.11,0.157,0.061,0.008
0.111,0.157,0.062,0.007
0.112,0.156,0.062,0.007
0.114,0.156,0.063,0.006
0.115,0.155,0.064,0.006
0.116,0.153,0.065,0.005
0.117,0.152,0.066,0.005
0.117,0.15,0.067,0.005
0.118,0.148,0.068,0.004
0.118,0.146,0.068,0.004
0.118,0.143,0.069,0.003
0.118,0.14,0.069,0.003
0.117,0.137,0.07,0.002
0.116,0.134,0.07,0.002
0.115,0.13,0.07,0.001
0.114,0.127,0.07,0.001
0.113,0.123,0.07,0
0.111,0.119,0.07,-0.001
0.11,0.114,0.07,-0.001
0.108,0.11,0.069,-0.002
0.106,0.106,0.069,-0.004
0.104,0.102,0.068,-0.005
0.101,0.098,0.067,-0.006
0.099,0.095,0.066,-0.008
0.097,0.091,0.065,-0.01
0.094,0.088,0.063,-0.011
0.092,0.085,0.062,-0.014
0.089,0.083,0.06,-0.016
0.087,0.08,0.058,-0.018
0.084,0.079,0.056,-0.02
0.082,0.077,0.054,-0.023
0.079,0.076,0.052,-0.025
0.077,0.075,0.05,-0.028
0.075,0.075,0.048,-0.03
0.072,0.075,0.045,-0.033
0.07,0.075,0.043,-0.035
0.068,0.076,0.04,-0.037
0.066,0.076,0.038,-0.039
0.064,0.077,0.035,-0.041
0.062,0.079,0.032,-0.043
0.06,0.08,0.03,-0.044
0.059,0.082,0.027,-0.045
0.057,0.083,0.025,-0.046
0.056,0.085,0.022,-0.047
0.055,0.086,0.02,-0.047
0.054,0.088,0.017,-0.047
0.053,0.089,0.015,-0.047
0.052,0.091,0.013,-0.047
0.051,0.092,0.011,-0.046
0.051,0.093,0.009,-0.045
0.051,0.093,0.007,-0.044
0.051,0.094,0.005,-0.042
0.051,0.094,0.004,-0.041
0.052,0.094,0.002,-0.039
0.052,0.094,0.001,-0.038
0.053,0.093,0,-0.036
0.054,0.092,-0.001,-0.034
0.054,0.09,-0.002,-0.032
0.056,0.089,-0.003,-0.03
0.057,0.086,-0.004,-0.028
0.058,0.084,-0.004,-0.026
0.059,0.081,-0.005,-0.025
0.06,0.078,-0.005,-0.023
0.061,0.074,-0.005,-0.022
0.062,0.07,-0.005,-0.021
0.063,0.066,-0.006,-0.019
0.063,0.062,-0.005,-0.019
0.064,0.057,-0.005,-0.018
0.064,0.052,-0.005,-0.017
0.064,0.047,-0.005,-0.017
0.064,0.042,-0.005,-0.017
0.064,0.037,-0.005,-0.017
0.063,0.033,-0.004,-0.017
0.062,0.028,-0.004,-0.018
0.061,0.023,-0.004,-0.018
0.06,0.019,-0.004,-0.019
0.059,0.015,-0.004,-0.02
0.057,0.012,-0.004,-0.021
0.055,0.009,-0.004,-0.022
0.053,0.006,-0.004,-0.024
0.051,0.004,-0.004,-0.025
0.049,0.003,-0.004,-0.026
0.047,0.002,-0.005,-0.028
0.045,0.002,-0.005,-0.029
0.043,0.002,-0.006,-0.03
0.041,0.003,-0.007,-0.032
0.039,0.005,-0.007,-0.033
0.037,0.007,-0.008,-0.034
0.036,0.01,-0.009,-0.035
0.035,0.013,-0.011,-0.036
0.034,0.016,-0.012,-0.037
0.033,0.02,-0.013,-0.037
0.032,0.025,-0.015,-0.038
0.031,0.029,-0.016,-0.038
0.031,0.034,-0.018,-0.038
0.031,0.039,-0.019,-0.038
0.031,0.044,-0.021,-0.037
0.032,0.049,-0.022,-0.037
0.032,0.054,-0.024,-0.036
0.033,0.059,-0.025,-0.035
0.034,0.063,-0.027,-0.034
0.034,0.068,-0.028,-0.033
0.035,0.072,-0.03,-0.032
0.036,0.076,-0.031,-0.031
0.037,0.079,-0.033,-0.029
0.038,0.082,-0.034,-0.028
0.038,0.085,-0.035,-0.026
0.039,0.087,-0.036,-0.025
0.04,0.089,-0.037,-0.024
0.04,0.09,-0.038,-0.022
0.041,0.091,-0.039,-0.021
0.041,0.091,-0.04,-0.02
0.041,0.091,-0.041,-0.019
0.042,0.09,-0.041,-0.018
0.042,0.089,-0.042,-0.017
0.042,0.087,-0.043,-0.016
0.042,0.085,-0.043,-0.016
0.042,0.082,-0.044,-0.016
0.041,0.079,-0.044,-0.015
0.041,0.076,-0.045,-0.015
0.041,0.072,-0.046,-0.015
0.04,0.068,-0.046,-0.015
0.04,0.063,-0.047,-0.015
0.039,0.059,-0.048,-0.015
0.039,0.054,-0.049,-0.015
0.038,0.049,-0.05,-0.016
0.038,0.044,-0.051,-0.016
0.037,0.039,-0.052,-0.016
0.036,0.034,-0.053,-0.016
0.036,0.03,-0.054,-0.016
0.035,0.025,-0.055,-0.016
0.034,0,-0.056,-0.017
0.033,0,-0.057,-0.016
0.032,0,-0.058,-0.016
0.031,0,-0.059,-0.016
0.03,0,-0.06,-0.016
0.029,0,-0.06,-0.016
0.027,0,-0.061,-0.015
0.026,0,-0.061,-0.015
0.025,0,-0.061,0
0.023,0,-0.062,0
0.022,0,-0.062,0
0.021,0,-0.061,0
0.019,0,-0.061,0
0.018,0,-0.061,0
0.017,0,-0.06,0
0.016,0,-0.059,0
0.015,0,-0.059,0
0.014,0,-0.058,0
0.013,0,-0.057,0
0.013,0,-0.056,0
0.012,0,-0.055,0
0.012,0,-0.054,0
0.012,0,-0.052,0
0.012,0,-0.051,0
0.012,0,0,0
0.013,0,0,0
0.014,0,0,0
0.015,0,0,0
0.016,0,0,0
0,0,0,0
0,0,0,0
0,0,0,0
0,0,0,0
0,0,0,0
0,0,0,0
0,0,0,0
0,0,0,0
0,0,0,0
0,0,0,0
0,0,0,0
0,0,0,0
0,0,0,0
0,0,0,0
0,0,0,0
0,0,0,0
0,0,0,0
0,0,0,0
0,0,0,0
0,0,0,0
0,0,0,0
0,0,0,0
0,0,0,0
0,0,0,0
0,0,0,0
0,0,0,0
0,0,0,0
0,0,0,0
0,0,0,0
0,0,0,0
0,0,0,0
0,0,0,0
0,0,0,0
0,0,0,0
0,0,0,0
0,0,0,0
0,0,0,0
0,0,0,0
0,0,0,0
0,0,0,0
0,0,0,0
0,0,0,0
0,0,0,0
0,0,0,0
0,0,0,0
0,0,0,0
0,0,0,0
0,0,0,0
0,0,0,0
0,0,0,0
0,0,0,0
0,0,0,0
0,0,0,0
0,0,0,0
0,0,0,0
0,0,0,0
0,0,0,0
0,0,0,0
0,0,0,0
0,0,0,0
0,0,0,0
0,0,0,0
0,0,0,0
0,0,0,0
0,0,0,0
0,0,0,0
0,0,0,0
0,0,0,0
0,0,0,0
0,0,0,0
0,0,0,0
0,0,0,0
0,0,0,0
0,0,0,0
0,0,0,0
0,0,0,0
0,0,0,0
0,0,0,0
0,0,0,0
0,0,0,0
0,0,0,0
0,0,0,0
0,0,0,0
0,0,0,0
0,0,0,0
0,0,0,0
0,0,0,0
0,0,0,0
0,0,0,0
0,0,0,0
0,0,0,0
0,0,0,0
0,0,0,0
0,0,0,0
0,0,0,0
0,0,0,0
0,0,0,0
0,0,0,0
0,0,0,0
0,0,0,0
0,0,0,0
0,0,0,0
0,0,0,0
0,0,0,0
0,0,0,0
0,0,0,0
0,0,0,0
0,0,0,0
0,0,0,0
0,0,0,0
0,0,0,0
0,0,0,0
0,0,0,0
0,0,0,0
0,0,0,0
0,0,0,0
0,0,0,0
0,0,0,0
0,0,0,0
0,0,0,0
0,0,0,0
0,0,0,0
0,0,0,0
0,0,0,0
0,0,0,0
0,0,0,0
0,0,0,0
0,0,0,0
0,0,0,0
0,0,0,0
0,0,0,0
0,0,0,0
0,0,0,0
0,0,0,0
0,0,0,0
0,0,0,0
0,0,0,0
0,0,0,0
0,0,0,0
0,0,0,0
0,0,0,0
0,0,0,0
0,0,0,0
0,0,0,0
0,0,0,0
0,0,0,0
0,0,0,0
0,0,0,0
0,0,0,0
0,0,0,0
0,0,0,0
0,0,0,0
0,0,0,0
0,0,0,0
0,0,0,0
0,0,0,0
0,0,0,0
0,0,0,0
0,0,0,0
0,0,0,0
0,0,0,0
0,0,0,0
0,0,0,0
0,0,0,0
0,0,0,0
0,0,0,0
0,0,0,0
0,0,0,0
0,0,0,0
0,0,0,0
0,0,0,0
0,0,0,0
0,0,0,0
0,0,0,0
0,0,0,0
0,0,0,0
0,0,0,0
0,0,0,0
0,0,0,0
0,0,0,0
0,0,0,0
0,0,0,0
0,0,0,0
0,0,0,0
0,0,0,0
0,0,0,0
0,0,0,0
0,0,0,0
0,0,0,0
0,0,0,0
0,0,0,0
0,0,0,0
0,0,0,0
0,0,0,0
0,0,0,0
0,0,0,0
0,0,0,0
0,0,0,0
0,0,0,0
0,0,0,0
0,0,0,0
0,0,0,0
0,0,0,0
0,0,0,0
0,0,0,0
0,0,0,0
0,0,0,0
0,0,0,0
0,0,0,0
0,0,0,0
0,0,0,0
0,0,0,0
0,0,0,0
0,0,0,0
0,0,0,0
0,0,0,0
0,0,0,0
0,0,0,0
0,0,0,0
0,0,0,0
0,0,0,0
0,0,0,0
0,0,0,0
0,0,0,0
0,0,0,0
0,0,0,0
0,0,0,0
0,0,0,0
0,0,0,0
0,0,0,0
0,0,0,0
0,0,0,0
0,0,0,0
0,0,0,0
0,0,0,0
0,0,0,0
0,0,0,0
0,0,0,0
0,0,0,0
0,0,0,0
0,0,0,0
0,0,0,0
0,0,0,0
0,0,0,0
0,0,0,0
0,0,0,0
0,0,0,0
0,0,0,0
0,0,0,0
0,0,0,0
0,0,0,0
0,0,0,0
0,0,0,0
0,0,0,0
0,0,0,0
0,0,0,0
0,0,0,0
0,0,0,0
0,0,0,0
0,0,0,0
0,0,0,0
0,0,0,0
0,0,0,0
0,0,0,0
0,0,0,0
0,0,0,0
0,0,0,0
0,0,0,0
0,0,0,0
0,0,0,0
0,0,0,0
0,0,0,0
0,0,0,0
0,0,0,0
0,0,0,0
0,0,0,0
0,0,0,0
0,0,0,0
0,0,0,0
0,0,0,0
