0.001,0.063,0.026,-0.01,-0.115,-0.009,0.035
0.001,0.064,0.026,-0.01,-0.115,-0.008,0.036
0.001,0.065,0.027,-0.01,-0.115,-0.007,0.037
0,0.065,0.027,-0.009,-0.115,-0.006,0.038
-0.001,0.065,0.027,-0.01,-0.116,-0.004,0.039
-0.001,0.065,0.027,-0.01,-0.116,-0.003,0.039
-0.002,0.065,0.027,-0.01,-0.116,-0.001,0.04
-0.003,0.065,0.027,-0.01,-0.116,0.001,0.04
-0.004,0.065,0.027,-0.01,-0.117,0.003,0.041
-0.006,0.064,0.026,-0.01,-0.117,0.005,0.041
-0.007,0.064,0.026,-0.01,-0.118,0.007,0.042
-0.008,0.063,0.025,-0.011,-0.118,0.009,0.042
-0.009,0.062,0.024,-0.011,-0.119,0.011,0.042
-0.01,0.061,0.023,-0.011,-0.119,0.012,0.042
-0.011,0.06,0.022,-0.011,-0.12,0.014,0.042
-0.012,0.059,0.021,-0.011,-0.121,0.015,0.042
-0.013,0.058,0.019,-0.011,-0.121,0.016,0.041
-0.014,0.057,0.018,-0.01,-0.122,0.017,0.041
-0.014,0.056,0.017,-0.01,-0.123,0.018,0.041
-0.015,0.055,0.016,-0.009,-0.124,0.019,0.04
-0.015,0.054,0.015,-0.009,-0.125,0.019,0.04
-0.015,0.053,0.014,-0.008,-0.126,0.019,0.039
-0.015,0.052,0.013,-0.007,-0.127,0.019,0.039
-0.015,0.051,0.012,-0.006,-0.128,0.018,0.039
-0.015,0.051,0.011,-0.004,-0.129,0.018,0.038
-0.015,0.05,0.011,-0.003,-0.13,0.017,0.038
-0.014,0.049,0.011,-0.002,-0.132,0.016,0.038
-0.014,0.048,0.01,0,-0.133,0.015,0.038
-0.013,0.047,0.011,0.001,-0.134,0.014,0.037
-0.013,0.047,0.011,0.003,-0.135,0.013,0.037
-0.012,0.046,0.011,0.004,-0.136,0.012,0.038
-0.011,0.045,0.012,0.006,-0.137,0.01,0.038
-0.011,0.044,0.013,0.007,-0.138,0.009,0.038
-0.01,0.044,0.014,0.008,-0.139,0.008,0.038
-0.009,0.043,0.015,0.009,-0.14,0.007,0.039
-0.009,0.042,0.017,0.01,-0.141,0.005,0.04
-0.008,0.041,0.018,0.011,-0.142,0.004,0.04
-0.007,0.04,0.02,0.012,-0.143,0.003,0.041
-0.007,0.039,0.022,0.012,-0.143,0.002,0.042
-0.006,0.038,0.023,0.012,-0.144,0.001,0.042
-0.005,0.037,0.025,0.012,-0.145,0,0.043
-0.005,0.036,0.027,0.011,-0.145,-0.001,0.044
-0.004,0.036,0.028,0.01,-0.146,-0.001,0.045
-0.004,0.035,0.03,0.009,-0.146,-0.002,0.045
-0.003,0.034,0.031,0.008,-0.146,-0.002,0.046
-0.003,0.033,0.032,0.007,-0.146,-0.002,0.047
-0.003,0.033,0.033,0.005,-0.146,-0.002,0.047
-0.002,0.033,0.033,0.003,-0.146,-0.002,0.048
-0.002,0.033,0.033,0.001,-0.146,-0.001,0.048
-0.002,0.033,0.033,-0.001,-0.146,-0.001,0.048
-0.001,0.033,0.033,-0.003,-0.145,0,0.048
-0.001,0.034,0.032,-0.005,-0.145,0.001,0.048
-0.001,0.034,0.031,-0.007,-0.145,0.002,0.048
-0.001,0.035,0.03,-0.009,-0.144,0.004,0.047
-0.001,0.036,0.028,-0.011,-0.144,0.005,0.047
-0.001,0.038,0.026,-0.013,-0.143,0.006,0.046
-0.001,0.039,0.024,-0.015,-0.143,0.008,0.046
-0.001,0.041,0.022,-0.016,-0.142,0.01,0.045
-0.001,0.042,0.019,-0.017,-0.142,0.012,0.044
-0.002,0.044,0.016,-0.018,-0.141,0.014,0.043
-0.002,0.046,0.014,-0.018,-0.141,0.016,0.043
-0.003,0.048,0.011,-0.018,-0.14,0.017,0.042
-0.004,0.049,0.009,-0.018,-0.14,0.019,0.041
-0.005,0.051,0.006,-0.018,-0.139,0.021,0.04
-0.007,0.052,0.004,-0.017,-0.139,0.023,0.039
-0.009,0.054,0.002,-0.017,-0.139,0.025,0.038
-0.011,0.055,0,-0.016,-0.138,0.027,0.038
-0.013,0.056,-0.002,-0.014,-0.138,0.029,0.037
-0.015,0.057,-0.004,-0.013,-0.138,0.031,0.036
-0.018,0.057,-0.005,-0.012,-0.138,0.033,0.036
-0.02,0.057,-0.006,-0.01,-0.138,0.034,0.035
-0.023,0.057,-0.006,-0.009,-0.138,0.036,0.034
-0.026,0.056,-0.006,-0.007,-0.139,0.038,0.034
-0.029,0.056,-0.006,-0.005,-0.139,0.039,0.033
-0.031,0.055,-0.006,-0.004,-0.139,0.041,0.033
-0.034,0.053,-0.005,-0.003,-0.14,0.042,0.032
-0.036,0.052,-0.005,-0.001,-0.14,0.043,0.032
-0.039,0.05,-0.003,0,-0.141,0.044,0.032
-0.041,0.049,-0.002,0.001,-0.141,0.045,0.031
-0.042,0.047,-0.001,0.002,-0.142,0.046,0.031
-0.044,0.045,0.001,0.003,-0.142,0.047,0.031
-0.045,0.043,0.003,0.003,-0.143,0.048,0.031
-0.045,0.041,0.004,0.003,-0.143,0.049,0.031
-0.046,0.038,0.006,0.003,-0.144,0.05,0.031
-0.045,0.037,0.008,0.003,-0.144,0.05,0.031
-0.045,0.035,0.01,0.003,-0.144,0.05,0.031
-0.044,0.033,0.011,0.003,-0.145,0.05,0.031
-0.042,0.031,0.013,0.002,-0.145,0.051,0.032
-0.04,0.03,0.014,0.002,-0.145,0.05,0.032
-0.038,0.029,0.016,0.001,-0.145,0.05,0.033
-0.036,0.028,0.017,0,-0.145,0.05,0.033
-0.033,0.027,0.018,-0.001,-0.145,0.049,0.034
-0.03,0.026,0.019,-0.002,-0.145,0.048,0.034
-0.027,0.026,0.019,-0.003,-0.145,0.047,0.035
-0.024,0.025,0.02,-0.004,-0.145,0.046,0.036
-0.021,0.025,0.02,-0.005,-0.144,0.045,0.036
-0.018,0.025,0.02,-0.006,-0.144,0.043,0.037
-0.016,0.025,0.019,-0.007,-0.144,0.041,0.038
-0.013,0.025,0.019,-0.008,-0.143,0.039,0.038
-0.01,0.025,0.018,-0.009,-0.143,0.037,0.039
-0.008,0.025,0.017,-0.01,-0.143,0.035,0.039
-0.006,0.025,0.016,-0.01,-0.142,0.033,0.039
-0.004,0.025,0.015,-0.011,-0.142,0.031,0.039
-0.002,0.025,0.014,-0.011,-0.141,0.028,0.039
-0.001,0.025,0.013,-0.012,-0.141,0.026,0.039
0,0.025,0.011,-0.012,-0.141,0.024,0.038
0.001,0.024,0.009,-0.012,-0.14,0.021,0.038
0.002,0.024,0.008,-0.011,-0.14,0.019,0.037
0.002,0.023,0.006,-0.011,-0.14,0.017,0.037
0.002,0.023,0.005,-0.01,-0.14,0.015,0.036
0.002,0.022,0.003,-0.01,-0.14,0.013,0.035
0.002,0.021,0.001,-0.009,-0.14,0.011,0.034
0.001,0.02,0,-0.008,-0.14,0.01,0.033
0.001,0.019,-0.001,-0.007,-0.14,0.009,0.032
0,0.018,-0.002,-0.006,-0.14,0.008,0.031
-0.001,0.017,-0.003,-0.005,-0.141,0.007,0.03
-0.002,0.016,-0.004,-0.003,-0.141,0.006,0.029
-0.003,0.015,-0.005,-0.002,-0.142,0.006,0.029
-0.004,0.014,-0.005,0,-0.142,0.006,0.028
-0.004,0.014,-0.005,0.001,-0.143,0.006,0.027
-0.005,0.013,-0.006,0.003,-0.144,0.007,0.027
-0.006,0.013,-0.005,0.004,-0.144,0.007,0.026
-0.007,0.013,-0.005,0.006,-0.145,0.008,0.026
-0.008,0.013,-0.005,0.007,-0.146,0.009,0.025
-0.009,0.013,-0.004,0.008,-0.147,0.01,0.025
-0.009,0.013,-0.003,0.01,-0.148,0.012,0.025
-0.01,0.013,-0.002,0.011,-0.148,0.013,0.025
-0.011,0.014,-0.001,0.012,-0.149,0.015,0.024
-0.011,0.014,0,0.013,-0.15,0.016,0.024
-0.012,0.015,0.001,0.014,-0.15,0.018,0.024
-0.012,0.016,0.002,0.014,-0.151,0.02,0.024
-0.013,0.017,0.003,0.015,-0.151,0.022,0.024
-0.013,0.018,0.004,0.015,-0.151,0.024,0.023
-0.014,0.019,0.005,0.015,-0.152,0.026,0.023
-0.014,0.02,0.006,0.015,-0.152,0.027,0.023
-0.014,0.021,0.007,0.014,-0.151,0.029,0.022
-0.014,0.022,0.007,0.013,-0.151,0.031,0.022
-0.014,0.023,0.008,0.013,-0.151,0.032,0.021
-0.014,0.023,0.009,0.012,-0.15,0.034,0.02
-0.014,0.024,0.009,0.01,-0.15,0.035,0.019
-0.014,0.024,0.009,0.009,-0.149,0.036,0.019
-0.014,0.025,0.009,0.007,-0.148,0.037,0.018
-0.013,0.025,0.01,0.006,-0.147,0.038,0.017
-0.013,0.025,0.01,0.004,-0.146,0.039,0.016
-0.012,0.026,0.009,0.003,-0.145,0.04,0.015
-0.012,0.026,0.009,0.001,-0.144,0.04,0.014
-0.011,0.025,0.009,-0.001,-0.143,0.041,0.013
-0.01,0.025,0.009,-0.002,-0.142,0.041,0.012
-0.009,0.025,0.008,-0.003,-0.141,0.041,0.011
-0.008,0.025,0.008,-0.005,-0.14,0.041,0.011
-0.006,0.024,0.007,-0.006,-0.14,0.04,0.01
-0.005,0.024,0.007,-0.007,-0.139,0.04,0.009
-0.004,0.023,0.006,-0.007,-0.138,0.039,0.008
-0.003,0.022,0.005,-0.008,-0.137,0.038,0.008
-0.001,0.022,0.005,-0.008,-0.137,0.037,0.007
0,0.021,0.004,-0.008,-0.136,0.036,0.006
0.002,0.021,0.003,-0.008,-0.135,0.035,0.006
0.003,0.02,0.002,-0.008,-0.135,0.034,0.005
0.004,0.02,0.001,-0.008,-0.134,0.033,0.005
0.005,0.019,0.001,-0.007,-0.134,0.032,0.004
0.006,0.019,0,-0.006,-0.134,0.031,0.003
0.008,0.018,-0.001,-0.006,-0.133,0.029,0.003
0.008,0.018,-0.002,-0.005,-0.133,0.028,0.002
0.009,0.018,-0.003,-0.004,-0.132,0.027,0.002
0.01,0.017,-0.003,-0.003,-0.132,0.026,0.001
0.011,0.017,-0.004,-0.002,-0.131,0.025,0.001
0.011,0.017,-0.005,-0.001,-0.131,0.024,0
0.011,0.017,-0.006,0,-0.13,0.023,0
0.012,0.017,-0.006,0.001,-0.129,0.023,-0.001
0.012,0.017,-0.006,0.002,-0.129,0.022,-0.001
0.012,0.017,-0.007,0.003,-0.128,0.022,-0.002
0.012,0.017,-0.007,0.004,-0.127,0.022,-0.003
0.011,0.017,-0.007,0.004,-0.126,0.022,-0.003
0.011,0.018,-0.007,0.005,-0.125,0.022,-0.004
0.011,0.018,-0.007,0.006,-0.124,0.022,-0.004
0.01,0.019,-0.007,0.006,-0.123,0.023,-0.005
0.01,0.019,-0.006,0.006,-0.122,0.024,-0.005
0.009,0.019,-0.006,0.007,-0.121,0.024,-0.006
0.009,0.02,-0.005,0.007,-0.12,0.025,-0.006
0.009,0.021,-0.004,0.007,-0.12,0.026,-0.007
0.008,0.021,-0.004,0.007,-0.119,0.028,-0.007
0.008,0.022,-0.003,0.007,-0.118,0.029,-0.007
0.007,0.022,-0.002,0.007,-0.118,0.03,-0.007
0.007,0.023,0,0.007,-0.118,0.032,-0.007
0.006,0.024,0.001,0.007,-0.117,0.033,-0.007
0.006,0.024,0.002,0.007,-0.117,0.035,-0.007
0.006,0.025,0.003,0.007,-0.118,0.036,-0.006
0.005,0.025,0.004,0.007,-0.118,0.038,-0.006
0.005,0.026,0.005,0.007,-0.119,0.039,-0.005
0.005,0.027,0.005,0.006,-0.119,0.04,-0.004
0.005,0.027,0.006,0.006,-0.12,0.041,-0.003
0.005,0.028,0.007,0.006,-0.121,0.043,-0.002
0.005,0.028,0.007,0.006,-0.122,0.044,-0.001
0.004,0.028,0.007,0.006,-0.123,0.044,0
0.004,0.029,0.008,0.006,-0.125,0.045,0.001
0.004,0.029,0.007,0.006,-0.126,0.046,0.003
0.004,0.029,0.007,0.006,-0.127,0.046,0.004
0.004,0.029,0.007,0.006,-0.129,0.046,0.005
0.004,0.029,0.006,0.006,-0.13,0.046,0.007
0.004,0.029,0.005,0.006,-0.132,0.046,0.008
0.003,0.028,0.004,0.006,-0.133,0.046,0.01
0.003,0.028,0.003,0.006,-0.134,0.046,0.011
0.003,0.027,0.002,0.006,-0.135,0.045,0.012
0.003,0.027,0,0.005,-0.136,0.045,0.014
0.003,0.026,-0.001,0.005,-0.137,0.044,0.015
0.003,0.025,-0.003,0.005,-0.138,0.043,0.015
0.002,0.024,-0.004,0.005,-0.139,0.042,0.016
0.002,0.023,-0.006,0.004,-0.139,0.041,0.017
0.002,0.022,-0.007,0.004,-0.139,0.04,0.017
0.002,0.021,-0.009,0.003,-0.14,0.039,0.017
0.002,0.019,-0.01,0.003,-0.139,0.038,0.017
0.003,0.018,-0.011,0.002,-0.139,0.037,0.016
0.003,0.017,-0.012,0.002,-0.139,0.036,0.016
0.003,0.015,-0.013,0.001,-0.138,0.035,0.015
0.003,0.014,-0.014,0.001,-0.137,0.033,0.013
0.004,0.013,-0.015,0,-0.136,0.032,0.012
0.004,0.012,-0.016,0,-0.135,0.031,0.01
0.005,0.01,-0.016,-0.001,-0.134,0.03,0.009
0.006,0.009,-0.016,-0.001,-0.133,0.03,0.007
0.007,0.009,-0.016,-0.002,-0.132,0.029,0.005
0.008,0.008,-0.016,-0.002,-0.13,0.028,0.002
0.009,0.007,-0.015,-0.002,-0.129,0.028,0
0.01,0.007,-0.015,-0.003,-0.128,0.027,-0.002
0.011,0.007,-0.014,-0.003,-0.126,0.027,-0.004
0.013,0.007,-0.013,-0.004,-0.125,0.027,-0.006
0.014,0.007,-0.013,-0.004,-0.123,0.027,-0.008
0.016,0.008,-0.012,-0.004,-0.122,0.027,-0.01
0.018,0.008,-0.011,-0.004,-0.121,0.027,-0.012
0.019,0.009,-0.009,-0.005,-0.12,0.027,-0.013
0.021,0.01,-0.008,-0.005,-0.119,0.028,-0.015
0.023,0.011,-0.007,-0.005,-0.118,0.028,-0.016
0.024,0.012,-0.006,-0.005,-0.117,0.029,-0.017
0.026,0.014,-0.005,-0.005,-0.116,0.029,-0.018
0.028,0.015,-0.004,-0.004,-0.115,0.03,-0.018
0.03,0.016,-0.004,-0.004,-0.115,0.031,-0.018
0.031,0.018,-0.003,-0.004,-0.114,0.031,-0.018
0.033,0.019,-0.002,-0.004,-0.114,0.032,-0.018
0.035,0.02,-0.002,-0.003,-0.114,0.032,-0.018
0.036,0.021,-0.002,-0.003,-0.113,0.033,-0.017
0.037,0.022,-0.001,-0.002,-0.113,0.033,-0.016
0.039,0.023,-0.001,-0.002,-0.113,0.034,-0.015
0.04,0.024,-0.001,-0.001,-0.113,0.034,-0.014
0.041,0.024,-0.001,0,-0.113,0.034,-0.013
0.042,0.024,-0.002,0,-0.112,0.035,-0.012
0.042,0.024,-0.002,0.001,-0.112,0.035,-0.011
0.043,0.024,-0.002,0.002,-0.112,0.035,-0.01
0.043,0.023,-0.003,0.002,-0.112,0.035,-0.009
0.044,0.023,-0.003,0.003,-0.112,0.034,-0.007
0.044,0.021,-0.004,0.004,-0.112,0.034,-0.006
0.044,0.02,-0.004,0.004,-0.112,0.034,-0.005
0.044,0.019,-0.005,0.005,-0.112,0.034,-0.004
0.043,0.017,-0.005,0.006,-0.112,0.033,-0.003
0.043,0.015,-0.005,0.006,-0.111,0.033,-0.002
0.042,0.013,-0.005,0.007,-0.111,0.032,-0.002
0.041,0.011,-0.006,0.008,-0.111,0.032,-0.001
0.04,0.009,-0.006,0.008,-0.111,0.032,0
0.039,0.007,-0.006,0.009,-0.111,0.031,0
0.038,0.005,-0.006,0.009,-0.111,0.031,0
0.036,0.003,-0.006,0.01,-0.111,0.031,0
0.035,0.001,-0.005,0.01,-0.111,0.031,0.001
0.033,-0.001,-0.005,0.011,-0.111,0.031,0.001
0.032,-0.002,-0.005,0.011,-0.111,0.031,0.001
0.03,-0.004,-0.004,0.011,-0.111,0.031,0
0.028,-0.005,-0.004,0.012,-0.111,0.031,0
0.026,-0.006,-0.003,0.012,-0.111,0.031,0
0.025,-0.007,-0.002,0.012,-0.111,0.031,0
0.023,-0.008,-0.002,0.013,-0.111,0.031,-0.001
0.021,-0.008,-0.001,0.013,-0.111,0.031,-0.001
0.019,-0.008,0,0.013,-0.111,0.032,-0.001
0.018,-0.008,0.001,0.014,-0.111,0.032,-0.002
0.016,-0.007,0.001,0.014,-0.111,0.032,-0.002
0.015,-0.007,0.002,0.014,-0.111,0.032,-0.003
0.013,-0.006,0.003,0.014,-0.111,0.032,-0.003
0.012,-0.005,0.004,0.015,-0.11,0.032,-0.003
0.011,-0.003,0.005,0.015,-0.11,0.032,-0.003
0.01,-0.002,0.006,0.015,-0.11,0.032,-0.003
0.009,0,0.006,0.015,-0.11,0.032,-0.004
0.009,0.001,0.007,0.015,-0.109,0.032,-0.004
0.008,0.003,0.008,0.016,-0.109,0.032,-0.004
0.008,0.005,0.008,0.016,-0.109,0.031,-0.004
0.008,0.006,0.009,0.016,-0.108,0.031,-0.003
0.008,0.008,0.009,0.016,-0.108,0.031,-0.003
0.008,0.01,0.01,0.016,-0.107,0.03,-0.003
0.008,0.011,0.01,0.016,-0.107,0.03,-0.003
0.008,0.013,0.01,0.016,-0.107,0.03,-0.002
0.008,0.014,0.01,0.015,-0.106,0.03,-0.002
0.009,0.015,0.01,0.015,-0.106,0.029,-0.001
0.009,0.016,0.009,0.015,-0.105,0.029,0
0.01,0.017,0.009,0.014,-0.105,0.029,0
0.01,0.017,0.008,0.014,-0.105,0.029,0.001
0.011,0.018,0.007,0.013,-0.104,0.029,0.002
0.011,0.018,0.006,0.013,-0.104,0.029,0.003
0.012,0.018,0.005,0.012,-0.104,0.029,0.004
0.012,0.018,0.003,0.011,-0.104,0.03,0.005
0.013,0.017,0.002,0.01,-0.103,0.03,0.007
0.013,0.017,0.001,0.009,-0.103,0.031,0.008
0.014,0.016,-0.001,0.008,-0.103,0.032,0.009
0.014,0.015,-0.002,0.007,-0.103,0.032,0.011
0.015,0.014,-0.004,0.006,-0.102,0.033,0.012
0.015,0.013,-0.005,0.005,-0.102,0.034,0.014
0.015,0.012,-0.007,0.004,-0.101,0.035,0.016
0.015,0.011,-0.008,0.003,-0.101,0.036,0.017
0.015,0.01,-0.009,0.002,-0.1,0.037,0.019
0.016,0.009,-0.01,0.001,-0.1,0.038,0.021
0.016,0.008,-0.011,0,-0.099,0.039,0.023
0.016,0.008,-0.012,0,-0.098,0.04,0.024
0.016,0.007,-0.012,-0.001,-0.097,0.041,0.026
0.016,0.007,-0.013,-0.002,-0.096,0.041,0.027
0.016,0.007,-0.013,-0.002,-0.095,0.042,0.028
0.016,0.007,-0.013,-0.003,-0.094,0.042,0.03
0.016,0.007,-0.013,-0.003,-0.093,0.043,0.031
0.017,0.007,-0.012,-0.003,-0.091,0.043,0.031
0.017,0.008,-0.012,-0.003,-0.09,0.043,0.032
0.017,0.009,-0.011,-0.003,-0.088,0.043,0.033
0.017,0.01,-0.01,-0.003,-0.087,0.042,0.033
0.018,0.011,-0.009,-0.003,-0.085,0.042,0.033
0.018,0.012,-0.008,-0.003,-0.084,0.041,0.033
0.018,0.014,-0.007,-0.002,-0.083,0.041,0.033
0.019,0.016,-0.006,-0.002,-0.081,0.04,0.032
0.019,0.018,-0.005,-0.001,-0.08,0.039,0.032
0.02,0.02,-0.003,-0.001,-0.079,0.038,0.031
0.02,0.022,-0.002,0,-0.077,0.038,0.03
0.02,0.024,-0.001,0.001,-0.076,0.037,0.029
0.02,0.026,0.001,0.002,-0.075,0.036,0.028
0.02,0.028,0.002,0.003,-0.075,0.035,0.027
0.021,0.03,0.004,0.004,-0.074,0.035,0.026
0.02,0.033,0.005,0.005,-0.073,0.034,0.025
0.02,0.035,0.006,0.006,-0.073,0.034,0.025
0.02,0.037,0.008,0.008,-0.073,0.033,0.024
0.02,0.039,0.009,0.009,-0.073,0.033,0.023
0.019,0.042,0.01,0.011,-0.073,0.034,0.022
0.018,0.044,0.011,0.012,-0.073,0.034,0.022
0.017,0.045,0.012,0.014,-0.073,0.034,0.021
0.016,0.047,0.013,0.015,-0.074,0.035,0.021
0.015,0.049,0.014,0.017,-0.074,0.036,0.021
0.014,0.05,0.015,0.019,-0.075,0.037,0.021
0.012,0.051,0.016,0.02,-0.076,0.038,0.021
0.011,0.052,0.016,0.022,-0.077,0.04,0.021
0.009,0.053,0.017,0.023,-0.078,0.041,0.022
0.007,0.053,0.017,0.025,-0.079,0.043,0.022
0.006,0.054,0.018,0.026,-0.08,0.044,0.022
0.004,0.053,0.018,0.027,-0.081,0.046,0.023
0.002,0.053,0.018,0.028,-0.083,0.047,0.023
0,0.052,0.018,0.029,-0.084,0.049,0.024
-0.002,0.051,0.018,0.03,-0.085,0.05,0.025
-0.003,0.05,0.018,0.031,-0.087,0.051,0.025
-0.005,0.048,0.017,0.031,-0.088,0.052,0.026
-0.007,0.046,0.017,0.032,-0.089,0.053,0.026
-0.008,0.044,0.016,0.032,-0.09,0.053,0.027
-0.009,0.041,0.016,0.032,-0.091,0.053,0.027
-0.01,0.039,0.015,0.031,-0.092,0.053,0.027
-0.011,0.036,0.014,0.031,-0.093,0.053,0.028
-0.012,0.032,0.014,0.03,-0.094,0.052,0.028
-0.012,0.029,0.013,0.029,-0.094,0.051,0.028
-0.013,0.025,0.012,0.028,-0.095,0.049,0.028
-0.013,0.022,0.011,0.026,-0.095,0.048,0.028
-0.013,0.018,0.01,0.025,-0.095,0.046,0.028
-0.013,0.015,0.009,0.023,-0.095,0.044,0.028
-0.012,0.011,0.008,0.021,-0.095,0.041,0.029
-0.012,0.007,0.007,0.019,-0.095,0.039,0.029
-0.011,0.004,0.006,0.017,-0.094,0.037,0.029
-0.011,0.001,0.006,0.015,-0.094,0.034,0.029
-0.01,-0.002,0.005,0.012,-0.093,0.032,0.029
-0.009,-0.005,0.004,0.01,-0.092,0.029,0.029
-0.008,-0.008,0.003,0.008,-0.091,0.027,0.029
-0.008,-0.01,0.003,0.005,-0.09,0.025,0.03
-0.007,-0.012,0.002,0.003,-0.088,0.023,0.03
-0.006,-0.014,0.001,0.001,-0.087,0.022,0.031
-0.005,-0.015,0.001,-0.001,-0.086,0.021,0.032
-0.004,-0.016,0,-0.002,-0.084,0.02,0.032
-0.003,-0.016,0,-0.004,-0.083,0.019,0.033
-0.003,-0.017,-0.001,-0.005,-0.081,0.019,0.034
-0.002,-0.016,-0.001,-0.006,-0.08,0.02,0.036
-0.002,-0.016,-0.001,-0.007,-0.079,0.02,0.037
-0.001,-0.015,-0.002,-0.008,-0.077,0.021,0.038
0,-0.014,-0.002,-0.008,-0.076,0.022,0.04
0,-0.013,-0.002,-0.008,-0.075,0.024,0.042
0,-0.011,-0.002,-0.008,-0.074,0.026,0.043
0.001,-0.009,-0.003,-0.008,-0.073,0.028,0.045
0.001,-0.007,-0.003,-0.007,-0.072,0.03,0.047
0.001,-0.005,-0.003,-0.006,-0.071,0.033,0.049
0.002,-0.003,-0.002,-0.005,-0.071,0.036,0.051
0.002,-0.001,-0.002,-0.004,-0.07,0.038,0.053
0.002,0.002,-0.002,-0.003,-0.07,0.041,0.055
0.002,0.004,-0.001,-0.002,-0.069,0.044,0.057
0.002,0.007,-0.001,-0.001,-0.069,0.046,0.058
0.003,0.009,0,0.001,-0.069,0.049,0.06
0.003,0.012,0.001,0.002,-0.069,0.051,0.061
0.003,0.014,0.002,0.003,-0.069,0.053,0.063
0.003,0.016,0.002,0.005,-0.069,0.055,0.064
0.003,0.019,0.003,0.006,-0.068,0.057,0.065
0.004,0.021,0.004,0.007,-0.068,0.059,0.066
0.004,0.022,0.005,0.008,-0.068,0.06,0.066
0.004,0.024,0.006,0.008,-0.068,0.061,0.067
0.004,0.025,0.007,0.009,-0.068,0.061,0.067
0.004,0.027,0.008,0.009,-0.068,0.062,0.067
0.004,0.028,0.009,0.01,-0.068,0.062,0.066
0.005,0.028,0.01,0.01,-0.067,0.061,0.066
0.005,0.029,0.01,0.01,-0.067,0.061,0.065
0.005,0.029,0.011,0.01,-0.066,0.06,0.064
0.005,0.029,0.011,0.01,-0.066,0.059,0.063
0.005,0.029,0.011,0.01,-0.065,0.058,0.062
0.005,0.028,0.011,0.009,-0.064,0.057,0.06
0.005,0.028,0.011,0.009,-0.064,0.055,0.059
0.005,0.027,0.01,0.009,-0.063,0.054,0.057
0.006,0.026,0.009,0.009,-0.062,0.052,0.056
0.006,0.024,0.008,0.009,-0.061,0.05,0.054
0.006,0.023,0.007,0.008,-0.06,0.048,0.053
0.006,0.021,0.006,0.008,-0.059,0.046,0.051
0.006,0.019,0.004,0.008,-0.058,0.044,0.05
0.006,0.017,0.003,0.008,-0.057,0.042,0.048
0.006,0.015,0.001,0.008,-0.056,0.04,0.047
0.006,0.013,-0.001,0.008,-0.054,0.038,0.046
0.006,0.01,-0.002,0.008,-0.053,0.036,0.045
0.006,0.008,-0.004,0.008,-0.052,0.034,0.045
0.006,0.006,-0.006,0.009,-0.051,0.032,0.044
0.006,0.004,-0.008,0.009,-0.05,0.031,0.044
0.007,0.001,-0.009,0.009,-0.049,0.029,0.044
0.007,-0.001,-0.01,0.009,-0.048,0.027,0.044
0.007,-0.003,-0.012,0.009,-0.047,0.025,0.044
0.007,-0.004,-0.013,0.009,-0.047,0.024,0.044
0.007,-0.006,-0.014,0.009,-0.046,0.022,0.045
0.007,-0.008,-0.014,0.009,-0.045,0.021,0.045
0.007,-0.009,-0.015,0.009,-0.044,0.019,0.046
0.007,-0.01,-0.015,0.008,-0.044,0.018,0.047
0.007,-0.011,-0.015,0.008,-0.043,0.016,0.048
0.007,-0.012,-0.014,0.007,-0.043,0.015,0.05
0.007,-0.012,-0.014,0.007,-0.043,0.014,0.051
0.007,-0.012,-0.013,0.006,-0.042,0.013,0.052
0.007,-0.013,-0.012,0.006,-0.042,0.012,0.054
0.007,-0.012,-0.01,0.005,-0.042,0.011,0.055
0.007,-0.012,-0.009,0.005,-0.041,0.01,0.056
0.007,-0.011,-0.007,0.004,-0.041,0.01,0.057
0.007,-0.011,-0.005,0.004,-0.041,0.009,0.059
0.007,-0.01,-0.004,0.003,-0.041,0.009,0.06
0.007,-0.009,-0.002,0.003,-0.04,0.009,0.061
0.008,-0.008,0,0.003,-0.04,0.009,0.062
0.008,-0.007,0.003,0.003,-0.04,0.009,0.063
0.008,-0.006,0.005,0.003,-0.039,0.009,0.064
0.008,-0.004,0.007,0.003,-0.039,0.009,0.064
0.008,-0.003,0.009,0.003,-0.039,0.009,0.065
0.009,-0.002,0.011,0.003,-0.038,0.009,0.065
0.009,-0.001,0.012,0.003,-0.038,0.01,0.066
0.009,0.001,0.014,0.004,-0.037,0.01,0.066
0.009,0.002,0.016,0.004,-0.037,0.011,0.066
0.01,0.003,0.017,0.005,-0.036,0.011,0.066
0.01,0.004,0.018,0.006,-0.036,0.011,0.067
0.01,0.005,0.019,0.006,-0.036,0.012,0.067
0.01,0.006,0.02,0.007,-0.035,0.012,0.067
0.01,0.006,0.021,0.007,-0.035,0.012,0.067
0.01,0.007,0.021,0.008,-0.035,0.012,0.067
0.01,0.008,0.022,0.008,-0.035,0.013,0.067
0.01,0.008,0.022,0.009,-0.035,0.013,0.067
0.01,0.008,0.022,0.009,-0.035,0.013,0.068
0.009,0.009,0.022,0.01,-0.035,0.013,0.068
0.009,0.009,0.022,0.01,-0.035,0.012,0.069
0.009,0.009,0.022,0.01,-0.035,0.012,0.069
0.008,0.009,0.021,0.01,-0.035,0.012,0.07
0.007,0.009,0.02,0.01,-0.035,0.012,0.071
0.007,0.009,0.02,0.01,-0.036,0.012,0.072
0.006,0.009,0.019,0.01,-0.036,0.011,0.074
0.005,0.009,0.018,0.01,-0.036,0.011,0.075
0.005,0.009,0.017,0.01,-0.037,0.011,0.077
0.004,0.008,0.016,0.01,-0.037,0.01,0.078
0.003,0.008,0.014,0.01,-0.037,0.01,0.08
0.002,0.008,0.013,0.01,-0.037,0.01,0.082
0.001,0.008,0.012,0.01,-0.037,0.009,0.083
0,0.007,0.01,0.011,-0.037,0.009,0.085
0,0.007,0.009,0.011,-0.037,0.009,0.087
-0.001,0.007,0.007,0.011,-0.037,0.008,0.089
-0.002,0.007,0.005,0.012,-0.037,0.008,0.09
-0.003,0.007,0.003,0.013,-0.036,0.008,0.092
-0.003,0.007,0.002,0.013,-0.035,0.007,0.093
-0.003,0.007,0,0.014,-0.035,0.007,0.094
-0.004,0.007,-0.002,0.015,-0.034,0.006,0.095
-0.004,0.007,-0.004,0.016,-0.032,0.006,0.096
-0.004,0.007,-0.006,0.017,-0.031,0.005,0.097
-0.004,0.007,-0.008,0.019,-0.03,0.004,0.097
-0.004,0.007,-0.01,0.02,-0.028,0.003,0.097
-0.004,0.007,-0.012,0.021,-0.027,0.002,0.096
-0.004,0.008,-0.013,0.022,-0.025,0.001,0.096
-0.003,0.008,-0.015,0.023,-0.023,0,0.095
-0.003,0.008,-0.016,0.024,-0.022,-0.001,0.094
-0.003,0.008,-0.017,0.025,-0.02,-0.002,0.092
-0.002,0.009,-0.018,0.026,-0.018,-0.004,0.091
-0.001,0.009,-0.019,0.026,-0.016,-0.005,0.089
-0.001,0.009,-0.02,0.027,-0.014,-0.007,0.087
0,0.01,-0.02,0.027,-0.013,-0.008,0.085
0.001,0.01,-0.02,0.027,-0.011,-0.01,0.082
0.002,0.01,-0.02,0.027,-0.01,-0.012,0.08
0.002,0.01,-0.02,0.027,-0.008,-0.013,0.078
0.003,0.01,-0.019,0.027,-0.007,-0.015,0.076
0.004,0.01,-0.018,0.026,-0.006,-0.016,0.073
0.004,0.01,-0.017,0.025,-0.005,-0.018,0.071
0.005,0.01,-0.015,0.024,-0.004,-0.019,0.069
0.006,0.01,-0.014,0.023,-0.003,-0.02,0.068
0.006,0.01,-0.012,0.022,-0.003,-0.022,0.066
0.007,0.009,-0.01,0.021,-0.002,-0.023,0.065
0.007,0.009,-0.008,0.019,-0.002,-0.024,0.064
0.008,0.008,-0.006,0.018,-0.002,-0.024,0.063
0.008,0.008,-0.004,0.016,-0.002,-0.025,0.062
0.008,0.007,-0.001,0.015,-0.002,-0.025,0.062
0.009,0.007,0.001,0.013,-0.003,-0.026,0.062
0.009,0.006,0.003,0.012,-0.003,-0.026,0.062
0.009,0.006,0.005,0.01,-0.003,-0.026,0.062
0.009,0.005,0.007,0.009,-0.004,-0.026,0.063
0.009,0.005,0.008,0.007,-0.004,-0.025,0.064
0.01,0.004,0.01,0.006,-0.005,-0.025,0.065
0.01,0.004,0.011,0.005,-0.005,-0.024,0.066
0.01,0.003,0.013,0.004,-0.006,-0.024,0.067
0.01,0.003,0.014,0.003,-0.006,-0.023,0.068
0.01,0.003,0.015,0.003,-0.006,-0.022,0.069
0.011,0.003,0.015,0.003,-0.006,-0.022,0.071
0.011,0.003,0.016,0.002,-0.006,-0.021,0.072
0.011,0.003,0.016,0.003,-0.006,-0.02,0.073
0.011,0.003,0.016,0.003,-0.006,-0.02,0.074
0.012,0.004,0.016,0.003,-0.006,-0.019,0.076
0.012,0.005,0.016,0.004,-0.005,-0.018,0.077
0.012,0.005,0.015,0.005,-0.005,-0.018,0.078
0.013,0.006,0.015,0.005,-0.004,-0.017,0.079
0.013,0.007,0.014,0.007,-0.003,-0.016,0.08
0.014,0.008,0.013,0.008,-0.002,-0.016,0.081
0.014,0.01,0.013,0.009,-0.001,-0.015,0.082
0.015,0.011,0.012,0.01,0,-0.015,0.082
0.015,0.012,0.011,0.012,0.002,-0.015,0.083
0.015,0.014,0.01,0.013,0.003,-0.014,0.083
0.016,0.015,0.009,0.015,0.004,-0.014,0.084
0.016,0.017,0.008,0.016,0.006,-0.014,0.084
0.016,0.018,0.007,0.018,0.007,-0.014,0.085
0.017,0.019,0.006,0.019,0.009,-0.014,0.085
0.017,0.021,0.005,0.021,0.01,-0.014,0.085
0.017,0.022,0.004,0.022,0.011,-0.013,0.085
0.017,0.024,0.003,0.024,0.013,-0.013,0.085
0.017,0.025,0.002,0.025,0.014,-0.013,0.085
0.017,0.026,0.001,0.027,0.015,-0.013,0.085
0.016,0.027,0,0.028,0.016,-0.012,0.085
0.016,0.028,0,0.029,0.017,-0.012,0.084
0.016,0.029,-0.001,0.03,0.017,-0.012,0.084
0.015,0.03,-0.002,0.032,0.018,-0.011,0.084
0.014,0.031,-0.002,0.033,0.018,-0.011,0.084
0.014,0.031,-0.003,0.034,0.019,-0.01,0.083
0.013,0.032,-0.003,0.035,0.019,-0.01,0.083
0.012,0.032,-0.004,0.036,0.019,-0.009,0.083
0.011,0.032,-0.004,0.036,0.019,-0.009,0.082
0.01,0.033,-0.005,0.037,0.019,-0.008,0.082
0.009,0.033,-0.005,0.037,0.019,-0.008,0.082
0.008,0.033,-0.006,0.038,0.019,-0.007,0.081
0.007,0.033,-0.006,0.038,0.018,-0.007,0.081
0.006,0.033,-0.006,0.038,0.018,-0.007,0.081
0.004,0.032,-0.007,0.038,0.017,-0.006,0.081
0.003,0.032,-0.007,0.038,0.017,-0.006,0.081
0.002,0.032,-0.007,0.038,0.016,-0.006,0.081
0.002,0.031,-0.007,0.038,0.016,-0.006,0.081
0.001,0.031,-0.008,0.037,0.015,-0.007,0.081
0,0.03,-0.008,0.037,0.015,-0.007,0.082
-0.001,0.03,-0.008,0.036,0.014,-0.008,0.082
-0.001,0.029,-0.008,0.035,0.014,-0.009,0.083
-0.001,0.029,-0.008,0.034,0.013,-0.01,0.083
-0.001,0.028,-0.008,0.033,0.013,-0.011,0.084
-0.001,0.028,-0.008,0.032,0.013,-0.013,0.085
-0.001,0.027,-0.008,0.031,0.012,-0.014,0.086
-0.001,0.027,-0.008,0.029,0.012,-0.016,0.087
-0.001,0.026,-0.008,0.028,0.012,-0.018,0.088
0,0.026,-0.008,0.027,0.012,-0.02,0.088
0.001,0.026,-0.008,0.025,0.012,-0.022,0.089
0.002,0.026,-0.008,0.024,0.012,-0.024,0.09
0.003,0.026,-0.008,0.022,0.012,-0.026,0.091
0.004,0.026,-0.007,0.021,0.012,-0.028,0.092
0.005,0.026,-0.007,0.02,0.012,-0.03,0.093
0.006,0.026,-0.007,0.018,0.013,-0.032,0.093
0.008,0.026,-0.007,0.017,0.013,-0.033,0.094
0.009,0.026,-0.006,0.016,0.014,-0.035,0.095
0.011,0.026,-0.006,0.015,0.014,-0.037,0.095
0.012,0.026,-0.006,0.013,0.015,-0.038,0.095
0.014,0.026,-0.005,0.012,0.015,-0.04,0.096
0.015,0.027,-0.005,0.011,0.016,-0.041,0.096
0.016,0.027,-0.004,0.011,0.017,-0.042,0.096
0.018,0.027,-0.004,0.01,0.018,-0.043,0.096
0.019,0.027,-0.004,0.009,0.018,-0.044,0.095
0.02,0.028,-0.003,0.009,0.019,-0.045,0.095
0.021,0.028,-0.003,0.008,0.02,-0.046,0.095
0.022,0.028,-0.003,0.008,0.021,-0.046,0.094
0.023,0.028,-0.002,0.008,0.021,-0.047,0.094
0.023,0.029,-0.002,0.008,0.022,-0.048,0.093
0.023,0.029,-0.002,0.008,0.022,-0.048,0.092
0.023,0.029,-0.002,0.008,0.023,-0.049,0.091
0.023,0.03,-0.001,0.009,0.023,-0.049,0.091
0.023,0.03,-0.001,0.009,0.023,-0.05,0.09
0.022,0.03,-0.001,0.01,0.023,-0.05,0.089
0.022,0.031,-0.001,0.011,0.023,-0.051,0.088
0.021,0.031,-0.001,0.011,0.023,-0.052,0.088
0.02,0.031,-0.001,0.012,0.023,-0.052,0.087
0.019,0.032,-0.001,0.013,0.022,-0.053,0.087
0.017,0.032,-0.001,0.014,0.022,-0.053,0.086
0.016,0.032,-0.001,0.015,0.021,-0.054,0.086
0.014,0.032,-0.002,0.017,0.02,-0.055,0.086
0.013,0.033,-0.002,0.018,0.019,-0.055,0.086
0.012,0.033,-0.002,0.019,0.018,-0.056,0.086
0.01,0.033,-0.002,0.02,0.017,-0.056,0.087
0.009,0.033,-0.002,0.022,0.016,-0.056,0.088
0.008,0.034,-0.002,0.023,0.015,-0.057,0.089
0.007,0.034,-0.002,0.024,0.014,-0.057,0.09
0.006,0.034,-0.002,0.026,0.013,-0.057,0.091
0.005,0.034,-0.002,0.027,0.012,-0.056,0.093
0.005,0.034,-0.002,0.029,0.012,-0.056,0.095
0.004,0.034,-0.001,0.03,0.011,-0.056,0.097
0.004,0.034,-0.001,0.032,0.01,-0.055,0.099
0.004,0.034,0,0.033,0.01,-0.054,0.101
0.005,0.033,0.001,0.035,0.01,-0.053,0.104
0.005,0.033,0.002,0.037,0.01,-0.052,0.106
0.006,0.033,0.003,0.038,0.01,-0.05,0.108
0.007,0.034,0.004,0.04,0.011,-0.049,0.111
0.008,0.034,0.006,0.042,0.011,-0.047,0.113
0.01,0.034,0.007,0.043,0.012,-0.045,0.116
0.011,0.034,0.009,0.045,0.013,-0.043,0.118
0.013,0.035,0.011,0.047,0.014,-0.041,0.12
0.015,0.035,0.013,0.049,0.016,-0.039,0.122
0.017,0.036,0.016,0.05,0.018,-0.037,0.124
0.019,0.037,0.018,0.052,0.019,-0.034,0.125
0.022,0.038,0.021,0.054,0.021,-0.032,0.127
0.024,0.04,0.023,0.055,0.023,-0.03,0.129
0.027,0.042,0.026,0.057,0.025,-0.028,0.13
0.029,0.043,0.028,0.058,0.027,-0.025,0.131
0.032,0.046,0.031,0.06,0.03,-0.023,0.132
0.035,0.048,0.034,0.061,0.032,-0.021,0.133
0.038,0.05,0.036,0.063,0.034,-0.019,0.134
0.041,0.053,0.039,0.064,0.036,-0.017,0.135
0.044,0.056,0.041,0.065,0.039,-0.015,0.136
0.048,0.059,0.043,0.067,0.041,-0.013,0.136
0.051,0.062,0.046,0.068,0.043,-0.011,0.137
0.054,0.065,0.048,0.069,0.045,-0.009,0.138
0.057,0.069,0.049,0.069,0.047,-0.007,0.139
0.06,0.072,0.051,0.07,0.049,-0.006,0.14
0.063,0.075,0.053,0.071,0.051,-0.004,0.14
0.066,0.078,0.054,0.072,0.053,-0.003,0.141
0.069,0.081,0.056,0.072,0.055,-0.001,0.142
0.072,0.084,0.057,0.073,0.056,0,0.143
0.074,0.087,0.058,0.073,0.058,0.002,0.144
0.077,0.09,0.059,0.073,0.059,0.003,0.145
0.079,0.092,0.059,0.074,0.061,0.005,0.146
0.081,0.094,0.06,0.074,0.062,0.006,0.146
0.083,0.096,0.061,0.074,0.064,0.007,0.147
0.084,0.097,0.061,0.074,0.065,0.008,0.148
0.085,0.098,0.061,0.074,0.066,0.01,0.149
0.086,0.098,0.062,0.075,0.068,0.011,0.149
0.087,0.098,0.062,0.075,0.069,0.012,0.15
0.088,0.098,0.062,0.075,0.07,0.013,0.15
0.088,0.097,0.062,0.075,0.071,0.014,0.15
0.088,0.096,0.063,0.075,0.072,0.015,0.15
0.088,0.094,0.063,0.075,0.073,0.015,0.15
0.088,0.092,0.063,0.075,0.074,0.016,0.15
0.087,0.09,0.063,0.075,0.075,0.016,0.15
0.086,0.088,0.063,0.075,0.076,0.016,0.149
0.085,0.085,0.063,0.075,0.077,0.016,0.148
0.084,0.082,0.063,0.074,0.078,0.015,0.147
0.083,0.079,0.064,0.074,0.078,0.014,0.146
0.082,0.076,0.064,0.074,0.078,0.013,0.144
0.08,0.072,0.064,0.074,0.079,0.012,0.143
0.079,0.069,0.064,0.073,0.079,0.011,0.141
0.077,0.066,0.063,0.073,0.078,0.009,0.139
0.076,0.063,0.063,0.072,0.078,0.007,0.137
0.074,0.06,0.063,0.071,0.077,0.005,0.136
0.073,0.057,0.063,0.071,0.076,0.002,0.133
0.071,0.054,0.063,0.07,0.075,-0.001,0.131
0.07,0.052,0.062,0.069,0.074,-0.003,0.129
0.069,0.05,0.062,0.068,0.072,-0.006,0.127
0.068,0.048,0.061,0.067,0.07,-0.009,0.125
0.067,0.046,0.061,0.067,0.068,-0.012,0.123
0.066,0.045,0.06,0.066,0.065,-0.015,0.122
0.065,0.044,0.059,0.065,0.063,-0.019,0.12
0.065,0.044,0.059,0.064,0.06,-0.022,0.119
0.065,0.043,0.058,0.063,0.057,-0.025,0.117
0.065,0.043,0.057,0.063,0.054,-0.028,0.116
0.066,0.044,0.056,0.062,0.05,-0.03,0.116
0.066,0.044,0.055,0.061,0.047,-0.033,0.115
0.067,0.045,0.053,0.061,0.044,-0.036,0.114
0.068,0.046,0.052,0.06,0.041,-0.038,0.114
0.069,0.047,0.051,0.06,0.038,-0.04,0.114
0.07,0.048,0.049,0.059,0.035,-0.042,0.115
0.072,0.049,0.047,0.059,0.032,-0.044,0.115
0.074,0.051,0.046,0.058,0.029,-0.045,0.116
0.076,0.052,0.044,0.057,0.026,-0.046,0.116
0.078,0.053,0.042,0.057,0.024,-0.047,0.117
0.08,0.054,0.04,0.056,0.022,-0.048,0.118
0.082,0.055,0.037,0.055,0.02,-0.049,0.119
0.085,0.056,0.035,0.054,0.018,-0.049,0.121
0.087,0.056,0.033,0.053,0.017,-0.05,0.122
0.089,0.057,0.03,0.052,0.016,-0.05,0.123
0.092,0.057,0.027,0.051,0.015,-0.05,0.124
0.094,0.057,0.025,0.049,0.014,-0.05,0.125
0.096,0.057,0.022,0.047,0.013,-0.05,0.125
0.098,0.056,0.019,0.045,0.013,-0.049,0.126
0.1,0.056,0.016,0.043,0.012,-0.049,0.126
0.102,0.055,0.013,0.041,0.012,-0.049,0.127
0.104,0.054,0.01,0.038,0.012,-0.048,0.127
0.105,0.053,0.008,0.035,0.012,-0.048,0.126
0.106,0.051,0.005,0.033,0.012,-0.047,0.126
0.107,0.05,0.002,0.03,0.011,-0.046,0.125
0.108,0.048,-0.001,0.027,0.011,-0.046,0.124
0.108,0.046,-0.004,0.024,0.011,-0.045,0.123
0.108,0.045,-0.006,0.021,0.011,-0.045,0.122
0.108,0.043,-0.008,0.018,0.011,-0.044,0.12
0.107,0.041,-0.011,0.015,0.011,-0.044,0.118
0.105,0.039,-0.013,0.012,0.01,-0.044,0.116
0.104,0.037,-0.015,0.009,0.01,-0.043,0.114
0.102,0.035,-0.016,0.006,0.009,-0.043,0.112
0.099,0.033,-0.018,0.004,0.009,-0.043,0.11
0.096,0.032,-0.019,0.002,0.008,-0.044,0.108
0.093,0.03,-0.02,-0.001,0.007,-0.044,0.106
0.09,0.028,-0.021,-0.002,0.006,-0.045,0.103
0.086,0.027,-0.022,-0.004,0.005,-0.046,0.101
0.082,0.025,-0.023,-0.006,0.004,-0.047,0.099
0.077,0.024,-0.023,-0.007,0.003,-0.048,0.097
0.073,0.022,-0.023,-0.008,0.002,-0.05,0.095
0.068,0.021,-0.024,-0.009,0.001,-0.052,0.093
0.063,0.02,-0.023,-0.009,-0.001,-0.054,0.092
0.057,0.019,-0.023,-0.009,-0.002,-0.056,0.09
0.052,0.018,-0.023,-0.01,-0.003,-0.059,0.089
0.047,0.017,-0.022,-0.009,-0.005,-0.061,0.088
0.041,0.017,-0.022,-0.009,-0.006,-0.064,0.087
0.036,0.016,-0.021,-0.009,-0.008,-0.067,0.086
0.03,0.015,-0.02,-0.008,-0.009,-0.07,0.085
0.025,0.015,-0.019,-0.007,-0.01,-0.073,0.085
0.02,0.015,-0.018,-0.006,-0.012,-0.076,0.085
0.015,0.015,-0.016,-0.005,-0.013,-0.079,0.085
0.01,0.015,-0.015,-0.004,-0.014,-0.081,0.085
0.006,0.015,-0.013,-0.003,-0.015,-0.084,0.085
0.002,0.015,-0.012,-0.001,-0.016,-0.087,0.085
-0.002,0.016,-0.01,0,-0.017,-0.089,0.085
-0.005,0.016,-0.008,0.001,-0.017,-0.091,0.085
-0.008,0.017,-0.006,0.003,-0.018,-0.093,0.086
-0.011,0.018,-0.004,0.004,-0.018,-0.095,0.086
-0.013,0.019,-0.002,0.005,-0.018,-0.096,0.086
-0.015,0.019,0,0.007,-0.018,-0.097,0.087
-0.017,0.02,0.002,0.008,-0.018,-0.098,0.087
-0.018,0.021,0.004,0.009,-0.017,-0.098,0.087
-0.019,0.022,0.006,0.01,-0.016,-0.098,0.087
-0.019,0.022,0.008,0.011,-0.015,-0.098,0.088
-0.019,0.023,0.009,0.011,-0.014,-0.098,0.088
-0.018,0.023,0.011,0.012,-0.013,-0.097,0.088
-0.017,0.023,0.012,0.012,-0.011,-0.096,0.088
-0.016,0.023,0.013,0.012,-0.01,-0.095,0.088
-0.015,0.023,0.014,0.012,-0.008,-0.094,0.088
-0.013,0.022,0.015,0.012,-0.007,-0.093,0.087
-0.012,0.022,0.015,0.012,-0.005,-0.092,0.087
-0.01,0.021,0.014,0.011,-0.003,-0.091,0.087
-0.008,0.019,0.013,0.01,-0.002,-0.09,0.086
-0.005,0.018,0.012,0.009,-0.001,-0.089,0.086
-0.003,0.016,0.011,0.008,0,-0.088,0.085
-0.001,0.014,0.008,0.006,0.001,-0.087,0.084
0.001,0.012,0.006,0.004,0.002,-0.086,0.084
0.003,0.009,0.003,0.002,0.002,-0.086,0.083
0.005,0.007,0,0,0.003,-0.086,0.082
0.006,0.004,-0.004,-0.002,0.002,-0.086,0.08
0.008,0.001,-0.008,-0.004,0.002,-0.086,0.079
0.009,-0.002,-0.013,-0.007,0.001,-0.087,0.078
0.01,-0.006,-0.017,-0.009,0,-0.087,0.076
0.011,-0.009,-0.022,-0.012,-0.002,-0.088,0.074
0.012,-0.012,-0.027,-0.014,-0.004,-0.089,0.072
0.012,-0.015,-0.032,-0.017,-0.006,-0.091,0.07
0.012,-0.018,-0.037,-0.02,-0.008,-0.092,0.068
0.012,-0.022,-0.041,-0.023,-0.011,-0.094,0.065
0.012,-0.025,-0.046,-0.025,-0.014,-0.096,0.062
0.012,-0.027,-0.051,-0.028,-0.017,-0.098,0.059
0.011,-0.03,-0.055,-0.031,-0.021,-0.1,0.056
0.011,-0.033,-0.06,-0.033,-0.024,-0.102,0.053
0.01,-0.035,-0.064,-0.036,-0.028,-0.104,0.049
0.009,-0.038,-0.067,-0.038,-0.032,-0.106,0.045
0.008,-0.04,-0.071,-0.04,-0.036,-0.109,0.041
0.007,-0.041,-0.074,-0.042,-0.04,-0.111,0.037
0.005,-0.043,-0.077,-0.044,-0.044,-0.113,0.033
0.004,-0.045,-0.079,-0.046,-0.047,-0.115,0.028
0.003,-0.046,-0.081,-0.048,-0.051,-0.117,0.024
0.001,-0.047,-0.083,-0.05,-0.055,-0.119,0.019
0,-0.048,-0.085,-0.052,-0.058,-0.121,0.015
-0.002,-0.049,-0.087,-0.053,-0.062,-0.123,0.01
-0.003,-0.05,-0.088,-0.054,-0.065,-0.124,0.006
-0.005,-0.051,-0.089,-0.056,-0.068,-0.126,0.001
-0.007,-0.052,-0.09,-0.057,-0.071,-0.127,-0.003
-0.008,-0.053,-0.091,-0.058,-0.073,-0.128,-0.007
-0.01,-0.054,-0.091,-0.059,-0.076,-0.13,-0.011
-0.012,-0.054,-0.092,-0.06,-0.078,-0.131,-0.015
-0.015,-0.055,-0.093,-0.061,-0.08,-0.132,-0.019
-0.017,-0.056,-0.093,-0.062,-0.082,-0.133,-0.022
-0.019,-0.058,-0.094,-0.063,-0.083,-0.134,-0.025
-0.022,-0.059,-0.095,-0.064,-0.085,-0.135,-0.028
-0.025,-0.06,-0.096,-0.065,-0.086,-0.137,-0.031
-0.028,-0.061,-0.096,-0.066,-0.087,-0.138,-0.033
-0.032,-0.063,-0.097,-0.067,-0.089,-0.139,-0.035
-0.035,-0.064,-0.098,-0.068,-0.089,-0.141,-0.037
-0.039,-0.066,-0.099,-0.069,-0.09,-0.142,-0.039
-0.043,-0.068,-0.1,-0.07,-0.091,-0.144,-0.04
-0.047,-0.069,-0.101,-0.071,-0.092,-0.145,-0.041
-0.051,-0.071,-0.102,-0.072,-0.093,-0.147,-0.042
-0.055,-0.072,-0.103,-0.073,-0.093,-0.149,-0.042
-0.06,-0.074,-0.103,-0.074,-0.094,-0.151,-0.042
-0.064,-0.075,-0.104,-0.075,-0.094,-0.152,-0.042
-0.069,-0.076,-0.104,-0.075,-0.095,-0.154,-0.042
-0.073,-0.076,-0.104,-0.076,-0.095,-0.156,-0.041
-0.078,-0.077,-0.104,-0.076,-0.096,-0.157,-0.039
-0.082,-0.077,-0.104,-0.076,-0.096,-0.159,-0.038
-0.086,-0.076,-0.103,-0.076,-0.097,-0.16,-0.036
-0.09,-0.076,-0.102,-0.075,-0.097,-0.161,-0.034
-0.094,-0.075,-0.101,-0.074,-0.098,-0.161,-0.031
-0.097,-0.073,-0.099,-0.074,-0.098,-0.162,-0.028
-0.1,-0.072,-0.097,-0.072,-0.098,-0.162,-0.025
-0.103,-0.07,-0.095,-0.071,-0.098,-0.161,-0.022
-0.106,-0.067,-0.092,-0.069,-0.098,-0.161,-0.018
-0.108,-0.064,-0.089,-0.067,-0.098,-0.16,-0.014
-0.109,-0.061,-0.085,-0.064,-0.098,-0.158,-0.01
-0.111,-0.058,-0.082,-0.062,-0.097,-0.157,-0.006
-0.112,-0.055,-0.078,-0.059,-0.097,-0.155,-0.001
-0.112,-0.051,-0.074,-0.056,-0.096,-0.153,0.003
-0.112,-0.048,-0.07,-0.053,-0.095,-0.15,0.008
-0.111,-0.044,-0.065,-0.05,-0.093,-0.148,0.012
-0.11,-0.04,-0.061,-0.046,-0.092,-0.145,0.017
-0.109,-0.037,-0.057,-0.043,-0.09,-0.142,0.022
-0.107,-0.033,-0.053,-0.039,-0.089,-0.139,0.026
-0.105,-0.03,-0.049,-0.036,-0.087,-0.137,0.03
-0.103,-0.027,-0.045,-0.032,-0.085,-0.134,0.034
-0.1,-0.024,-0.042,-0.029,-0.082,-0.131,0.038
-0.096,-0.021,-0.039,-0.025,-0.08,-0.128,0.041
-0.093,-0.018,-0.036,-0.022,-0.077,-0.125,0.044
-0.089,-0.016,-0.033,-0.019,-0.075,-0.122,0.047
-0.085,-0.014,-0.031,-0.016,-0.072,-0.12,0.049
-0.081,-0.013,-0.029,-0.014,-0.07,-0.118,0.051
-0.077,-0.012,-0.028,-0.012,-0.068,-0.116,0.053
-0.072,-0.011,-0.027,-0.01,-0.065,-0.114,0.054
-0.068,-0.01,-0.027,-0.008,-0.063,-0.112,0.054
-0.063,-0.01,-0.027,-0.006,-0.061,-0.11,0.054
-0.058,-0.01,-0.027,-0.005,-0.059,-0.109,0.054
-0.054,-0.011,-0.028,-0.004,-0.057,-0.108,0.053
-0.049,-0.011,-0.029,-0.004,-0.055,-0.106,0.052
-0.044,-0.012,-0.03,-0.004,-0.054,-0.105,0.05
-0.04,-0.013,-0.032,-0.004,-0.053,-0.104,0.049
-0.035,-0.014,-0.033,-0.004,-0.052,-0.104,0.047
-0.031,-0.015,-0.036,-0.004,-0.051,-0.103,0.044
-0.027,-0.016,-0.038,-0.005,-0.051,-0.102,0.042
-0.023,-0.017,-0.04,-0.006,-0.051,-0.101,0.039
-0.019,-0.018,-0.042,-0.007,-0.051,-0.101,0.036
-0.015,-0.019,-0.045,-0.009,-0.051,-0.1,0.033
-0.012,-0.02,-0.047,-0.01,-0.052,-0.099,0.03
-0.009,-0.021,-0.049,-0.012,-0.052,-0.099,0.028
-0.007,-0.022,-0.052,-0.013,-0.053,-0.098,0.025
-0.004,-0.023,-0.054,-0.015,-0.054,-0.098,0.022
-0.002,-0.023,-0.055,-0.017,-0.055,-0.098,0.02
-0.001,-0.023,-0.057,-0.018,-0.057,-0.098,0.018
0.001,-0.024,-0.058,-0.02,-0.058,-0.098,0.015
0.002,-0.023,-0.059,-0.022,-0.06,-0.098,0.014
0.002,-0.023,-0.06,-0.023,-0.061,-0.098,0.012
0.003,-0.023,-0.06,-0.024,-0.063,-0.099,0.011
0.003,-0.022,-0.06,-0.025,-0.064,-0.1,0.01
0.002,-0.021,-0.06,-0.026,-0.066,-0.101,0.009
0.002,-0.02,-0.06,-0.027,-0.067,-0.102,0.008
0.001,-0.019,-0.059,-0.027,-0.069,-0.103,0.008
0,-0.018,-0.058,-0.028,-0.07,-0.105,0.007
-0.001,-0.017,-0.057,-0.028,-0.071,-0.107,0.007
-0.003,-0.015,-0.056,-0.028,-0.072,-0.11,0.008
-0.004,-0.014,-0.054,-0.027,-0.073,-0.112,0.008
-0.006,-0.013,-0.052,-0.027,-0.073,-0.115,0.008
-0.008,-0.012,-0.051,-0.026,-0.074,-0.118,0.009
-0.01,-0.011,-0.049,-0.025,-0.074,-0.12,0.009
-0.012,-0.011,-0.047,-0.024,-0.074,-0.123,0.01
-0.013,-0.01,-0.045,-0.023,-0.074,-0.126,0.01
-0.015,-0.01,-0.043,-0.022,-0.074,-0.129,0.01
-0.017,-0.01,-0.041,-0.02,-0.073,-0.132,0.011
-0.019,-0.011,-0.039,-0.019,-0.073,-0.135,0.011
-0.02,-0.012,-0.037,-0.017,-0.072,-0.138,0.011
-0.022,-0.013,-0.035,-0.016,-0.071,-0.14,0.011
-0.023,-0.014,-0.034,-0.014,-0.07,-0.142,0.011
-0.024,-0.016,-0.032,-0.012,-0.069,-0.144,0.011
-0.024,-0.018,-0.031,-0.011,-0.067,-0.145,0.01
-0.025,-0.021,-0.03,-0.009,-0.066,-0.146,0.01
-0.025,-0.024,-0.029,-0.008,-0.065,-0.147,0.009
-0.025,-0.026,-0.027,-0.006,-0.063,-0.147,0.008
-0.025,-0.029,-0.027,-0.005,-0.062,-0.146,0.007
-0.025,-0.033,-0.026,-0.004,-0.06,-0.146,0.006
-0.024,-0.036,-0.025,-0.002,-0.059,-0.144,0.005
-0.023,-0.039,-0.025,-0.001,-0.057,-0.142,0.004
-0.022,-0.042,-0.024,-0.001,-0.056,-0.14,0.003
-0.021,-0.045,-0.024,0,-0.055,-0.137,0.003
-0.019,-0.047,-0.023,0.001,-0.053,-0.134,0.002
-0.018,-0.05,-0.023,0.001,-0.052,-0.13,0.001
-0.016,-0.052,-0.023,0.001,-0.05,-0.126,0
-0.014,-0.054,-0.023,0.002,-0.049,-0.122,0
-0.012,-0.056,-0.023,0.002,-0.048,-0.117,0
-0.01,-0.057,-0.023,0.001,-0.047,-0.113,-0.001
-0.008,-0.058,-0.023,0.001,-0.046,-0.108,0
-0.006,-0.058,-0.023,0.001,-0.045,-0.103,0
-0.004,-0.058,-0.023,0,-0.043,-0.098,0
-0.002,-0.058,-0.023,0,-0.042,-0.093,0.001
0,-0.057,-0.023,-0.001,-0.041,-0.088,0.002
0.002,-0.056,-0.023,-0.001,-0.04,-0.083,0.003
0.003,-0.054,-0.024,-0.002,-0.04,-0.079,0.004
0.005,-0.053,-0.024,-0.003,-0.039,-0.074,0.005
0.006,-0.051,-0.024,-0.003,-0.038,-0.071,0.007
0.007,-0.048,-0.024,-0.004,-0.037,-0.067,0.008
0.008,-0.046,-0.024,-0.004,-0.036,-0.064,0.01
0.009,-0.043,-0.024,-0.005,-0.035,-0.062,0.012
0.009,-0.041,-0.024,-0.005,-0.035,-0.06,0.013
0.01,-0.038,-0.025,-0.006,-0.034,-0.058,0.015
0.01,-0.035,-0.025,-0.006,-0.034,-0.058,0.016
0.01,-0.032,-0.025,-0.006,-0.033,-0.057,0.017
0.01,-0.03,-0.025,-0.006,-0.033,-0.057,0.018
0.01,-0.027,-0.025,-0.006,-0.033,-0.058,0.019
0.009,-0.024,-0.025,-0.006,-0.032,-0.059,0.02
0.009,-0.022,-0.025,-0.006,-0.032,-0.061,0.02
0.008,-0.02,-0.025,-0.006,-0.032,-0.063,0.02
0.008,-0.018,-0.025,-0.006,-0.032,-0.065,0.02
0.007,-0.016,-0.025,-0.006,-0.032,-0.068,0.019
0.006,-0.015,-0.025,-0.005,-0.032,-0.071,0.018
0.006,-0.013,-0.025,-0.005,-0.032,-0.074,0.017
0.005,-0.012,-0.025,-0.005,-0.032,-0.078,0.016
0.004,-0.012,-0.025,-0.004,-0.032,-0.081,0.014
0.003,-0.011,-0.025,-0.004,-0.032,-0.085,0.012
0.003,-0.011,-0.025,-0.004,-0.033,-0.088,0.009
0.002,-0.011,-0.025,-0.004,-0.033,-0.091,0.007
0.001,-0.012,-0.025,-0.003,-0.033,-0.095,0.004
0,-0.012,-0.025,-0.003,-0.032,-0.098,0.001
0,-0.013,-0.025,-0.003,-0.032,-0.101,-0.002
-0.001,-0.014,-0.025,-0.003,-0.032,-0.103,-0.006
-0.002,-0.015,-0.025,-0.003,-0.032,-0.106,-0.009
-0.002,-0.017,-0.026,-0.003,-0.031,-0.108,-0.012
-0.003,-0.018,-0.026,-0.003,-0.031,-0.11,-0.016
-0.003,-0.02,-0.026,-0.003,-0.03,-0.111,-0.019
-0.004,-0.022,-0.026,-0.003,-0.03,-0.112,-0.022
-0.004,-0.024,-0.026,-0.003,-0.029,-0.113,-0.026
-0.005,-0.026,-0.026,-0.003,-0.028,-0.114,-0.029
-0.005,-0.028,-0.026,-0.004,-0.028,-0.114,-0.031
-0.005,-0.03,-0.026,-0.004,-0.027,-0.114,-0.034
-0.006,-0.032,-0.026,-0.004,-0.026,-0.114,-0.036
-0.006,-0.034,-0.026,-0.004,-0.025,-0.113,-0.038
-0.006,-0.036,-0.026,-0.004,-0.024,-0.112,-0.04
-0.006,-0.038,-0.026,-0.004,-0.023,-0.111,-0.041
-0.006,-0.04,-0.026,-0.003,-0.022,-0.11,-0.042
-0.006,-0.042,-0.025,-0.003,-0.021,-0.109,-0.043
-0.006,-0.044,-0.025,-0.003,-0.02,-0.107,-0.043
-0.006,-0.045,-0.024,-0.003,-0.019,-0.106,-0.043
-0.006,-0.047,-0.024,-0.002,-0.018,-0.105,-0.043
-0.006,-0.049,-0.023,-0.002,-0.018,-0.103,-0.042
-0.005,-0.05,-0.023,-0.002,-0.017,-0.102,-0.042
-0.005,-0.051,-0.022,-0.001,-0.016,-0.101,-0.041
-0.005,-0.053,-0.021,-0.001,-0.016,-0.099,-0.04
-0.004,-0.054,-0.02,-0.001,-0.015,-0.098,-0.038
-0.004,-0.055,-0.02,-0.001,-0.015,-0.097,-0.037
-0.004,-0.056,-0.019,-0.001,-0.015,-0.097,-0.036
-0.004,-0.057,-0.018,-0.001,-0.015,-0.096,-0.035
-0.004,-0.058,-0.017,-0.001,-0.015,-0.096,-0.034
-0.004,-0.06,-0.017,-0.002,-0.015,-0.096,-0.033
-0.004,-0.061,-0.016,-0.002,-0.016,-0.096,-0.032
-0.004,-0.062,-0.016,-0.003,-0.016,-0.097,-0.032
-0.004,-0.064,-0.016,-0.004,-0.017,-0.097,-0.032
-0.005,-0.066,-0.016,-0.006,-0.018,-0.099,-0.032
-0.006,-0.067,-0.016,-0.007,-0.02,-0.1,-0.033
-0.006,-0.069,-0.016,-0.009,-0.021,-0.102,-0.034
-0.008,-0.071,-0.017,-0.011,-0.023,-0.104,-0.035
-0.009,-0.073,-0.018,-0.014,-0.025,-0.106,-0.037
-0.011,-0.076,-0.019,-0.016,-0.027,-0.109,-0.039
-0.013,-0.078,-0.021,-0.019,-0.03,-0.111,-0.042
-0.015,-0.081,-0.023,-0.022,-0.033,-0.115,-0.045
-0.018,-0.083,-0.025,-0.026,-0.036,-0.118,-0.049
-0.021,-0.086,-0.028,-0.029,-0.039,-0.121,-0.053
-0.024,-0.089,-0.031,-0.033,-0.042,-0.125,-0.058
-0.027,-0.092,-0.034,-0.036,-0.045,-0.129,-0.062
-0.031,-0.095,-0.037,-0.04,-0.049,-0.133,-0.067
-0.035,-0.098,-0.041,-0.044,-0.052,-0.137,-0.073
-0.039,-0.101,-0.045,-0.048,-0.056,-0.141,-0.078
-0.044,-0.104,-0.05,-0.051,-0.06,-0.146,-0.084
-0.048,-0.108,-0.054,-0.055,-0.063,-0.15,-0.09
-0.053,-0.111,-0.059,-0.059,-0.067,-0.154,-0.096
-0.058,-0.114,-0.064,-0.063,-0.071,-0.159,-0.102
-0.063,-0.117,-0.069,-0.067,-0.074,-0.163,-0.109
-0.068,-0.12,-0.074,-0.071,-0.078,-0.168,-0.115
-0.073,-0.123,-0.079,-0.075,-0.082,-0.172,-0.121
-0.078,-0.127,-0.085,-0.078,-0.085,-0.177,-0.128
-0.083,-0.13,-0.09,-0.082,-0.089,-0.181,-0.134
-0.088,-0.133,-0.096,-0.086,-0.092,-0.186,-0.141
-0.093,-0.137,-0.101,-0.09,-0.095,-0.19,-0.147
-0.098,-0.141,-0.107,-0.094,-0.098,-0.195,-0.153
-0.103,-0.144,-0.112,-0.098,-0.102,-0.2,-0.16
-0.107,-0.148,-0.118,-0.102,-0.105,-0.205,-0.166
-0.112,-0.152,-0.123,-0.107,-0.107,-0.21,-0.172
-0.116,-0.156,-0.129,-0.111,-0.11,-0.215,-0.179
-0.12,-0.161,-0.134,-0.116,-0.113,-0.22,-0.185
-0.124,-0.166,-0.14,-0.121,-0.116,-0.225,-0.191
-0.127,-0.171,-0.145,-0.127,-0.118,-0.23,-0.197
-0.131,-0.176,-0.15,-0.132,-0.121,-0.236,-0.203
-0.134,-0.181,-0.156,-0.138,-0.124,-0.242,-0.209
-0.137,-0.187,-0.161,-0.144,-0.126,-0.248,-0.215
-0.14,-0.193,-0.166,-0.151,-0.129,-0.254,-0.22
-0.142,-0.199,-0.172,-0.157,-0.131,-0.26,-0.226
-0.144,-0.205,-0.177,-0.164,-0.134,-0.267,-0.231
-0.146,-0.212,-0.182,-0.172,-0.136,-0.273,-0.237
-0.148,-0.219,-0.188,-0.179,-0.138,-0.28,-0.242
-0.15,-0.226,-0.193,-0.186,-0.141,-0.287,-0.247
-0.151,-0.232,-0.198,-0.194,-0.143,-0.294,-0.252
-0.153,-0.239,-0.203,-0.201,-0.145,-0.301,-0.256
-0.154,-0.246,-0.208,-0.209,-0.147,-0.308,-0.26
-0.155,-0.253,-0.213,-0.216,-0.149,-0.316,-0.264
-0.156,-0.26,-0.219,-0.223,-0.151,-0.323,-0.268
-0.156,-0.267,-0.223,-0.23,-0.153,-0.33,-0.271
-0.157,-0.273,-0.228,-0.236,-0.154,-0.337,-0.274
-0.157,-0.279,-0.233,-0.242,-0.156,-0.343,-0.277
-0.158,-0.285,-0.238,-0.247,-0.157,-0.349,-0.279
-0.158,-0.29,-0.242,-0.252,-0.158,-0.355,-0.281
-0.158,-0.295,-0.246,-0.256,-0.158,-0.36,-0.282
-0.157,-0.3,-0.25,-0.259,-0.159,-0.365,-0.283
-0.157,-0.304,-0.253,-0.262,-0.159,-0.369,-0.283
-0.156,-0.307,-0.257,-0.264,-0.158,-0.373,-0.283
-0.155,-0.309,-0.259,-0.264,-0.158,-0.375,-0.282
-0.153,-0.311,-0.262,-0.264,-0.157,-0.377,-0.28
-0.152,-0.312,-0.263,-0.263,-0.155,-0.378,-0.278
-0.15,-0.312,-0.265,-0.261,-0.153,-0.378,-0.275
-0.147,-0.311,-0.265,-0.258,-0.151,-0.377,-0.272
-0.144,-0.309,-0.265,-0.253,-0.148,-0.375,-0.267
-0.141,-0.307,-0.264,-0.248,-0.145,-0.372,-0.263
-0.138,-0.303,-0.263,-0.243,-0.141,-0.369,-0.257
-0.134,-0.299,-0.26,-0.236,-0.137,-0.364,-0.251
-0.129,-0.294,-0.257,-0.228,-0.133,-0.358,-0.244
-0.125,-0.288,-0.253,-0.22,-0.128,-0.352,-0.236
-0.119,-0.281,-0.249,-0.211,-0.123,-0.344,-0.228
-0.114,-0.274,-0.243,-0.201,-0.118,-0.336,-0.219
-0.108,-0.266,-0.237,-0.191,-0.112,-0.328,-0.21
-0.102,-0.257,-0.23,-0.181,-0.106,-0.318,-0.201
-0.096,-0.247,-0.223,-0.17,-0.099,-0.309,-0.191
-0.089,-0.237,-0.215,-0.159,-0.093,-0.298,-0.18
-0.082,-0.227,-0.206,-0.147,-0.086,-0.288,-0.17
-0.076,-0.217,-0.197,-0.136,-0.079,-0.277,-0.16
-0.069,-0.206,-0.188,-0.125,-0.073,-0.267,-0.149
-0.062,-0.195,-0.178,-0.113,-0.066,-0.256,-0.138
-0.055,-0.183,-0.168,-0.102,-0.059,-0.245,-0.128
-0.048,-0.172,-0.158,-0.091,-0.052,-0.235,-0.117
-0.041,-0.161,-0.148,-0.08,-0.045,-0.225,-0.107
-0.035,-0.15,-0.137,-0.07,-0.038,-0.215,-0.097
-0.028,-0.139,-0.127,-0.06,-0.031,-0.205,-0.088
-0.022,-0.128,-0.118,-0.05,-0.024,-0.195,-0.078
-0.016,-0.118,-0.108,-0.041,-0.018,-0.186,-0.07
-0.01,-0.108,-0.099,-0.032,-0.011,-0.178,-0.061
-0.004,-0.098,-0.09,-0.023,-0.005,-0.169,-0.053
0.001,-0.088,-0.081,-0.015,0.002,-0.161,-0.046
0.007,-0.079,-0.073,-0.007,0.008,-0.154,-0.038
0.012,-0.07,-0.065,0,0.014,-0.146,-0.032
0.017,-0.061,-0.058,0.007,0.02,-0.139,-0.025
0.022,-0.053,-0.051,0.014,0.026,-0.132,-0.019
0.026,-0.045,-0.044,0.021,0.033,-0.125,-0.014
0.031,-0.038,-0.037,0.027,0.039,-0.118,-0.009
0.035,-0.031,-0.031,0.034,0.045,-0.112,-0.004
0.04,-0.024,-0.025,0.04,0.051,-0.105,0.001
0.044,-0.017,-0.019,0.046,0.057,-0.098,0.005
0.048,-0.011,-0.013,0.052,0.064,-0.091,0.009
0.053,-0.005,-0.007,0.058,0.07,-0.084,0.013
0.057,0.001,-0.002,0.064,0.076,-0.076,0.017
0.062,0.007,0.004,0.07,0.083,-0.069,0.02
0.066,0.012,0.01,0.076,0.089,-0.061,0.024
0.07,0.017,0.016,0.082,0.096,-0.053,0.027
0.075,0.022,0.022,0.088,0.102,-0.045,0.03
0.079,0.027,0.028,0.093,0.109,-0.037,0.033
0.084,0.031,0.034,0.099,0.115,-0.029,0.036
0.088,0.035,0.041,0.104,0.122,-0.021,0.039
0.092,0.039,0.047,0.109,0.128,-0.013,0.042
0.097,0.043,0.054,0.114,0.134,-0.005,0.045
0.101,0.046,0.061,0.118,0.14,0.002,0.047
0.105,0.048,0.067,0.122,0.145,0.009,0.049
0.109,0.051,0.074,0.126,0.151,0.016,0.051
0.113,0.053,0.08,0.129,0.155,0.022,0.053
0.116,0.054,0.087,0.132,0.16,0.028,0.055
0.119,0.055,0.093,0.135,0.164,0.033,0.056
0.122,0.055,0.099,0.136,0.168,0.037,0.056
0.125,0.055,0.105,0.137,0.171,0.041,0.057
0.127,0.054,0.11,0.138,0.173,0.044,0.056
0.129,0.053,0.115,0.138,0.175,0.045,0.056
0.13,0.052,0.119,0.138,0.177,0.046,0.055
0.131,0.049,0.123,0.136,0.178,0.047,0.053
0.132,0.047,0.126,0.135,0.178,0.046,0.051
0.132,0.044,0.129,0.132,0.178,0.045,0.048
0.131,0.04,0.131,0.13,0.177,0.042,0.045
0.13,0.036,0.132,0.126,0.175,0.04,0.041
0.129,0.032,0.133,0.123,0.173,0.036,0.037
0.127,0.027,0.133,0.119,0.171,0.032,0.032
0.125,0.022,0.132,0.114,0.168,0.027,0.027
0.122,0.016,0.131,0.109,0.164,0.022,0.021
0.119,0.011,0.129,0.105,0.16,0.017,0.015
0.116,0.005,0.127,0.099,0.156,0.011,0.009
0.112,0,0.124,0.094,0.152,0.005,0.002
0.108,-0.006,0.12,0.089,0.147,-0.001,-0.004
0.104,-0.012,0.116,0.084,0.142,-0.007,-0.011
0.099,-0.018,0.112,0.078,0.136,-0.013,-0.018
0.095,-0.023,0.107,0.073,0.131,-0.018,-0.025
0.09,-0.029,0.102,0.068,0.126,-0.024,-0.032
0.085,-0.034,0.097,0.063,0.12,-0.029,-0.039
0.08,-0.039,0.092,0.059,0.115,-0.033,-0.045
0.075,-0.043,0.086,0.055,0.11,-0.038,-0.051
0.07,-0.048,0.08,0.051,0.105,-0.042,-0.057
0.065,-0.052,0.074,0.047,0.1,-0.045,-0.063
0.06,-0.056,0.069,0.043,0.095,-0.048,-0.067
0.055,-0.059,0.063,0.04,0.091,-0.051,-0.072
0.051,-0.062,0.057,0.037,0.087,-0.053,-0.076
0.046,-0.065,0.052,0.035,0.083,-0.054,-0.079
0.042,-0.067,0.047,0.033,0.079,-0.055,-0.082
0.039,-0.069,0.042,0.031,0.076,-0.056,-0.084
0.035,-0.07,0.037,0.03,0.073,-0.056,-0.086
0.032,-0.072,0.033,0.028,0.071,-0.056,-0.087
0.029,-0.072,0.029,0.027,0.069,-0.056,-0.088
0.026,-0.073,0.026,0.027,0.067,-0.055,-0.088
0.024,-0.073,0.022,0.026,0.065,-0.054,-0.087
0.021,-0.073,0.019,0.026,0.064,-0.053,-0.086
0.019,-0.073,0.017,0.025,0.063,-0.052,-0.085
0.018,-0.073,0.015,0.025,0.062,-0.051,-0.083
0.016,-0.072,0.013,0.025,0.062,-0.05,-0.081
0.015,-0.071,0.012,0.025,0.061,-0.048,-0.079
0.013,-0.07,0.011,0.025,0.061,-0.047,-0.077
0.012,-0.069,0.01,0.025,0.062,-0.046,-0.075
0.011,-0.068,0.01,0.025,0.062,-0.045,-0.072
0.011,-0.067,0.01,0.025,0.063,-0.044,-0.069
0.01,-0.066,0.01,0.025,0.063,-0.044,-0.067
0.01,-0.065,0.01,0.025,0.064,-0.043,-0.065
0.009,-0.065,0.011,0.025,0.065,-0.043,-0.062
0.009,-0.064,0.011,0.024,0.067,-0.043,-0.06
0.009,-0.063,0.012,0.024,0.068,-0.043,-0.058
0.009,-0.063,0.013,0.023,0.069,-0.043,-0.057
0.009,-0.062,0.014,0.023,0.071,-0.044,-0.055
0.009,-0.062,0.016,0.022,0.072,-0.044,-0.054
0.009,-0.062,0.017,0.022,0.074,-0.045,-0.054
0.009,-0.062,0.018,0.021,0.076,-0.046,-0.053
0.009,-0.062,0.019,0.021,0.077,-0.048,-0.053
0.01,-0.063,0.02,0.02,0.079,-0.049,-0.053
0.01,-0.064,0.021,0.02,0.08,-0.05,-0.054
0.011,-0.065,0.021,0.019,0.082,-0.052,-0.055
0.011,-0.066,0.022,0.018,0.084,-0.053,-0.056
0.012,-0.067,0.023,0.018,0.085,-0.055,-0.057
0.013,-0.068,0.023,0.017,0.087,-0.056,-0.058
0.013,-0.07,0.023,0.017,0.088,-0.058,-0.06
0.014,-0.071,0.024,0.016,0.089,-0.059,-0.062
0.014,-0.073,0.024,0.016,0.09,-0.061,-0.063
0.015,-0.075,0.024,0.015,0.092,-0.062,-0.065
0.016,-0.076,0.023,0.015,0.092,-0.063,-0.067
0.016,-0.078,0.023,0.015,0.093,-0.065,-0.069
0.017,-0.08,0.023,0.015,0.094,-0.066,-0.07
0.017,-0.082,0.023,0.015,0.094,-0.067,-0.072
0.017,-0.084,0.022,0.015,0.095,-0.067,-0.073
0.018,-0.085,0.022,0.015,0.095,-0.068,-0.075
0.018,-0.087,0.022,0.015,0.095,-0.069,-0.076
0.018,-0.089,0.021,0.015,0.095,-0.069,-0.077
0.018,-0.09,0.021,0.015,0.095,-0.069,-0.078
0.018,-0.092,0.021,0.015,0.094,-0.069,-0.078
0.018,-0.093,0.021,0.016,0.094,-0.069,-0.079
0.017,-0.095,0.02,0.016,0.093,-0.069,-0.079
0.017,-0.096,0.02,0.017,0.092,-0.069,-0.079
0.016,-0.097,0.02,0.017,0.091,-0.068,-0.079
0.016,-0.098,0.02,0.018,0.09,-0.068,-0.079
0.015,-0.099,0.02,0.019,0.089,-0.067,-0.078
0.014,-0.099,0.02,0.019,0.088,-0.066,-0.077
0.014,-0.1,0.02,0.02,0.087,-0.065,-0.077
0.013,-0.1,0.02,0.021,0.086,-0.064,-0.076
0.012,-0.1,0.02,0.021,0.085,-0.062,-0.075
0.011,-0.1,0.02,0.022,0.083,-0.061,-0.073
0.01,-0.1,0.02,0.023,0.082,-0.059,-0.072
0.009,-0.1,0.02,0.024,0.081,-0.058,-0.071
0.008,-0.099,0.02,0.025,0.08,-0.056,-0.07
0.008,-0.099,0.02,0.026,0.078,-0.055,-0.069
0.007,-0.098,0.021,0.026,0.077,-0.053,-0.068
0.006,-0.097,0.021,0.027,0.076,-0.051,-0.066
0.006,-0.096,0.021,0.028,0.075,-0.05,-0.065
0.005,-0.094,0.021,0.029,0.075,-0.048,-0.065
0.005,-0.093,0.021,0.029,0.074,-0.047,-0.064
0.004,-0.091,0.022,0.03,0.073,-0.045,-0.063
0.004,-0.09,0.022,0.03,0.073,-0.044,-0.063
0.004,-0.088,0.022,0.031,0.072,-0.043,-0.063
0.004,-0.087,0.022,0.031,0.072,-0.043,-0.063
0.004,-0.085,0.022,0.031,0.071,-0.042,-0.063
0.004,-0.084,0.022,0.031,0.071,-0.042,-0.063
0.005,-0.083,0.022,0.031,0.071,-0.041,-0.064
0.005,-0.081,0.022,0.031,0.071,-0.042,-0.065
0.006,-0.081,0.022,0.03,0.071,-0.042,-0.066
0.006,-0.08,0.022,0.03,0.071,-0.043,-0.067
0.007,-0.08,0.022,0.03,0.071,-0.044,-0.068
0.007,-0.079,0.021,0.029,0.072,-0.045,-0.069
0.008,-0.08,0.021,0.028,0.072,-0.047,-0.071
0.008,-0.08,0.021,0.028,0.072,-0.048,-0.072
0.009,-0.081,0.02,0.027,0.073,-0.05,-0.074
0.009,-0.083,0.02,0.026,0.073,-0.052,-0.075
0.01,-0.084,0.019,0.025,0.074,-0.055,-0.076
0.01,-0.086,0.018,0.024,0.074,-0.057,-0.078
0.01,-0.089,0.018,0.023,0.075,-0.06,-0.079
0.01,-0.092,0.017,0.023,0.076,-0.063,-0.08
0.01,-0.095,0.016,0.022,0.076,-0.066,-0.081
0.01,-0.098,0.015,0.021,0.077,-0.069,-0.082
0.01,-0.101,0.015,0.02,0.078,-0.072,-0.082
0.01,-0.105,0.014,0.019,0.079,-0.074,-0.083
0.009,-0.109,0.013,0.019,0.079,-0.077,-0.083
0.009,-0.112,0.012,0.018,0.08,-0.08,-0.083
0.008,-0.116,0.011,0.018,0.081,-0.082,-0.083
0.008,-0.12,0.011,0.017,0.082,-0.084,-0.083
0.007,-0.124,0.01,0.017,0.082,-0.086,-0.082
0.006,-0.127,0.01,0.017,0.083,-0.088,-0.081
0.006,-0.13,0.009,0.016,0.084,-0.089,-0.081
0.005,-0.134,0.009,0.016,0.085,-0.091,-0.079
0.004,-0.136,0.009,0.016,0.085,-0.091,-0.078
0.003,-0.139,0.009,0.016,0.086,-0.092,-0.077
0.003,-0.141,0.009,0.016,0.086,-0.092,-0.076
0.002,-0.143,0.01,0.016,0.087,-0.092,-0.074
0.002,-0.144,0.01,0.016,0.088,-0.091,-0.073
0.001,-0.146,0.011,0.017,0.088,-0.09,-0.071
0.001,-0.146,0.012,0.017,0.088,-0.089,-0.069
0.001,-0.147,0.013,0.017,0.089,-0.088,-0.068
0,-0.147,0.015,0.017,0.089,-0.086,-0.066
0,-0.147,0.016,0.017,0.089,-0.084,-0.065
0,-0.146,0.018,0.017,0.089,-0.083,-0.064
0,-0.145,0.019,0.017,0.09,-0.08,-0.062
0,-0.144,0.021,0.017,0.09,-0.078,-0.061
0,-0.143,0.023,0.017,0.089,-0.076,-0.06
0,-0.142,0.024,0.017,0.089,-0.074,-0.059
0,-0.141,0.026,0.017,0.089,-0.072,-0.059
0,-0.14,0.027,0.016,0.089,-0.07,-0.058
0.001,-0.138,0.029,0.015,0.088,-0.068,-0.058
0.001,-0.137,0.03,0.015,0.088,-0.066,-0.058
0.001,-0.136,0.031,0.014,0.087,-0.064,-0.057
0.001,-0.135,0.032,0.013,0.087,-0.062,-0.058
0.001,-0.134,0.033,0.012,0.086,-0.061,-0.058
0.001,-0.133,0.033,0.011,0.085,-0.06,-0.058
0.001,-0.132,0.033,0.01,0.084,-0.059,-0.058
0.001,-0.132,0.033,0.009,0.083,-0.058,-0.059
0.001,-0.132,0.033,0.007,0.082,-0.057,-0.059
0.001,-0.132,0.032,0.006,0.081,-0.057,-0.059
0.001,-0.132,0.031,0.005,0.08,-0.056,-0.06
0.001,-0.132,0.03,0.004,0.079,-0.056,-0.06
0.001,-0.133,0.029,0.003,0.078,-0.056,-0.06
0.001,-0.133,0.028,0.002,0.077,-0.057,-0.06
0,-0.134,0.026,0.001,0.076,-0.057,-0.06
0,-0.135,0.024,0,0.075,-0.057,-0.06
0,-0.135,0.023,-0.001,0.075,-0.057,-0.059
0,-0.136,0.021,-0.001,0.074,-0.058,-0.059
-0.001,-0.137,0.019,-0.001,0.073,-0.058,-0.058
-0.001,-0.137,0.017,-0.002,0.072,-0.058,-0.058
-0.002,-0.137,0.015,-0.002,0.071,-0.058,-0.057
-0.002,-0.138,0.013,-0.001,0.07,-0.058,-0.056
-0.003,-0.138,0.011,-0.001,0.07,-0.058,-0.054
-0.004,-0.138,0.009,-0.001,0.069,-0.058,-0.053
-0.005,-0.137,0.007,0,0.068,-0.058,-0.052
-0.005,-0.137,0.006,0,0.068,-0.057,-0.05
-0.006,-0.136,0.004,0.001,0.067,-0.057,-0.048
-0.007,-0.135,0.002,0.001,0.067,-0.056,-0.047
-0.008,-0.134,0.001,0.002,0.066,-0.056,-0.045
-0.01,-0.132,0,0.003,0.065,-0.055,-0.044
-0.011,-0.131,-0.001,0.003,0.065,-0.054,-0.042
-0.012,-0.129,-0.002,0.004,0.064,-0.054,-0.041
-0.013,-0.127,-0.003,0.004,0.064,-0.053,-0.04
-0.014,-0.126,-0.004,0.005,0.063,-0.053,-0.039
-0.016,-0.124,-0.004,0.005,0.063,-0.052,-0.038
-0.017,-0.122,-0.005,0.005,0.063,-0.052,-0.037
-0.018,-0.12,-0.005,0.005,0.062,-0.051,-0.037
-0.019,-0.118,-0.005,0.004,0.062,-0.051,-0.036
-0.019,-0.117,-0.006,0.004,0.061,-0.051,-0.036
-0.02,-0.115,-0.006,0.004,0.061,-0.051,-0.037
-0.021,-0.114,-0.006,0.003,0.06,-0.052,-0.037
-0.021,-0.113,-0.005,0.002,0.06,-0.052,-0.038
-0.021,-0.112,-0.005,0.001,0.06,-0.053,-0.039
-0.021,-0.112,-0.005,0,0.059,-0.054,-0.04
-0.021,-0.112,-0.004,-0.001,0.059,-0.055,-0.041
-0.021,-0.112,-0.004,-0.003,0.058,-0.056,-0.043
-0.02,-0.112,-0.003,-0.004,0.058,-0.058,-0.045
-0.02,-0.113,-0.002,-0.006,0.058,-0.059,-0.047
-0.019,-0.113,-0.001,-0.007,0.057,-0.06,-0.049
-0.018,-0.115,0,-0.009,0.057,-0.062,-0.051
-0.017,-0.116,0.001,-0.01,0.057,-0.064,-0.054
-0.016,-0.118,0.003,-0.012,0.057,-0.065,-0.056
-0.015,-0.12,0.004,-0.013,0.057,-0.067,-0.058
-0.013,-0.122,0.006,-0.015,0.056,-0.068,-0.061
-0.012,-0.124,0.008,-0.016,0.056,-0.07,-0.063
-0.011,-0.127,0.01,-0.018,0.056,-0.071,-0.066
-0.01,-0.129,0.012,-0.019,0.056,-0.072,-0.068
-0.008,-0.132,0.014,-0.02,0.056,-0.073,-0.07
-0.007,-0.134,0.017,-0.021,0.056,-0.074,-0.072
-0.006,-0.137,0.019,-0.021,0.056,-0.075,-0.074
-0.005,-0.139,0.021,-0.022,0.056,-0.075,-0.076
-0.004,-0.141,0.024,-0.022,0.056,-0.075,-0.077
-0.003,-0.144,0.027,-0.023,0.057,-0.075,-0.079
-0.003,-0.146,0.029,-0.023,0.057,-0.075,-0.08
-0.002,-0.148,0.032,-0.023,0.057,-0.075,-0.08
-0.002,-0.149,0.034,-0.022,0.057,-0.074,-0.081
-0.002,-0.151,0.037,-0.022,0.057,-0.074,-0.081
-0.002,-0.152,0.039,-0.021,0.058,-0.073,-0.081
-0.002,-0.152,0.042,-0.02,0.058,-0.072,-0.081
-0.003,-0.153,0.044,-0.019,0.058,-0.071,-0.081
-0.004,-0.153,0.046,-0.018,0.058,-0.069,-0.08
-0.004,-0.153,0.047,-0.017,0.059,-0.068,-0.079
-0.005,-0.153,0.049,-0.015,0.059,-0.067,-0.078
-0.007,-0.152,0.05,-0.014,0.059,-0.065,-0.077
-0.008,-0.151,0.051,-0.012,0.059,-0.064,-0.075
-0.009,-0.15,0.051,-0.01,0.059,-0.063,-0.074
-0.011,-0.149,0.051,-0.009,0.059,-0.061,-0.072
-0.013,-0.147,0.051,-0.007,0.059,-0.06,-0.07
-0.014,-0.145,0.05,-0.006,0.059,-0.059,-0.068
-0.016,-0.143,0.049,-0.004,0.059,-0.058,-0.067
-0.018,-0.141,0.047,-0.003,0.059,-0.057,-0.065
-0.02,-0.139,0.045,-0.001,0.06,-0.057,-0.063
-0.022,-0.137,0.042,0,0.06,-0.056,-0.061
-0.024,-0.134,0.039,0.001,0.06,-0.056,-0.059
-0.027,-0.132,0.036,0.002,0.06,-0.056,-0.057
-0.029,-0.129,0.032,0.002,0.06,-0.056,-0.055
-0.031,-0.127,0.028,0.003,0.06,-0.056,-0.054
-0.033,-0.124,0.024,0.003,0.06,-0.057,-0.052
-0.035,-0.122,0.019,0.003,0.06,-0.057,-0.051
-0.037,-0.119,0.014,0.003,0.06,-0.058,-0.049
-0.039,-0.117,0.009,0.002,0.06,-0.059,-0.048
-0.041,-0.115,0.004,0.002,0.06,-0.06,-0.047
-0.042,-0.113,-0.002,0.001,0.06,-0.062,-0.046
-0.044,-0.111,-0.007,-0.001,0.06,-0.063,-0.045
-0.045,-0.109,-0.012,-0.002,0.06,-0.065,-0.045
-0.047,-0.107,-0.017,-0.004,0.061,-0.066,-0.044
-0.048,-0.106,-0.022,-0.005,0.061,-0.068,-0.043
-0.049,-0.105,-0.026,-0.007,0.061,-0.07,-0.043
-0.05,-0.104,-0.031,-0.009,0.062,-0.072,-0.043
-0.05,-0.103,-0.035,-0.011,0.062,-0.073,-0.043
-0.051,-0.102,-0.038,-0.013,0.062,-0.075,-0.043
-0.051,-0.102,-0.041,-0.016,0.063,-0.076,-0.043
-0.051,-0.102,-0.044,-0.018,0.063,-0.078,-0.043
-0.051,-0.102,-0.046,-0.02,0.064,-0.079,-0.044
-0.051,-0.102,-0.047,-0.022,0.064,-0.08,-0.044
-0.051,-0.102,-0.048,-0.023,0.065,-0.081,-0.045
-0.05,-0.103,-0.049,-0.025,0.065,-0.082,-0.045
-0.049,-0.103,-0.049,-0.026,0.066,-0.082,-0.046
-0.049,-0.104,-0.048,-0.028,0.066,-0.083,-0.046
-0.048,-0.105,-0.047,-0.029,0.067,-0.083,-0.047
-0.047,-0.106,-0.045,-0.029,0.068,-0.083,-0.047
-0.046,-0.108,-0.043,-0.03,0.068,-0.083,-0.048
-0.044,-0.109,-0.041,-0.03,0.069,-0.083,-0.048
-0.043,-0.11,-0.038,-0.03,0.07,-0.082,-0.049
-0.042,-0.111,-0.035,-0.03,0.07,-0.082,-0.049
-0.04,-0.113,-0.032,-0.03,0.071,-0.081,-0.049
-0.039,-0.114,-0.029,-0.029,0.072,-0.08,-0.05
-0.037,-0.115,-0.025,-0.028,0.072,-0.08,-0.05
-0.036,-0.116,-0.022,-0.027,0.073,-0.079,-0.05
-0.034,-0.118,-0.018,-0.026,0.074,-0.078,-0.05
-0.033,-0.119,-0.015,-0.025,0.074,-0.077,-0.05
-0.031,-0.12,-0.011,-0.023,0.075,-0.077,-0.05
-0.03,-0.121,-0.008,-0.022,0.075,-0.076,-0.049
-0.029,-0.122,-0.005,-0.02,0.076,-0.076,-0.049
-0.028,-0.123,-0.003,-0.019,0.076,-0.075,-0.049
-0.026,-0.123,0,-0.018,0.076,-0.075,-0.048
-0.025,-0.124,0.002,-0.016,0.077,-0.075,-0.048
-0.025,-0.125,0.004,-0.015,0.077,-0.075,-0.047
-0.024,-0.125,0.006,-0.014,0.077,-0.075,-0.047
-0.023,-0.126,0.007,-0.013,0.077,-0.075,-0.046
-0.023,-0.126,0.008,-0.012,0.076,-0.075,-0.046
-0.022,-0.126,0.008,-0.011,0.076,-0.075,-0.045
-0.022,-0.126,0.008,-0.01,0.075,-0.076,-0.045
-0.022,-0.127,0.008,-0.01,0.075,-0.076,-0.045
-0.022,-0.127,0.008,-0.01,0.074,-0.076,-0.044
-0.023,-0.127,0.007,-0.009,0.073,-0.077,-0.044
-0.023,-0.127,0.007,-0.009,0.072,-0.077,-0.043
-0.023,-0.126,0.006,-0.01,0.071,-0.078,-0.043
-0.024,-0.126,0.004,-0.01,0.07,-0.078,-0.043
-0.025,-0.126,0.003,-0.01,0.069,-0.079,-0.042
-0.025,-0.126,0.002,-0.011,0.068,-0.079,-0.042
-0.026,-0.125,0,-0.011,0.066,-0.079,-0.042
-0.027,-0.125,-0.001,-0.012,0.065,-0.08,-0.041
-0.028,-0.124,-0.003,-0.012,0.064,-0.08,-0.041
-0.029,-0.124,-0.004,-0.013,0.063,-0.08,-0.041
-0.029,-0.123,-0.006,-0.014,0.061,-0.08,-0.04
-0.03,-0.122,-0.007,-0.014,0.06,-0.081,-0.04
-0.031,-0.121,-0.008,-0.015,0.059,-0.081,-0.04
-0.032,-0.12,-0.009,-0.015,0.058,-0.081,-0.039
-0.032,-0.119,-0.01,-0.016,0.057,-0.081,-0.038
-0.033,-0.118,-0.011,-0.016,0.057,-0.081,-0.038
-0.033,-0.117,-0.011,-0.017,0.056,-0.081,-0.037
-0.033,-0.116,-0.012,-0.017,0.055,-0.082,-0.037
-0.034,-0.115,-0.012,-0.017,0.055,-0.082,-0.036
-0.034,-0.113,-0.013,-0.017,0.055,-0.082,-0.035
-0.034,-0.112,-0.013,-0.017,0.054,-0.083,-0.034
-0.034,-0.11,-0.013,-0.017,0.054,-0.083,-0.033
-0.034,-0.109,-0.013,-0.017,0.054,-0.084,-0.033
-0.034,-0.107,-0.013,-0.017,0.054,-0.084,-0.032
-0.034,-0.106,-0.013,-0.017,0.054,-0.085,-0.031
-0.033,-0.104,-0.013,-0.017,0.055,-0.086,-0.03
-0.033,-0.102,-0.013,-0.017,0.055,-0.087,-0.03
-0.033,-0.101,-0.014,-0.016,0.055,-0.089,-0.029
-0.033,-0.099,-0.014,-0.016,0.055,-0.09,-0.028
-0.033,-0.097,-0.014,-0.016,0.055,-0.091,-0.028
-0.033,-0.096,-0.014,-0.016,0.056,-0.093,-0.027
-0.033,-0.094,-0.014,-0.017,0.056,-0.094,-0.027
-0.034,-0.093,-0.014,-0.017,0.056,-0.096,-0.026
-0.034,-0.092,-0.015,-0.017,0.056,-0.097,-0.026
-0.034,-0.091,-0.015,-0.018,0.056,-0.099,-0.025
-0.035,-0.09,-0.015,-0.019,0.056,-0.1,-0.025
-0.036,-0.089,-0.016,-0.02,0.056,-0.101,-0.025
-0.037,-0.088,-0.017,-0.021,0.056,-0.103,-0.025
-0.038,-0.088,-0.017,-0.022,0.055,-0.104,-0.025
-0.039,-0.088,-0.018,-0.023,0.055,-0.105,-0.025
-0.04,-0.088,-0.019,-0.025,0.055,-0.106,-0.026
-0.041,-0.088,-0.02,-0.026,0.054,-0.107,-0.026
-0.043,-0.088,-0.021,-0.028,0.054,-0.108,-0.026
-0.044,-0.089,-0.021,-0.029,0.053,-0.109,-0.027
-0.045,-0.089,-0.022,-0.031,0.053,-0.109,-0.027
-0.047,-0.09,-0.023,-0.033,0.052,-0.11,-0.028
-0.048,-0.091,-0.024,-0.035,0.052,-0.11,-0.028
-0.049,-0.092,-0.025,-0.036,0.051,-0.11,-0.029
-0.05,-0.093,-0.026,-0.038,0.051,-0.11,-0.03
-0.051,-0.094,-0.027,-0.04,0.05,-0.11,-0.03
-0.052,-0.095,-0.027,-0.041,0.05,-0.11,-0.031
-0.053,-0.096,-0.028,-0.043,0.049,-0.109,-0.032
-0.054,-0.097,-0.028,-0.044,0.049,-0.109,-0.033
-0.055,-0.098,-0.029,-0.045,0.048,-0.108,-0.034
-0.055,-0.099,-0.029,-0.046,0.048,-0.108,-0.035
-0.055,-0.1,-0.029,-0.047,0.047,-0.107,-0.036
-0.055,-0.101,-0.029,-0.047,0.047,-0.106,-0.037
-0.055,-0.102,-0.029,-0.048,0.046,-0.106,-0.039
-0.055,-0.103,-0.029,-0.048,0.046,-0.105,-0.04
-0.055,-0.103,-0.028,-0.048,0.045,-0.105,-0.041
-0.054,-0.104,-0.028,-0.047,0.045,-0.104,-0.042
-0.054,-0.104,-0.027,-0.047,0.044,-0.103,-0.043
-0.053,-0.104,-0.026,-0.046,0.044,-0.103,-0.045
-0.052,-0.104,-0.025,-0.045,0.043,-0.103,-0.046
-0.051,-0.104,-0.024,-0.044,0.042,-0.103,-0.047
-0.05,-0.104,-0.023,-0.042,0.041,-0.103,-0.048
-0.049,-0.104,-0.022,-0.041,0.041,-0.103,-0.049
-0.047,-0.103,-0.021,-0.039,0.04,-0.103,-0.05
-0.046,-0.103,-0.02,-0.037,0.039,-0.104,-0.051
-0.045,-0.102,-0.02,-0.035,0.038,-0.104,-0.052
-0.043,-0.101,-0.019,-0.034,0.037,-0.105,-0.052
-0.042,-0.1,-0.018,-0.032,0.036,-0.106,-0.053
-0.041,-0.099,-0.018,-0.03,0.035,-0.107,-0.053
-0.04,-0.098,-0.017,-0.028,0.034,-0.108,-0.053
-0.039,-0.097,-0.017,-0.026,0.033,-0.11,-0.054
-0.038,-0.096,-0.017,-0.025,0.032,-0.111,-0.054
-0.037,-0.095,-0.018,-0.023,0.031,-0.112,-0.054
-0.036,-0.093,-0.018,-0.022,0.03,-0.114,-0.053
-0.035,-0.092,-0.019,-0.021,0.028,-0.115,-0.053
-0.035,-0.091,-0.02,-0.02,0.028,-0.117,-0.052
-0.034,-0.09,-0.022,-0.019,0.027,-0.118,-0.052
-0.034,-0.088,-0.023,-0.019,0.026,-0.12,-0.051
-0.033,-0.087,-0.025,-0.019,0.025,-0.121,-0.05
-0.033,-0.086,-0.027,-0.02,0.024,-0.122,-0.05
-0.033,-0.085,-0.03,-0.02,0.024,-0.123,-0.049
-0.033,-0.084,-0.032,-0.021,0.024,-0.124,-0.048
-0.033,-0.083,-0.034,-0.022,0.023,-0.125,-0.047
-0.033,-0.082,-0.037,-0.024,0.023,-0.125,-0.046
-0.033,-0.082,-0.04,-0.025,0.023,-0.125,-0.045
-0.033,-0.081,-0.042,-0.027,0.023,-0.125,-0.044
-0.033,-0.08,-0.045,-0.029,0.024,-0.125,-0.043
-0.033,-0.08,-0.048,-0.031,0.024,-0.125,-0.042
-0.033,-0.079,-0.05,-0.034,0.025,-0.125,-0.041
-0.033,-0.079,-0.053,-0.036,0.025,-0.124,-0.04
-0.033,-0.079,-0.055,-0.038,0.026,-0.124,-0.04
-0.033,-0.079,-0.057,-0.04,0.027,-0.123,-0.039
-0.033,-0.079,-0.059,-0.043,0.028,-0.122,-0.039
-0.033,-0.08,-0.061,-0.045,0.029,-0.121,-0.039
-0.033,-0.08,-0.062,-0.046,0.03,-0.121,-0.039
-0.032,-0.08,-0.063,-0.048,0.031,-0.12,-0.039
-0.032,-0.081,-0.064,-0.05,0.032,-0.119,-0.039
-0.031,-0.082,-0.065,-0.051,0.033,-0.118,-0.039
-0.031,-0.082,-0.065,-0.052,0.034,-0.117,-0.04
-0.03,-0.083,-0.065,-0.052,0.035,-0.117,-0.041
-0.029,-0.084,-0.065,-0.053,0.036,-0.116,-0.042
-0.029,-0.085,-0.064,-0.053,0.037,-0.116,-0.043
-0.028,-0.086,-0.063,-0.052,0.038,-0.116,-0.044
-0.027,-0.087,-0.062,-0.052,0.038,-0.116,-0.046
-0.026,-0.088,-0.061,-0.051,0.039,-0.116,-0.047
-0.025,-0.089,-0.06,-0.05,0.039,-0.117,-0.049
-0.025,-0.09,-0.058,-0.049,0.039,-0.117,-0.051
-0.024,-0.091,-0.057,-0.048,0.039,-0.118,-0.052
-0.023,-0.092,-0.055,-0.047,0.039,-0.119,-0.054
-0.022,-0.093,-0.053,-0.045,0.039,-0.12,-0.056
-0.022,-0.094,-0.052,-0.044,0.039,-0.121,-0.058
-0.021,-0.095,-0.05,-0.042,0.039,-0.122,-0.059
-0.021,-0.095,-0.048,-0.041,0.038,-0.124,-0.061
-0.02,-0.096,-0.047,-0.04,0.037,-0.125,-0.062
-0.02,-0.097,-0.045,-0.039,0.037,-0.126,-0.064
-0.02,-0.097,-0.043,-0.038,0.036,-0.127,-0.065
-0.02,-0.097,-0.042,-0.037,0.035,-0.129,-0.066
-0.02,-0.098,-0.041,-0.036,0.034,-0.13,-0.068
-0.02,-0.098,-0.04,-0.036,0.033,-0.131,-0.068
-0.02,-0.098,-0.039,-0.036,0.032,-0.132,-0.069
-0.02,-0.097,-0.038,-0.036,0.031,-0.132,-0.07
-0.02,-0.097,-0.038,-0.036,0.031,-0.133,-0.07
-0.021,-0.097,-0.038,-0.037,0.03,-0.133,-0.071
-0.021,-0.096,-0.038,-0.038,0.029,-0.133,-0.071
-0.022,-0.095,-0.038,-0.039,0.028,-0.133,-0.071
-0.022,-0.094,-0.038,-0.041,0.028,-0.132,-0.071
-0.023,-0.093,-0.039,-0.042,0.027,-0.132,-0.071
-0.023,-0.092,-0.04,-0.044,0.027,-0.131,-0.071
-0.024,-0.09,-0.041,-0.046,0.027,-0.13,-0.07
-0.025,-0.088,-0.042,-0.048,0.027,-0.129,-0.07
-0.025,-0.086,-0.043,-0.05,0.027,-0.128,-0.069
-0.026,-0.084,-0.045,-0.052,0.027,-0.126,-0.068
-0.027,-0.082,-0.046,-0.054,0.028,-0.125,-0.067
-0.027,-0.08,-0.048,-0.056,0.029,-0.124,-0.067
-0.028,-0.077,-0.05,-0.058,0.029,-0.122,-0.066
-0.029,-0.074,-0.052,-0.06,0.03,-0.121,-0.065
-0.029,-0.071,-0.054,-0.061,0.031,-0.119,-0.064
-0.03,-0.068,-0.055,-0.063,0.033,-0.118,-0.063
-0.03,-0.065,-0.057,-0.064,0.034,-0.117,-0.062
-0.031,-0.061,-0.059,-0.064,0.035,-0.115,-0.061
-0.031,-0.058,-0.06,-0.065,0.037,-0.114,-0.06
-0.031,-0.054,-0.062,-0.065,0.038,-0.114,-0.059
-0.031,-0.05,-0.063,-0.065,0.04,-0.113,-0.058
-0.031,-0.047,-0.064,-0.065,0.041,-0.113,-0.057
-0.031,-0.043,-0.065,-0.065,0.043,-0.112,-0.056
-0.031,-0.04,-0.066,-0.064,0.044,-0.112,-0.055
-0.031,-0.036,-0.067,-0.063,0.046,-0.112,-0.054
-0.031,-0.033,-0.067,-0.062,0.047,-0.113,-0.054
-0.03,-0.03,-0.067,-0.061,0.048,-0.113,-0.053
-0.03,-0.027,-0.067,-0.059,0.049,-0.114,-0.052
-0.029,-0.024,-0.067,-0.058,0.049,-0.114,-0.051
-0.028,-0.021,-0.066,-0.056,0.05,-0.115,-0.051
-0.027,-0.019,-0.066,-0.055,0.05,-0.116,-0.05
-0.026,-0.017,-0.065,-0.053,0.05,-0.117,-0.049
-0.025,-0.016,-0.064,-0.051,0.05,-0.118,-0.048
-0.024,-0.015,-0.063,-0.05,0.05,-0.119,-0.047
-0.023,-0.014,-0.061,-0.048,0.05,-0.12,-0.047
-0.022,-0.014,-0.06,-0.047,0.049,-0.121,-0.046
-0.021,-0.014,-0.058,-0.046,0.049,-0.122,-0.045
-0.02,-0.014,-0.057,-0.045,0.048,-0.123,-0.044
-0.018,-0.015,-0.055,-0.044,0.047,-0.124,-0.043
-0.017,-0.016,-0.053,-0.043,0.046,-0.125,-0.041
-0.016,-0.017,-0.052,-0.042,0.045,-0.125,-0.04
-0.015,-0.019,-0.05,-0.041,0.043,-0.125,-0.039
-0.013,-0.02,-0.049,-0.041,0.042,-0.126,-0.038
-0.012,-0.022,-0.047,-0.041,0.041,-0.126,-0.036
-0.011,-0.025,-0.046,-0.04,0.04,-0.126,-0.035
-0.01,-0.027,-0.045,-0.04,0.039,-0.125,-0.034
-0.009,-0.029,-0.044,-0.04,0.037,-0.125,-0.032
-0.008,-0.032,-0.043,-0.04,0.036,-0.125,-0.031
-0.007,-0.034,-0.042,-0.04,0.035,-0.124,-0.03
-0.007,-0.036,-0.042,-0.04,0.035,-0.123,-0.028
-0.006,-0.039,-0.041,-0.04,0.034,-0.122,-0.027
-0.005,-0.041,-0.041,-0.04,0.033,-0.121,-0.026
-0.005,-0.042,-0.042,-0.04,0.033,-0.12,-0.025
-0.005,-0.044,-0.042,-0.04,0.033,-0.119,-0.024
-0.004,-0.045,-0.043,-0.04,0.033,-0.118,-0.024
-0.004,-0.047,-0.043,-0.04,0.033,-0.117,-0.023
-0.004,-0.047,-0.044,-0.039,0.033,-0.116,-0.023
-0.004,-0.048,-0.046,-0.039,0.033,-0.114,-0.023
-0.004,-0.048,-0.047,-0.039,0.034,-0.113,-0.023
-0.005,-0.048,-0.049,-0.039,0.034,-0.111,-0.023
-0.005,-0.047,-0.05,-0.039,0.035,-0.11,-0.023
-0.005,-0.046,-0.052,-0.039,0.036,-0.108,-0.024
-0.006,-0.045,-0.054,-0.039,0.037,-0.106,-0.025
-0.006,-0.044,-0.055,-0.039,0.038,-0.105,-0.026
-0.007,-0.042,-0.057,-0.039,0.04,-0.103,-0.028
-0.007,-0.04,-0.059,-0.04,0.041,-0.101,-0.029
-0.008,-0.038,-0.061,-0.04,0.042,-0.099,-0.031
-0.008,-0.035,-0.062,-0.04,0.043,-0.097,-0.033
-0.008,-0.032,-0.064,-0.041,0.045,-0.095,-0.036
-0.009,-0.03,-0.065,-0.042,0.046,-0.093,-0.038
-0.009,-0.026,-0.067,-0.043,0.047,-0.09,-0.041
-0.009,-0.023,-0.068,-0.043,0.048,-0.088,-0.044
-0.009,-0.02,-0.069,-0.044,0.049,-0.086,-0.047
-0.009,-0.017,-0.07,-0.045,0.05,-0.084,-0.05
-0.009,-0.013,-0.07,-0.046,0.05,-0.082,-0.053
-0.009,-0.01,-0.07,-0.047,0.051,-0.08,-0.056
-0.008,-0.007,-0.071,-0.047,0.051,-0.078,-0.059
-0.008,-0.004,-0.07,-0.048,0.052,-0.076,-0.062
-0.007,-0.001,-0.07,-0.048,0.052,-0.075,-0.065
-0.006,0.002,-0.07,-0.048,0.052,-0.073,-0.068
-0.005,0.004,-0.069,-0.048,0.052,-0.072,-0.07
-0.004,0.007,-0.068,-0.048,0.052,-0.071,-0.073
-0.002,0.008,-0.067,-0.047,0.052,-0.071,-0.074
-0.001,0.01,-0.065,-0.047,0.051,-0.07,-0.076
0.001,0.011,-0.064,-0.046,0.051,-0.07,-0.077
0.003,0.012,-0.062,-0.044,0.051,-0.07,-0.078
0.005,0.013,-0.06,-0.043,0.05,-0.071,-0.078
0.006,0.014,-0.058,-0.041,0.05,-0.071,-0.078
0.008,0.014,-0.055,-0.039,0.05,-0.072,-0.077
0.01,0.014,-0.053,-0.037,0.05,-0.073,-0.076
0.012,0.014,-0.05,-0.035,0.05,-0.074,-0.074
0.014,0.013,-0.047,-0.033,0.05,-0.076,-0.072
0.016,0.013,-0.045,-0.03,0.05,-0.077,-0.069
0.018,0.012,-0.042,-0.028,0.05,-0.079,-0.066
0.02,0.012,-0.039,-0.025,0.05,-0.081,-0.063
0.022,0.011,-0.036,-0.023,0.051,-0.082,-0.059
0.024,0.01,-0.033,-0.02,0.052,-0.084,-0.055
0.026,0.01,-0.029,-0.018,0.052,-0.086,-0.05
0.027,0.009,-0.026,-0.016,0.053,-0.087,-0.045
0.029,0.009,-0.023,-0.014,0.055,-0.089,-0.041
0.03,0.009,-0.021,-0.012,0.056,-0.09,-0.036
0.031,0.009,-0.018,-0.01,0.057,-0.092,-0.031
0.032,0.01,-0.015,-0.009,0.059,-0.093,-0.025
0.033,0.01,-0.013,-0.008,0.061,-0.093,-0.02
0.034,0.011,-0.01,-0.007,0.062,-0.094,-0.016
0.034,0.012,-0.008,-0.006,0.064,-0.094,-0.011
0.035,0.014,-0.006,-0.006,0.066,-0.094,-0.006
0.035,0.015,-0.005,-0.005,0.068,-0.094,-0.002
0.035,0.017,-0.003,-0.005,0.07,-0.093,0.002
0.035,0.019,-0.002,-0.006,0.071,-0.092,0.006
0.035,0.022,-0.002,-0.006,0.073,-0.091,0.009
0.035,0.024,-0.001,-0.007,0.075,-0.09,0.012
0.035,0.027,-0.001,-0.007,0.077,-0.088,0.015
0.034,0.03,-0.001,-0.008,0.078,-0.086,0.017
0.034,0.032,-0.001,-0.009,0.08,-0.084,0.019
0.034,0.035,-0.001,-0.01,0.081,-0.081,0.02
0.033,0.038,-0.002,-0.011,0.083,-0.079,0.021
0.033,0.041,-0.002,-0.011,0.084,-0.076,0.022
0.032,0.043,-0.003,-0.012,0.085,-0.073,0.023
0.032,0.046,-0.004,-0.013,0.086,-0.07,0.023
0.031,0.049,-0.005,-0.013,0.087,-0.066,0.023
0.031,0.051,-0.006,-0.013,0.087,-0.063,0.023
0.031,0.053,-0.007,-0.014,0.088,-0.06,0.022
0.03,0.055,-0.008,-0.013,0.089,-0.056,0.021
0.03,0.057,-0.008,-0.013,0.089,-0.053,0.021
0.03,0.058,-0.009,-0.012,0.089,-0.049,0.02
0.03,0.06,-0.009,-0.012,0.09,-0.046,0.019
0.029,0.061,-0.009,-0.011,0.09,-0.043,0.018
0.029,0.062,-0.008,-0.009,0.09,-0.04,0.017
0.029,0.062,-0.008,-0.008,0.09,-0.036,0.016
0.029,0.063,-0.007,-0.006,0.09,-0.033,0.015
0.029,0.063,-0.005,-0.004,0.09,-0.031,0.014
0.028,0.064,-0.003,-0.002,0.09,-0.028,0.014
0.028,0.064,-0.001,0,0.09,-0.025,0.014
0.028,0.064,0.001,0.002,0.09,-0.023,0.013
0.028,0.064,0.004,0.004,0.09,-0.02,0.014
0.027,0.064,0.007,0.007,0.09,-0.018,0.014
0.027,0.064,0.01,0.009,0.09,-0.016,0.014
0.027,0.064,0.014,0.012,0.09,-0.014,0.015
0.026,0.065,0.018,0.014,0.09,-0.012,0.016
0.026,0.065,0.022,0.016,0.091,-0.011,0.017
0.025,0.065,0.026,0.019,0.091,-0.009,0.019
0.025,0.066,0.03,0.021,0.091,-0.008,0.02
0.024,0.066,0.034,0.023,0.091,-0.007,0.022
0.023,0.067,0.038,0.025,0.091,-0.006,0.024
0.023,0.068,0.042,0.027,0.091,-0.005,0.026
0.022,0.069,0.046,0.028,0.091,-0.004,0.028
0.021,0.07,0.049,0.03,0.091,-0.003,0.031
0.021,0.071,0.053,0.032,0.091,-0.002,0.033
0.02,0.073,0.056,0.033,0.091,-0.002,0.035
0.019,0.074,0.059,0.034,0.091,-0.001,0.037
0.019,0.076,0.062,0.036,0.09,-0.001,0.04
0.018,0.077,0.064,0.037,0.09,0,0.042
0.017,0.079,0.066,0.038,0.09,0,0.044
0.017,0.08,0.068,0.039,0.089,0,0.046
0.016,0.082,0.069,0.04,0.089,0,0.048
0.016,0.083,0.07,0.041,0.088,0,0.05
0.015,0.085,0.07,0.042,0.087,0.001,0.052
0.015,0.086,0.071,0.043,0.086,0.001,0.053
0.015,0.088,0.071,0.044,0.086,0.001,0.055
0.015,0.089,0.07,0.045,0.085,0.001,0.056
0.014,0.09,0.07,0.046,0.084,0.001,0.058
0.014,0.091,0.069,0.047,0.083,0.001,0.059
0.014,0.092,0.068,0.048,0.082,0.001,0.06
0.014,0.093,0.067,0.049,0.082,0.001,0.061
0.014,0.093,0.065,0.05,0.081,0.001,0.062
0.014,0.094,0.064,0.051,0.08,0.001,0.063
0.014,0.095,0.063,0.051,0.08,0.001,0.064
0.014,0.095,0.061,0.052,0.08,0.001,0.064
0.014,0.095,0.06,0.053,0.079,0.001,0.065
0.015,0.095,0.058,0.054,0.079,0.001,0.066
0.015,0.096,0.057,0.054,0.079,0.001,0.066
0.015,0.096,0.056,0.055,0.08,0.001,0.067
0.015,0.096,0.055,0.056,0.08,0.001,0.068
0.015,0.095,0.054,0.056,0.081,0.002,0.068
0.015,0.095,0.053,0.056,0.081,0.002,0.069
0.016,0.095,0.052,0.057,0.082,0.002,0.069
0.016,0.094,0.052,0.057,0.083,0.002,0.069
0.016,0.094,0.052,0.057,0.084,0.003,0.07
0.016,0.093,0.052,0.057,0.085,0.003,0.07
0.016,0.092,0.052,0.058,0.086,0.003,0.071
0.016,0.091,0.052,0.058,0.087,0.004,0.071
0.016,0.09,0.053,0.058,0.088,0.004,0.071
0.016,0.088,0.054,0.057,0.089,0.004,0.071
0.015,0.087,0.054,0.057,0.09,0.005,0.072
0.015,0.085,0.055,0.057,0.091,0.005,0.072
0.015,0.083,0.056,0.057,0.091,0.005,0.072
0.014,0.081,0.058,0.057,0.092,0.005,0.072
0.014,0.079,0.059,0.056,0.092,0.006,0.072
0.013,0.076,0.06,0.056,0.093,0.006,0.072
0.013,0.073,0.062,0.055,0.093,0.006,0.072
0.012,0.071,0.063,0.055,0.092,0.006,0.071
0.011,0.068,0.065,0.054,0.092,0.006,0.071
0.011,0.065,0.066,0.054,0.091,0.006,0.071
0.01,0.062,0.068,0.053,0.091,0.006,0.071
0.009,0.059,0.069,0.052,0.09,0.006,0.07
0.008,0.056,0.071,0.052,0.089,0.006,0.07
0.007,0.053,0.072,0.051,0.087,0.006,0.069
0.006,0.05,0.073,0.05,0.086,0.006,0.068
0.004,0.048,0.075,0.049,0.084,0.005,0.068
0.003,0.045,0.076,0.048,0.083,0.005,0.067
0.002,0.043,0.077,0.048,0.081,0.005,0.066
0.001,0.041,0.078,0.047,0.079,0.005,0.065
0,0.039,0.079,0.046,0.077,0.004,0.064
-0.001,0.038,0.079,0.045,0.076,0.004,0.063
-0.002,0.037,0.08,0.044,0.074,0.004,0.062
-0.002,0.036,0.08,0.044,0.073,0.003,0.061
-0.003,0.036,0.081,0.043,0.071,0.003,0.06
-0.004,0.035,0.081,0.042,0.07,0.003,0.058
-0.004,0.036,0.081,0.042,0.069,0.002,0.057
-0.004,0.036,0.081,0.041,0.068,0.002,0.056
-0.004,0.037,0.08,0.041,0.067,0.002,0.055
-0.004,0.038,0.08,0.04,0.066,0.002,0.054
-0.004,0.039,0.079,0.04,0.065,0.002,0.053
-0.003,0.041,0.078,0.039,0.065,0.001,0.052
-0.003,0.042,0.077,0.039,0.065,0.001,0.051
-0.002,0.044,0.076,0.038,0.065,0.001,0.051
-0.001,0.046,0.075,0.038,0.065,0.001,0.05
0,0.048,0.074,0.037,0.066,0,0.05
0.001,0.049,0.072,0.037,0.066,0,0.049
0.002,0.051,0.071,0.037,0.067,0,0.049
0.003,0.053,0.069,0.036,0.068,0,0.049
0.004,0.055,0.068,0.036,0.069,0,0.049
0.006,0.056,0.066,0.035,0.07,-0.001,0.049
0.007,0.057,0.064,0.035,0.071,-0.001,0.05
0.008,0.058,0.063,0.035,0.072,-0.001,0.05
0.009,0.059,0.061,0.034,0.073,-0.001,0.051
0.011,0.06,0.06,0.034,0.074,-0.002,0.051
0.012,0.06,0.058,0.033,0.075,-0.002,0.052
0.013,0.06,0.057,0.033,0.076,-0.002,0.052
0.014,0.06,0.056,0.032,0.077,-0.002,0.053
0.015,0.06,0.055,0.031,0.078,-0.002,0.054
0.016,0.059,0.054,0.031,0.079,-0.002,0.054
0.017,0.058,0.053,0.03,0.079,-0.002,0.055
0.018,0.057,0.052,0.029,0.08,-0.001,0.055
0.019,0.056,0.052,0.029,0.081,-0.001,0.056
0.02,0.055,0.052,0.028,0.081,0,0.056
0.021,0.054,0.052,0.027,0.081,0,0.057
0.021,0.052,0.052,0.027,0.082,0.001,0.057
0.022,0.051,0.052,0.026,0.082,0.001,0.057
0.023,0.049,0.053,0.026,0.082,0.002,0.057
0.023,0.048,0.053,0.025,0.082,0.003,0.057
0.024,0.046,0.054,0.025,0.082,0.004,0.057
0.024,0.045,0.055,0.024,0.081,0.005,0.057
0.025,0.044,0.056,0.024,0.081,0.006,0.057
0.025,0.043,0.057,0.024,0.081,0.007,0.057
0.025,0.042,0.059,0.024,0.08,0.007,0.057
0.026,0.041,0.06,0.024,0.08,0.008,0.056
0.026,0.04,0.061,0.024,0.079,0.009,0.056
0.026,0.04,0.063,0.024,0.078,0.009,0.056
0.026,0.04,0.064,0.025,0.078,0.01,0.056
0.025,0.04,0.065,0.025,0.077,0.01,0.055
0.025,0.04,0.067,0.025,0.076,0.01,0.055
0.025,0.04,0.068,0.026,0.075,0.01,0.055
0.024,0.04,0.069,0.027,0.074,0.01,0.054
0.023,0.041,0,0.027,0.073,0.01,0.054
0.023,0.042,0,0.028,0.072,0.009,0.054
0.022,0.043,0,0.029,0.071,0.009,0.054
0.021,0.043,0,0.029,0.07,0.008,0.053
0.02,0.045,0,0.03,0.069,0.007,0.053
0.019,0.046,0,0.031,0.068,0.005,0.053
0.018,0.047,0,0.032,0.067,0.004,0.052
0.017,0.048,0,0.032,0.066,0.003,0.052
0.016,0.049,0,0.033,0.065,0.001,0.051
0.014,0.05,0,0.033,0.064,0,0.051
0.013,0.051,0,0.034,0.063,-0.002,0.05
0.012,0.052,0,0.034,0.062,-0.003,0.049
0.011,0.053,0,0.035,0.062,-0.005,0.049
0.01,0.054,0,0.035,0.061,-0.006,0.048
0.009,0.055,0,0.035,0.06,-0.008,0.047
0,0.056,0,0.035,0.06,-0.009,0.046
0,0.056,0,0.035,0.059,-0.01,0.045
0,0.057,0,0.035,0.059,-0.011,0.044
0,0.058,0,0.035,0.058,-0.012,0.043
0,0.058,0,0.035,0.058,-0.013,0.042
0,0.059,0,0.034,0.058,-0.014,0.041
0,0.059,0,0.034,0.058,-0.015,0.04
0,0.06,0,0.034,0.058,-0.015,0.039
0,0.06,0,0.034,0.058,-0.015,0.038
0,0.061,0,0.033,0.058,-0.015,0.037
0,0.061,0,0.033,0.058,-0.015,0.036
0,0.062,0,0.033,0,-0.015,0.036
0,0.063,0,0.033,0,-0.015,0.035
0,0.064,0,0.033,0,-0.014,0.035
0,0.065,0,0.033,0,-0.014,0.035
0,0.066,0,0.033,0,-0.013,0
0,0.067,0,0.033,0,-0.013,0
0,0.069,0,0.033,0,-0.012,0
0,0.07,0,0.033,0,-0.011,0
0,0.072,0,0.033,0,-0.011,0
0,0.073,0,0.033,0,-0.01,0
0,0.075,0,0.033,0,-0.009,0
0,0,0,0.033,0,-0.008,0
0,0,0,0,0,0,0
0,0,0,0,0,0,0
0,0,0,0,0,0,0
0,0,0,0,0,0,0
0,0,0,0,0,0,0
0,0,0,0,0,0,0
0,0,0,0,0,0,0
0,0,0,0,0,0,0
0,0,0,0,0,0,0
0,0,0,0,0,0,0
0,0,0,0,0,0,0
0,0,0,0,0,0,0
0,0,0,0,0,0,0
0,0,0,0,0,0,0
0,0,0,0,0,0,0
0,0,0,0,0,0,0
0,0,0,0,0,0,0
0,0,0,0,0,0,0
0,0,0,0,0,0,0
0,0,0,0,0,0,0
0,0,0,0,0,0,0
0,0,0,0,0,0,0
0,0,0,0,0,0,0
0,0,0,0,0,0,0
0,0,0,0,0,0,0
0,0,0,0,0,0,0
0,0,0,0,0,0,0
0,0,0,0,0,0,0
0,0,0,0,0,0,0
0,0,0,0,0,0,0
0,0,0,0,0,0,0
0,0,0,0,0,0,0
0,0,0,0,0,0,0
0,0,0,0,0,0,0
0,0,0,0,0,0,0
0,0,0,0,0,0,0
0,0,0,0,0,0,0
0,0,0,0,0,0,0
0,0,0,0,0,0,0
0,0,0,0,0,0,0
0,0,0,0,0,0,0
0,0,0,0,0,0,0
0,0,0,0,0,0,0
0,0,0,0,0,0,0
0,0,0,0,0,0,0
0,0,0,0,0,0,0
0,0,0,0,0,0,0
0,0,0,0,0,0,0
0,0,0,0,0,0,0
0,0,0,0,0,0,0
0,0,0,0,0,0,0
0,0,0,0,0,0,0
0,0,0,0,0,0,0
0,0,0,0,0,0,0
0,0,0,0,0,0,0
0,0,0,0,0,0,0
0,0,0,0,0,0,0
0,0,0,0,0,0,0
0,0,0,0,0,0,0
0,0,0,0,0,0,0
0,0,0,0,0,0,0
0,0,0,0,0,0,0
0,0,0,0,0,0,0
0,0,0,0,0,0,0
0,0,0,0,0,0,0
0,0,0,0,0,0,0
0,0,0,0,0,0,0
0,0,0,0,0,0,0
0,0,0,0,0,0,0
0,0,0,0,0,0,0
0,0,0,0,0,0,0
0,0,0,0,0,0,0
0,0,0,0,0,0,0
0,0,0,0,0,0,0
0,0,0,0,0,0,0
0,0,0,0,0,0,0
0,0,0,0,0,0,0
0,0,0,0,0,0,0
0,0,0,0,0,0,0
0,0,0,0,0,0,0
0,0,0,0,0,0,0
0,0,0,0,0,0,0
0,0,0,0,0,0,0
0,0,0,0,0,0,0
0,0,0,0,0,0,0
0,0,0,0,0,0,0
0,0,0,0,0,0,0
0,0,0,0,0,0,0
0,0,0,0,0,0,0
0,0,0,0,0,0,0
0,0,0,0,0,0,0
0,0,0,0,0,0,0
0,0,0,0,0,0,0
0,0,0,0,0,0,0
0,0,0,0,0,0,0
0,0,0,0,0,0,0
0,0,0,0,0,0,0
0,0,0,0,0,0,0
0,0,0,0,0,0,0
0,0,0,0,0,0,0
0,0,0,0,0,0,0
0,0,0,0,0,0,0
0,0,0,0,0,0,0
0,0,0,0,0,0,0
0,0,0,0,0,0,0
0,0,0,0,0,0,0
0,0,0,0,0,0,0
0,0,0,0,0,0,0
0,0,0,0,0,0,0
0,0,0,0,0,0,0
0,0,0,0,0,0,0
0,0,0,0,0,0,0
0,0,0,0,0,0,0
0,0,0,0,0,0,0
0,0,0,0,0,0,0
0,0,0,0,0,0,0
0,0,0,0,0,0,0
0,0,0,0,0,0,0
0,0,0,0,0,0,0
0,0,0,0,0,0,0
0,0,0,0,0,0,0
0,0,0,0,0,0,0
0,0,0,0,0,0,0
0,0,0,0,0,0,0
0,0,0,0,0,0,0
0,0,0,0,0,0,0
0,0,0,0,0,0,0
0,0,0,0,0,0,0
0,0,0,0,0,0,0
0,0,0,0,0,0,0
0,0,0,0,0,0,0
0,0,0,0,0,0,0
0,0,0,0,0,0,0
0,0,0,0,0,0,0
0,0,0,0,0,0,0
0,0,0,0,0,0,0
0,0,0,0,0,0,0
0,0,0,0,0,0,0
0,0,0,0,0,0,0
0,0,0,0,0,0,0
0,0,0,0,0,0,0
0,0,0,0,0,0,0
0,0,0,0,0,0,0
0,0,0,0,0,0,0
0,0,0,0,0,0,0
0,0,0,0,0,0,0
0,0,0,0,0,0,0
0,0,0,0,0,0,0
0,0,0,0,0,0,0
0,0,0,0,0,0,0
0,0,0,0,0,0,0
0,0,0,0,0,0,0
0,0,0,0,0,0,0
0,0,0,0,0,0,0
0,0,0,0,0,0,0
0,0,0,0,0,0,0
0,0,0,0,0,0,0
0,0,0,0,0,0,0
0,0,0,0,0,0,0
0,0,0,0,0,0,0
0,0,0,0,0,0,0
0,0,0,0,0,0,0
0,0,0,0,0,0,0
0,0,0,0,0,0,0
0,0,0,0,0,0,0
0,0,0,0,0,0,0
0,0,0,0,0,0,0
0,0,0,0,0,0,0
0,0,0,0,0,0,0
0,0,0,0,0,0,0
0,0,0,0,0,0,0
0,0,0,0,0,0,0
0,0,0,0,0,0,0
0,0,0,0,0,0,0
0,0,0,0,0,0,0
0,0,0,0,0,0,0
0,0,0,0,0,0,0
0,0,0,0,0,0,0
0,0,0,0,0,0,0
0,0,0,0,0,0,0
0,0,0,0,0,0,0
0,0,0,0,0,0,0
0,0,0,0,0,0,0
0,0,0,0,0,0,0
0,0,0,0,0,0,0
0,0,0,0,0,0,0
0,0,0,0,0,0,0
0,0,0,0,0,0,0
0,0,0,0,0,0,0
0,0,0,0,0,0,0
0,0,0,0,0,0,0
0,0,0,0,0,0,0
0,0,0,0,0,0,0
0,0,0,0,0,0,0
0,0,0,0,0,0,0
0,0,0,0,0,0,0
0,0,0,0,0,0,0
0,0,0,0,0,0,0
0,0,0,0,0,0,0
0,0,0,0,0,0,0
0,0,0,0,0,0,0
0,0,0,0,0,0,0
0,0,0,0,0,0,0
0,0,0,0,0,0,0
0,0,0,0,0,0,0
0,0,0,0,0,0,0
0,0,0,0,0,0,0
0,0,0,0,0,0,0
0,0,0,0,0,0,0
0,0,0,0,0,0,0
0,0,0,0,0,0,0
0,0,0,0,0,0,0
0,0,0,0,0,0,0
0,0,0,0,0,0,0
0,0,0,0,0,0,0
0,0,0,0,0,0,0
0,0,0,0,0,0,0
0,0,0,0,0,0,0
0,0,0,0,0,0,0
0,0,0,0,0,0,0
0,0,0,0,0,0,0
0,0,0,0,0,0,0
0,0,0,0,0,0,0
0,0,0,0,0,0,0
0,0,0,0,0,0,0
0,0,0,0,0,0,0
0,0,0,0,0,0,0
0,0,0,0,0,0,0
0,0,0,0,0,0,0
0,0,0,0,0,0,0
0,0,0,0,0,0,0
0,0,0,0,0,0,0
0,0,0,0,0,0,0
0,0,0,0,0,0,0
0,0,0,0,0,0,0
0,0,0,0,0,0,0
0,0,0,0,0,0,0
0,0,0,0,0,0,0
0,0,0,0,0,0,0
0,0,0,0,0,0,0
0,0,0,0,0,0,0
0,0,0,0,0,0,0
0,0,0,0,0,0,0
0,0,0,0,0,0,0
0,0,0,0,0,0,0
0,0,0,0,0,0,0
0,0,0,0,0,0,0
0,0,0,0,0,0,0
0,0,0,0,0,0,0
0,0,0,0,0,0,0
0,0,0,0,0,0,0
0,0,0,0,0,0,0
0,0,0,0,0,0,0
0,0,0,0,0,0,0
0,0,0,0,0,0,0
0,0,0,0,0,0,0
0,0,0,0,0,0,0
0,0,0,0,0,0,0
0,0,0,0,0,0,0
0,0,0,0,0,0,0
0,0,0,0,0,0,0
0,0,0,0,0,0,0
0,0,0,0,0,0,0
0,0,0,0,0,0,0
0,0,0,0,0,0,0
0,0,0,0,0,0,0
0,0,0,0,0,0,0
