0.007,0.025,0.003,-0.017,-0.053,-0.005,0.03
0.005,0.025,0.005,-0.015,-0.052,-0.004,0.029
0.004,0.025,0.006,-0.015,-0.052,-0.003,0.027
0.003,0.025,0.008,-0.014,-0.051,-0.002,0.025
0.002,0.025,0.009,-0.013,-0.051,-0.001,0.024
0,0.025,0.009,-0.013,-0.051,0.001,0.022
-0.001,0.025,0.01,-0.012,-0.051,0.002,0.021
-0.002,0.024,0.01,-0.012,-0.051,0.003,0.02
-0.004,0.024,0.01,-0.012,-0.052,0.005,0.018
-0.005,0.023,0.01,-0.012,-0.052,0.006,0.017
-0.006,0.023,0.009,-0.013,-0.053,0.008,0.016
-0.007,0.022,0.008,-0.013,-0.054,0.009,0.016
-0.007,0.022,0.007,-0.013,-0.055,0.01,0.015
-0.008,0.021,0.006,-0.014,-0.056,0.01,0.015
-0.008,0.02,0.005,-0.015,-0.057,0.011,0.014
-0.009,0.02,0.003,-0.015,-0.058,0.011,0.014
-0.009,0.019,0.002,-0.016,-0.059,0.012,0.014
-0.008,0.018,0,-0.017,-0.061,0.012,0.014
-0.008,0.017,-0.002,-0.018,-0.062,0.011,0.014
-0.008,0.017,-0.004,-0.018,-0.063,0.011,0.014
-0.007,0.016,-0.006,-0.019,-0.065,0.01,0.014
-0.006,0.015,-0.007,-0.02,-0.066,0.01,0.015
-0.005,0.015,-0.009,-0.02,-0.067,0.009,0.015
-0.004,0.014,-0.011,-0.021,-0.068,0.008,0.015
-0.003,0.014,-0.012,-0.021,-0.069,0.007,0.015
-0.002,0.013,-0.014,-0.022,-0.07,0.005,0.015
-0.001,0.013,-0.015,-0.022,-0.071,0.004,0.015
0,0.012,-0.016,-0.022,-0.072,0.002,0.014
0.001,0.012,-0.017,-0.022,-0.072,0.001,0.014
0.003,0.012,-0.018,-0.023,-0.073,-0.001,0.014
0.004,0.012,-0.018,-0.023,-0.073,-0.002,0.014
0.005,0.012,-0.018,-0.023,-0.073,-0.004,0.013
0.005,0.011,-0.018,-0.023,-0.073,-0.005,0.013
0.006,0.011,-0.018,-0.023,-0.073,-0.006,0.013
0.007,0.011,-0.018,-0.023,-0.073,-0.008,0.013
0.007,0.011,-0.017,-0.023,-0.072,-0.009,0.013
0.007,0.011,-0.016,-0.022,-0.072,-0.01,0.013
0.008,0.011,-0.015,-0.022,-0.071,-0.012,0.013
0.007,0.011,-0.014,-0.022,-0.071,-0.013,0.013
0.007,0.011,-0.013,-0.022,-0.07,-0.013,0.014
0.007,0.011,-0.011,-0.022,-0.069,-0.014,0.015
0.006,0.011,-0.01,-0.022,-0.068,-0.015,0.015
0.006,0.011,-0.008,-0.022,-0.067,-0.015,0.016
0.005,0.011,-0.007,-0.022,-0.066,-0.016,0.017
0.004,0.011,-0.005,-0.022,-0.065,-0.016,0.019
0.003,0.011,-0.004,-0.022,-0.063,-0.016,0.02
0.002,0.011,-0.003,-0.022,-0.062,-0.016,0.021
0.001,0.011,-0.002,-0.022,-0.061,-0.015,0.023
0,0.011,-0.001,-0.022,-0.06,-0.015,0.024
-0.001,0.011,0,-0.022,-0.059,-0.014,0.025
-0.002,0.012,0,-0.022,-0.058,-0.013,0.027
-0.003,0.012,0,-0.021,-0.057,-0.012,0.028
-0.004,0.013,0,-0.021,-0.057,-0.011,0.029
-0.005,0.014,-0.001,-0.021,-0.056,-0.009,0.029
-0.005,0.014,-0.001,-0.02,-0.055,-0.008,0.03
-0.006,0.015,-0.002,-0.02,-0.055,-0.006,0.03
-0.007,0.016,-0.004,-0.019,-0.055,-0.004,0.03
-0.008,0.017,-0.005,-0.019,-0.055,-0.003,0.03
-0.008,0.019,-0.007,-0.018,-0.055,-0.001,0.03
-0.009,0.02,-0.008,-0.017,-0.055,0.001,0.029
-0.009,0.021,-0.01,-0.016,-0.056,0.003,0.028
-0.01,0.022,-0.012,-0.016,-0.056,0.006,0.027
-0.011,0.023,-0.014,-0.015,-0.057,0.008,0.025
-0.012,0.024,-0.016,-0.014,-0.058,0.01,0.024
-0.012,0.026,-0.019,-0.013,-0.059,0.012,0.022
-0.013,0.026,-0.02,-0.013,-0.06,0.014,0.02
-0.014,0.027,-0.022,-0.012,-0.062,0.016,0.018
-0.016,0.028,-0.024,-0.012,-0.063,0.017,0.015
-0.017,0.028,-0.025,-0.012,-0.065,0.019,0.013
-0.018,0.029,-0.027,-0.011,-0.066,0.021,0.011
-0.02,0.029,-0.028,-0.011,-0.068,0.023,0.009
-0.022,0.029,-0.028,-0.011,-0.069,0.024,0.007
-0.023,0.028,-0.029,-0.011,-0.071,0.026,0.005
-0.025,0.028,-0.029,-0.012,-0.072,0.027,0.003
-0.027,0.027,-0.029,-0.012,-0.074,0.029,0.002
-0.029,0.026,-0.029,-0.012,-0.075,0.03,0
-0.03,0.026,-0.029,-0.013,-0.077,0.031,-0.001
-0.032,0.024,-0.028,-0.014,-0.078,0.032,-0.002
-0.033,0.023,-0.027,-0.014,-0.079,0.033,-0.002
-0.035,0.022,-0.026,-0.015,-0.08,0.034,-0.002
-0.036,0.02,-0.025,-0.016,-0.081,0.035,-0.002
-0.037,0.019,-0.024,-0.017,-0.081,0.036,-0.002
-0.037,0.018,-0.023,-0.018,-0.082,0.036,-0.001
-0.038,0.016,-0.021,-0.018,-0.082,0.036,0
-0.038,0.015,-0.02,-0.019,-0.082,0.037,0.001
-0.038,0.014,-0.019,-0.02,-0.082,0.037,0.002
-0.038,0.012,-0.017,-0.021,-0.082,0.037,0.004
-0.037,0.011,-0.016,-0.022,-0.082,0.037,0.006
-0.036,0.01,-0.015,-0.023,-0.081,0.037,0.007
-0.035,0.009,-0.014,-0.023,-0.081,0.036,0.009
-0.033,0.009,-0.013,-0.024,-0.08,0.036,0.011
-0.032,0.008,-0.012,-0.025,-0.079,0.035,0.013
-0.03,0.007,-0.012,-0.025,-0.078,0.034,0.015
-0.028,0.007,-0.011,-0.026,-0.077,0.033,0.016
-0.026,0.006,-0.01,-0.026,-0.076,0.032,0.018
-0.024,0.006,-0.01,-0.027,-0.075,0.03,0.019
-0.022,0.006,-0.01,-0.027,-0.074,0.029,0.02
-0.019,0.006,-0.009,-0.027,-0.073,0.027,0.021
-0.017,0.006,-0.009,-0.027,-0.072,0.026,0.022
-0.015,0.005,-0.009,-0.027,-0.071,0.024,0.022
-0.013,0.005,-0.009,-0.027,-0.069,0.022,0.022
-0.011,0.005,-0.009,-0.027,-0.068,0.02,0.022
-0.009,0.005,-0.009,-0.027,-0.067,0.018,0.022
-0.008,0.004,-0.009,-0.027,-0.066,0.016,0.021
-0.006,0.004,-0.009,-0.026,-0.065,0.014,0.021
-0.005,0.004,-0.009,-0.026,-0.064,0.012,0.02
-0.004,0.003,-0.009,-0.026,-0.063,0.011,0.019
-0.003,0.003,-0.009,-0.025,-0.062,0.009,0.018
-0.003,0.002,-0.009,-0.024,-0.061,0.007,0.017
-0.003,0.001,-0.009,-0.024,-0.061,0.005,0.016
-0.003,0.001,-0.009,-0.023,-0.06,0.003,0.015
-0.003,0,-0.009,-0.022,-0.059,0.002,0.014
-0.003,-0.001,-0.009,-0.022,-0.059,0.001,0.013
-0.004,-0.002,-0.009,-0.021,-0.058,-0.001,0.012
-0.005,-0.002,-0.009,-0.02,-0.058,-0.002,0.012
-0.006,-0.003,-0.009,-0.02,-0.058,-0.003,0.011
-0.007,-0.004,-0.009,-0.019,-0.057,-0.003,0.011
-0.008,-0.004,-0.008,-0.019,-0.057,-0.004,0.011
-0.01,-0.005,-0.008,-0.018,-0.057,-0.004,0.011
-0.011,-0.005,-0.008,-0.018,-0.057,-0.004,0.011
-0.013,-0.005,-0.008,-0.018,-0.057,-0.004,0.011
-0.014,-0.005,-0.008,-0.018,-0.058,-0.004,0.011
-0.016,-0.005,-0.008,-0.017,-0.058,-0.003,0.012
-0.017,-0.005,-0.008,-0.017,-0.058,-0.003,0.012
-0.018,-0.005,-0.008,-0.017,-0.059,-0.002,0.013
-0.02,-0.004,-0.008,-0.017,-0.059,-0.001,0.013
-0.021,-0.004,-0.008,-0.018,-0.06,0,0.014
-0.022,-0.003,-0.008,-0.018,-0.06,0.002,0.014
-0.023,-0.002,-0.008,-0.018,-0.061,0.003,0.014
-0.024,-0.001,-0.008,-0.019,-0.061,0.005,0.014
-0.025,0,-0.008,-0.019,-0.062,0.006,0.014
-0.025,0.001,-0.008,-0.019,-0.063,0.008,0.014
-0.026,0.002,-0.009,-0.02,-0.063,0.009,0.014
-0.026,0.003,-0.009,-0.02,-0.064,0.011,0.013
-0.026,0.004,-0.009,-0.021,-0.064,0.013,0.013
-0.026,0.005,-0.009,-0.021,-0.065,0.014,0.012
-0.026,0.006,-0.009,-0.022,-0.065,0.016,0.011
-0.026,0.007,-0.009,-0.022,-0.066,0.018,0.01
-0.025,0.008,-0.009,-0.023,-0.066,0.019,0.009
-0.024,0.009,-0.009,-0.023,-0.067,0.02,0.007
-0.024,0.009,-0.009,-0.023,-0.067,0.022,0.006
-0.023,0.01,-0.009,-0.024,-0.067,0.023,0.005
-0.022,0.01,-0.008,-0.024,-0.067,0.024,0.003
-0.021,0.01,-0.008,-0.024,-0.068,0.024,0.002
-0.02,0.01,-0.008,-0.024,-0.068,0.025,0.001
-0.018,0.01,-0.007,-0.024,-0.068,0.025,-0.001
-0.017,0.01,-0.007,-0.023,-0.068,0.026,-0.002
-0.016,0.009,-0.007,-0.023,-0.068,0.026,-0.003
-0.014,0.009,-0.006,-0.023,-0.067,0.026,-0.004
-0.012,0.008,-0.006,-0.022,-0.067,0.026,-0.005
-0.011,0.007,-0.005,-0.022,-0.067,0.025,-0.006
-0.009,0.006,-0.005,-0.021,-0.067,0.025,-0.006
-0.008,0.006,-0.005,-0.02,-0.066,0.024,-0.007
-0.006,0.004,-0.005,-0.02,-0.066,0.023,-0.007
-0.004,0.003,-0.005,-0.019,-0.065,0.022,-0.008
-0.003,0.002,-0.005,-0.018,-0.064,0.021,-0.008
-0.001,0.001,-0.005,-0.018,-0.064,0.02,-0.009
0,0,-0.006,-0.017,-0.063,0.019,-0.009
0.001,-0.001,-0.007,-0.016,-0.062,0.017,-0.009
0.003,-0.002,-0.007,-0.016,-0.06,0.016,-0.01
0.004,-0.003,-0.008,-0.015,-0.059,0.015,-0.01
0.005,-0.004,-0.01,-0.015,-0.057,0.013,-0.01
0.006,-0.005,-0.011,-0.015,-0.056,0.012,-0.011
0.007,-0.006,-0.013,-0.015,-0.054,0.01,-0.011
0.007,-0.007,-0.014,-0.015,-0.052,0.009,-0.011
0.008,-0.008,-0.016,-0.015,-0.05,0.008,-0.012
0.008,-0.008,-0.018,-0.016,-0.048,0.007,-0.012
0.009,-0.009,-0.02,-0.016,-0.046,0.006,-0.012
0.009,-0.009,-0.022,-0.017,-0.044,0.005,-0.013
0.009,-0.01,-0.024,-0.018,-0.042,0.004,-0.013
0.009,-0.01,-0.026,-0.019,-0.039,0.004,-0.014
0.009,-0.01,-0.028,-0.02,-0.037,0.003,-0.014
0.009,-0.01,-0.03,-0.022,-0.035,0.003,-0.015
0.008,-0.01,-0.032,-0.023,-0.033,0.003,-0.015
0.008,-0.01,-0.034,-0.025,-0.031,0.004,-0.015
0.008,-0.009,-0.035,-0.026,-0.029,0.004,-0.016
0.007,-0.009,-0.037,-0.028,-0.027,0.005,-0.016
0.007,-0.009,-0.038,-0.029,-0.026,0.006,-0.017
0.006,-0.008,-0.04,-0.03,-0.025,0.007,-0.017
0.006,-0.008,-0.04,-0.032,-0.024,0.008,-0.017
0.005,-0.007,-0.041,-0.033,-0.023,0.01,-0.017
0.005,-0.007,-0.042,-0.034,-0.023,0.011,-0.017
0.004,-0.006,-0.042,-0.035,-0.023,0.013,-0.017
0.004,-0.006,-0.042,-0.035,-0.023,0.015,-0.018
0.003,-0.006,-0.042,-0.035,-0.024,0.017,-0.018
0.003,-0.005,-0.041,-0.035,-0.024,0.019,-0.018
0.003,-0.005,-0.04,-0.035,-0.025,0.021,-0.017
0.003,-0.005,-0.039,-0.035,-0.027,0.023,-0.017
0.002,-0.005,-0.038,-0.034,-0.028,0.025,-0.017
0.002,-0.004,-0.037,-0.033,-0.03,0.027,-0.017
0.002,-0.004,-0.035,-0.031,-0.032,0.03,-0.017
0.002,-0.004,-0.034,-0.029,-0.034,0.031,-0.016
0.002,-0.005,-0.032,-0.027,-0.036,0.033,-0.016
0.002,-0.005,-0.03,-0.025,-0.038,0.035,-0.016
0.002,-0.005,-0.028,-0.023,-0.041,0.036,-0.016
0.002,-0.005,-0.026,-0.02,-0.043,0.038,-0.015
0.002,-0.006,-0.025,-0.018,-0.045,0.039,-0.015
0.002,-0.006,-0.023,-0.015,-0.048,0.04,-0.015
0.002,-0.006,-0.021,-0.012,-0.05,0.041,-0.014
0.002,-0.007,-0.02,-0.01,-0.052,0.041,-0.014
0.002,-0.007,-0.018,-0.007,-0.054,0.041,-0.014
0.001,-0.008,-0.017,-0.005,-0.056,0.041,-0.013
0.001,-0.008,-0.016,-0.003,-0.058,0.041,-0.013
0,-0.009,-0.015,-0.001,-0.059,0.041,-0.013
-0.001,-0.009,-0.015,0.001,-0.061,0.04,-0.012
-0.002,-0.009,-0.014,0.002,-0.062,0.039,-0.012
-0.003,-0.01,-0.014,0.003,-0.063,0.038,-0.012
-0.004,-0.01,-0.014,0.004,-0.064,0.037,-0.012
-0.005,-0.01,-0.014,0.005,-0.064,0.035,-0.012
-0.006,-0.01,-0.014,0.005,-0.065,0.034,-0.011
-0.007,-0.01,-0.014,0.004,-0.065,0.032,-0.011
-0.008,-0.01,-0.015,0.003,-0.064,0.03,-0.011
-0.009,-0.01,-0.015,0.002,-0.064,0.029,-0.011
-0.01,-0.009,-0.015,0.001,-0.063,0.027,-0.011
-0.011,-0.009,-0.016,-0.001,-0.062,0.025,-0.012
-0.012,-0.008,-0.016,-0.003,-0.061,0.023,-0.012
-0.013,-0.008,-0.017,-0.005,-0.06,0.022,-0.012
-0.013,-0.007,-0.017,-0.008,-0.059,0.02,-0.012
-0.014,-0.006,-0.017,-0.011,-0.057,0.019,-0.012
-0.014,-0.005,-0.017,-0.014,-0.055,0.017,-0.012
-0.014,-0.004,-0.017,-0.017,-0.054,0.016,-0.013
-0.014,-0.003,-0.017,-0.02,-0.052,0.016,-0.013
-0.013,-0.002,-0.016,-0.023,-0.05,0.015,-0.013
-0.013,-0.001,-0.016,-0.026,-0.048,0.014,-0.013
-0.012,0,-0.015,-0.029,-0.046,0.014,-0.014
-0.011,0.001,-0.015,-0.032,-0.044,0.014,-0.014
-0.009,0.002,-0.014,-0.034,-0.042,0.014,-0.014
-0.008,0.003,-0.014,-0.037,-0.041,0.015,-0.014
-0.006,0.004,-0.013,-0.039,-0.039,0.015,-0.014
-0.004,0.005,-0.013,-0.04,-0.037,0.016,-0.014
-0.002,0.006,-0.012,-0.042,-0.036,0.016,-0.014
0,0.007,-0.012,-0.043,-0.035,0.017,-0.014
0.002,0.008,-0.011,-0.044,-0.033,0.018,-0.014
0.005,0.009,-0.011,-0.044,-0.032,0.019,-0.014
0.007,0.009,-0.011,-0.044,-0.031,0.02,-0.014
0.009,0.01,-0.011,-0.044,-0.031,0.021,-0.014
0.011,0.01,-0.011,-0.043,-0.03,0.022,-0.014
0.014,0.01,-0.011,-0.042,-0.029,0.023,-0.014
0.016,0.01,-0.011,-0.041,-0.029,0.024,-0.014
0.018,0.01,-0.011,-0.039,-0.028,0.024,-0.014
0.019,0.01,-0.012,-0.037,-0.028,0.025,-0.014
0.021,0.01,-0.012,-0.035,-0.028,0.025,-0.014
0.022,0.009,-0.013,-0.033,-0.028,0.025,-0.015
0.024,0.008,-0.014,-0.031,-0.028,0.025,-0.015
0.025,0.007,-0.015,-0.029,-0.028,0.025,-0.016
0.025,0.006,-0.015,-0.026,-0.028,0.025,-0.017
0.026,0.005,-0.016,-0.024,-0.029,0.025,-0.018
0.026,0.004,-0.017,-0.021,-0.029,0.024,-0.019
0.026,0.002,-0.018,-0.019,-0.029,0.024,-0.021
0.026,0.001,-0.019,-0.017,-0.03,0.023,-0.022
0.025,-0.001,-0.019,-0.015,-0.03,0.022,-0.024
0.025,-0.003,-0.02,-0.013,-0.031,0.022,-0.026
0.024,-0.005,-0.021,-0.011,-0.032,0.021,-0.027
0.023,-0.007,-0.022,-0.01,-0.032,0.02,-0.029
0.022,-0.009,-0.022,-0.009,-0.033,0.019,-0.031
0.021,-0.012,-0.023,-0.008,-0.034,0.019,-0.033
0.019,-0.014,-0.024,-0.007,-0.035,0.018,-0.035
0.018,-0.016,-0.024,-0.006,-0.036,0.018,-0.036
0.016,-0.018,-0.025,-0.006,-0.037,0.017,-0.038
0.014,-0.02,-0.025,-0.005,-0.038,0.017,-0.04
0.013,-0.022,-0.026,-0.005,-0.039,0.017,-0.041
0.011,-0.024,-0.026,-0.005,-0.04,0.017,-0.043
0.009,-0.025,-0.027,-0.005,-0.041,0.017,-0.044
0.007,-0.027,-0.027,-0.006,-0.042,0.018,-0.045
0.006,-0.028,-0.028,-0.006,-0.043,0.018,-0.046
0.004,-0.029,-0.028,-0.006,-0.044,0.018,-0.046
0.002,-0.03,-0.029,-0.007,-0.044,0.019,-0.046
0.001,-0.03,-0.029,-0.007,-0.045,0.02,-0.047
-0.001,-0.03,-0.03,-0.008,-0.045,0.02,-0.046
-0.002,-0.03,-0.03,-0.008,-0.046,0.021,-0.046
-0.003,-0.029,-0.03,-0.008,-0.046,0.022,-0.046
-0.005,-0.029,-0.03,-0.009,-0.046,0.022,-0.045
-0.006,-0.027,-0.03,-0.009,-0.046,0.023,-0.044
-0.007,-0.026,-0.03,-0.009,-0.046,0.023,-0.043
-0.008,-0.024,-0.03,-0.009,-0.045,0.024,-0.041
-0.008,-0.022,-0.03,-0.009,-0.045,0.024,-0.04
-0.009,-0.02,-0.029,-0.009,-0.044,0.024,-0.038
-0.009,-0.017,-0.028,-0.009,-0.043,0.024,-0.037
-0.01,-0.015,-0.028,-0.008,-0.042,0.024,-0.035
-0.01,-0.012,-0.027,-0.008,-0.041,0.024,-0.033
-0.01,-0.009,-0.025,-0.008,-0.04,0.024,-0.031
-0.01,-0.006,-0.024,-0.008,-0.039,0.023,-0.03
-0.01,-0.003,-0.023,-0.007,-0.038,0.023,-0.028
-0.01,0,-0.021,-0.007,-0.037,0.022,-0.026
-0.01,0.002,-0.02,-0.007,-0.036,0.021,-0.024
-0.01,0.005,-0.018,-0.007,-0.035,0.02,-0.023
-0.01,0.007,-0.016,-0.007,-0.034,0.02,-0.021
-0.009,0.009,-0.015,-0.007,-0.033,0.019,-0.02
-0.009,0.011,-0.013,-0.007,-0.032,0.018,-0.019
-0.009,0.012,-0.012,-0.008,-0.032,0.017,-0.018
-0.009,0.013,-0.011,-0.008,-0.031,0.016,-0.017
-0.009,0.014,-0.009,-0.009,-0.031,0.015,-0.016
-0.009,0.014,-0.008,-0.009,-0.03,0.014,-0.015
-0.009,0.014,-0.007,-0.01,-0.03,0.013,-0.014
-0.009,0.014,-0.007,-0.011,-0.03,0.013,-0.013
-0.009,0.013,-0.006,-0.012,-0.03,0.012,-0.012
-0.009,0.012,-0.006,-0.014,-0.03,0.011,-0.011
-0.009,0.01,-0.006,-0.015,-0.03,0.011,-0.011
-0.01,0.009,-0.006,-0.016,-0.03,0.01,-0.01
-0.01,0.007,-0.007,-0.017,-0.03,0.01,-0.009
-0.011,0.005,-0.007,-0.018,-0.03,0.01,-0.009
-0.011,0.003,-0.008,-0.019,-0.03,0.009,-0.008
-0.012,0,-0.009,-0.02,-0.029,0.009,-0.007
-0.013,-0.002,-0.01,-0.021,-0.029,0.009,-0.007
-0.013,-0.004,-0.011,-0.022,-0.029,0.009,-0.006
-0.014,-0.006,-0.012,-0.022,-0.029,0.009,-0.005
-0.015,-0.008,-0.013,-0.023,-0.028,0.009,-0.005
-0.015,-0.01,-0.014,-0.023,-0.028,0.009,-0.004
-0.016,-0.012,-0.015,-0.023,-0.027,0.009,-0.004
-0.017,-0.013,-0.016,-0.024,-0.026,0.009,-0.004
-0.017,-0.014,-0.017,-0.024,-0.026,0.009,-0.004
-0.017,-0.015,-0.018,-0.024,-0.025,0.009,-0.004
-0.018,-0.015,-0.019,-0.024,-0.024,0.009,-0.004
-0.018,-0.016,-0.02,-0.024,-0.023,0.009,-0.004
-0.018,-0.015,-0.02,-0.024,-0.022,0.01,-0.005
-0.018,-0.015,-0.02,-0.024,-0.021,0.01,-0.005
-0.018,-0.014,-0.02,-0.024,-0.02,0.01,-0.006
-0.017,-0.013,-0.02,-0.024,-0.019,0.01,-0.007
-0.017,-0.011,-0.02,-0.024,-0.018,0.011,-0.008
-0.016,-0.009,-0.019,-0.024,-0.017,0.011,-0.01
-0.015,-0.007,-0.019,-0.024,-0.017,0.012,-0.011
-0.015,-0.004,-0.018,-0.024,-0.016,0.012,-0.013
-0.014,-0.002,-0.017,-0.024,-0.016,0.013,-0.015
-0.013,0.001,-0.016,-0.025,-0.016,0.014,-0.016
-0.012,0.004,-0.014,-0.025,-0.016,0.015,-0.018
-0.011,0.007,-0.013,-0.025,-0.017,0.017,-0.02
-0.01,0.01,-0.011,-0.025,-0.017,0.018,-0.022
-0.009,0.013,-0.009,-0.025,-0.018,0.02,-0.023
-0.008,0.017,-0.007,-0.025,-0.019,0.021,-0.025
-0.008,0.02,-0.005,-0.025,-0.02,0.023,-0.027
-0.007,0.023,-0.003,-0.025,-0.022,0.025,-0.028
-0.007,0.025,-0.001,-0.024,-0.023,0.028,-0.029
-0.007,0.028,0.001,-0.024,-0.025,0.03,-0.03
-0.007,0.031,0.003,-0.023,-0.027,0.032,-0.031
-0.007,0.033,0.005,-0.022,-0.028,0.035,-0.031
-0.008,0.035,0.006,-0.021,-0.03,0.037,-0.031
-0.008,0.036,0.008,-0.02,-0.032,0.04,-0.031
-0.009,0.038,0.01,-0.018,-0.034,0.042,-0.031
-0.01,0.039,0.011,-0.017,-0.036,0.044,-0.03
-0.012,0.039,0.012,-0.015,-0.037,0.046,-0.03
-0.013,0.039,0.013,-0.013,-0.039,0.048,-0.029
-0.015,0.039,0.014,-0.011,-0.04,0.05,-0.028
-0.017,0.039,0.015,-0.009,-0.042,0.052,-0.027
-0.018,0.038,0.015,-0.007,-0.043,0.053,-0.025
-0.02,0.036,0.015,-0.005,-0.043,0.053,-0.024
-0.022,0.035,0.015,-0.004,-0.044,0.054,-0.022
-0.024,0.033,0.014,-0.002,-0.044,0.054,-0.021
-0.026,0.03,0.013,0,-0.044,0.054,-0.019
-0.028,0.028,0.012,0.002,-0.044,0.053,-0.018
-0.03,0.025,0.011,0.003,-0.043,0.052,-0.016
-0.031,0.022,0.01,0.004,-0.042,0.05,-0.015
-0.033,0.019,0.008,0.005,-0.041,0.048,-0.014
-0.034,0.015,0.006,0.006,-0.04,0.046,-0.012
-0.035,0.011,0.004,0.007,-0.038,0.043,-0.011
-0.036,0.008,0.003,0.007,-0.037,0.04,-0.01
-0.036,0.004,0.001,0.007,-0.035,0.037,-0.01
-0.037,0,-0.001,0.007,-0.032,0.033,-0.009
-0.037,-0.003,-0.003,0.007,-0.03,0.03,-0.008
-0.037,-0.007,-0.005,0.006,-0.028,0.026,-0.008
-0.036,-0.01,-0.007,0.005,-0.025,0.022,-0.007
-0.036,-0.014,-0.009,0.004,-0.023,0.019,-0.007
-0.035,-0.017,-0.01,0.002,-0.021,0.015,-0.007
-0.034,-0.02,-0.012,0,-0.018,0.012,-0.006
-0.033,-0.022,-0.013,-0.001,-0.016,0.008,-0.006
-0.032,-0.025,-0.015,-0.003,-0.014,0.005,-0.006
-0.031,-0.027,-0.016,-0.005,-0.012,0.003,-0.006
-0.03,-0.028,-0.017,-0.008,-0.01,0,-0.005
-0.029,-0.03,-0.018,-0.01,-0.009,-0.002,-0.005
-0.028,-0.031,-0.019,-0.012,-0.007,-0.003,-0.004
-0.027,-0.032,-0.02,-0.014,-0.006,-0.005,-0.003
-0.026,-0.032,-0.021,-0.016,-0.006,-0.006,-0.003
-0.025,-0.032,-0.022,-0.018,-0.005,-0.006,-0.002
-0.024,-0.032,-0.023,-0.02,-0.005,-0.006,-0.001
-0.023,-0.032,-0.024,-0.022,-0.005,-0.006,0.001
-0.023,-0.031,-0.025,-0.024,-0.005,-0.005,0.002
-0.022,-0.03,-0.025,-0.026,-0.006,-0.004,0.003
-0.022,-0.029,-0.026,-0.027,-0.007,-0.002,0.004
-0.022,-0.028,-0.027,-0.028,-0.008,-0.001,0.006
-0.022,-0.026,-0.028,-0.029,-0.009,0.001,0.007
-0.022,-0.024,-0.028,-0.03,-0.01,0.003,0.009
-0.022,-0.022,-0.029,-0.031,-0.011,0.005,0.01
-0.022,-0.02,-0.03,-0.032,-0.013,0.008,0.011
-0.023,-0.018,-0.03,-0.032,-0.014,0.01,0.012
-0.023,-0.016,-0.031,-0.033,-0.016,0.012,0.013
-0.023,-0.014,-0.031,-0.034,-0.017,0.014,0.014
-0.024,-0.012,-0.031,-0.034,-0.019,0.016,0.014
-0.024,-0.009,-0.031,-0.034,-0.02,0.018,0.014
-0.025,-0.007,-0.031,-0.035,-0.021,0.02,0.014
-0.025,-0.005,-0.031,-0.035,-0.023,0.022,0.014
-0.026,-0.003,-0.03,-0.036,-0.024,0.023,0.013
-0.026,-0.001,-0.029,-0.036,-0.025,0.024,0.012
-0.026,0.001,-0.029,-0.037,-0.026,0.025,0.011
-0.027,0.003,-0.028,-0.037,-0.026,0.025,0.009
-0.027,0.004,-0.026,-0.038,-0.027,0.026,0.007
-0.027,0.006,-0.025,-0.038,-0.027,0.026,0.005
-0.027,0.007,-0.024,-0.039,-0.028,0.026,0.003
-0.028,0.008,-0.022,-0.039,-0.028,0.025,0.001
-0.028,0.009,-0.021,-0.039,-0.028,0.025,-0.002
-0.028,0.009,-0.019,-0.04,-0.028,0.024,-0.004
-0.029,0.01,-0.018,-0.04,-0.028,0.023,-0.007
-0.029,0.01,-0.016,-0.04,-0.028,0.022,-0.009
-0.029,0.01,-0.015,-0.039,-0.028,0.021,-0.011
-0.03,0.01,-0.014,-0.039,-0.028,0.02,-0.014
-0.031,0.009,-0.013,-0.039,-0.027,0.019,-0.016
-0.031,0.009,-0.012,-0.038,-0.027,0.018,-0.018
-0.032,0.008,-0.011,-0.037,-0.026,0.017,-0.019
-0.033,0.007,-0.011,-0.036,-0.026,0.016,-0.021
-0.034,0.006,-0.011,-0.035,-0.025,0.015,-0.022
-0.035,0.005,-0.011,-0.034,-0.025,0.014,-0.023
-0.035,0.004,-0.011,-0.032,-0.024,0.013,-0.023
-0.036,0.002,-0.012,-0.031,-0.024,0.012,-0.023
-0.037,0.001,-0.012,-0.029,-0.023,0.011,-0.023
-0.038,-0.001,-0.013,-0.028,-0.022,0.011,-0.023
-0.039,-0.002,-0.014,-0.026,-0.021,0.01,-0.022
-0.039,-0.004,-0.015,-0.024,-0.021,0.01,-0.021
-0.04,-0.005,-0.016,-0.023,-0.02,0.009,-0.02
-0.04,-0.007,-0.017,-0.021,-0.019,0.009,-0.019
-0.04,-0.008,-0.018,-0.02,-0.018,0.009,-0.018
-0.04,-0.009,-0.019,-0.018,-0.017,0.009,-0.016
-0.039,-0.011,-0.021,-0.017,-0.016,0.009,-0.014
-0.039,-0.012,-0.022,-0.016,-0.015,0.009,-0.013
-0.038,-0.013,-0.023,-0.015,-0.014,0.009,-0.011
-0.037,-0.013,-0.023,-0.014,-0.013,0.009,-0.009
-0.036,-0.014,-0.024,-0.013,-0.011,0.009,-0.007
-0.035,-0.015,-0.024,-0.012,-0.01,0.009,-0.006
-0.033,-0.015,-0.025,-0.012,-0.009,0.009,-0.004
-0.032,-0.015,-0.025,-0.012,-0.007,0.009,-0.002
-0.03,-0.015,-0.025,-0.012,-0.005,0.009,-0.001
-0.028,-0.015,-0.024,-0.012,-0.004,0.009,0.001
-0.026,-0.015,-0.024,-0.012,-0.002,0.009,0.002
-0.024,-0.014,-0.023,-0.012,0,0.009,0.004
-0.022,-0.014,-0.022,-0.012,0.002,0.009,0.005
-0.021,-0.013,-0.021,-0.012,0.003,0.009,0.006
-0.019,-0.012,-0.02,-0.013,0.005,0.008,0.007
-0.017,-0.011,-0.019,-0.013,0.007,0.008,0.008
-0.016,-0.011,-0.018,-0.013,0.009,0.008,0.009
-0.015,-0.01,-0.016,-0.014,0.01,0.007,0.01
-0.014,-0.009,-0.015,-0.014,0.012,0.007,0.011
-0.013,-0.008,-0.013,-0.015,0.013,0.006,0.012
-0.012,-0.007,-0.012,-0.015,0.015,0.005,0.013
-0.012,-0.006,-0.011,-0.015,0.016,0.005,0.013
-0.012,-0.005,-0.009,-0.015,0.017,0.004,0.014
-0.012,-0.005,-0.008,-0.015,0.018,0.003,0.014
-0.012,-0.004,-0.007,-0.016,0.018,0.002,0.015
-0.012,-0.003,-0.005,-0.016,0.018,0.001,0.015
-0.013,-0.003,-0.004,-0.016,0.018,0,0.016
-0.014,-0.002,-0.003,-0.016,0.018,-0.001,0.016
-0.015,-0.002,-0.002,-0.016,0.017,-0.002,0.016
-0.016,-0.001,-0.002,-0.017,0.017,-0.003,0.016
-0.017,-0.001,-0.001,-0.017,0.015,-0.004,0.017
-0.018,-0.001,0,-0.017,0.014,-0.005,0.017
-0.019,-0.001,0,-0.017,0.012,-0.006,0.017
-0.021,0,0.001,-0.018,0.011,-0.007,0.017
-0.022,0,0.001,-0.018,0.009,-0.008,0.017
-0.023,0,0.002,-0.019,0.007,-0.008,0.017
-0.025,0,0.002,-0.019,0.004,-0.009,0.017
-0.026,0,0.002,-0.02,0.002,-0.01,0.017
-0.027,0,0.002,-0.02,0,-0.01,0.017
-0.028,0,0.002,-0.021,-0.003,-0.011,0.017
-0.029,0,0.002,-0.022,-0.005,-0.011,0.017
-0.03,0,0.002,-0.022,-0.007,-0.011,0.017
-0.032,0,0.001,-0.023,-0.009,-0.011,0.017
-0.033,0,0.001,-0.023,-0.011,-0.011,0.018
-0.034,0,0,-0.024,-0.013,-0.011,0.018
-0.035,0,-0.001,-0.024,-0.015,-0.011,0.018
-0.036,0,-0.002,-0.024,-0.016,-0.011,0.018
-0.037,0,-0.003,-0.024,-0.017,-0.01,0.018
-0.038,0,-0.004,-0.024,-0.018,-0.01,0.018
-0.04,0,-0.005,-0.024,-0.019,-0.01,0.019
-0.041,0,-0.007,-0.024,-0.019,-0.009,0.019
-0.042,0,-0.008,-0.023,-0.019,-0.009,0.019
-0.043,0,-0.01,-0.023,-0.018,-0.009,0.019
-0.044,-0.001,-0.012,-0.022,-0.018,-0.008,0.019
-0.046,-0.001,-0.014,-0.021,-0.017,-0.008,0.019
-0.047,-0.001,-0.016,-0.02,-0.015,-0.008,0.018
-0.048,-0.001,-0.018,-0.019,-0.014,-0.008,0.018
-0.049,-0.001,-0.021,-0.018,-0.012,-0.008,0.018
-0.05,-0.001,-0.023,-0.016,-0.011,-0.008,0.017
-0.05,-0.001,-0.025,-0.015,-0.008,-0.009,0.017
-0.051,0,-0.028,-0.014,-0.006,-0.009,0.016
-0.051,0,-0.03,-0.012,-0.004,-0.01,0.015
-0.051,0,-0.032,-0.011,-0.002,-0.01,0.015
-0.051,0,-0.034,-0.009,0.001,-0.011,0.014
-0.051,0,-0.036,-0.008,0.003,-0.012,0.013
-0.05,0,-0.038,-0.007,0.005,-0.013,0.012
-0.05,0.001,-0.039,-0.006,0.008,-0.014,0.011
-0.048,0.001,-0.041,-0.005,0.01,-0.015,0.01
-0.047,0.001,-0.042,-0.004,0.012,-0.016,0.009
-0.046,0.001,-0.043,-0.003,0.014,-0.017,0.008
-0.044,0.001,-0.043,-0.002,0.016,-0.018,0.007
-0.042,0.001,-0.043,-0.001,0.018,-0.019,0.006
-0.04,0.001,-0.043,-0.001,0.02,-0.02,0.005
-0.037,0,-0.043,-0.001,0.021,-0.021,0.004
-0.035,0,-0.042,0,0.023,-0.022,0.003
-0.032,-0.001,-0.041,0,0.024,-0.023,0.002
-0.03,-0.002,-0.039,0,0.025,-0.024,0.002
-0.027,-0.002,-0.038,0,0.026,-0.025,0.001
-0.024,-0.003,-0.036,-0.001,0.026,-0.025,0.001
-0.022,-0.004,-0.033,-0.001,0.027,-0.026,0.001
-0.019,-0.006,-0.031,-0.001,0.027,-0.026,0
-0.017,-0.007,-0.028,-0.002,0.027,-0.027,0
-0.015,-0.008,-0.026,-0.002,0.027,-0.027,0.001
-0.013,-0.01,-0.023,-0.003,0.027,-0.027,0.001
-0.011,-0.011,-0.02,-0.004,0.026,-0.027,0.001
-0.009,-0.013,-0.017,-0.004,0.026,-0.027,0.002
-0.008,-0.014,-0.014,-0.005,0.025,-0.027,0.003
-0.007,-0.015,-0.011,-0.006,0.025,-0.026,0.004
-0.006,-0.016,-0.008,-0.006,0.024,-0.026,0.005
-0.005,-0.017,-0.006,-0.007,0.023,-0.026,0.006
-0.005,-0.018,-0.003,-0.008,0.022,-0.025,0.007
-0.005,-0.019,-0.001,-0.009,0.022,-0.025,0.008
-0.005,-0.019,0.001,-0.01,0.021,-0.024,0.01
-0.005,-0.019,0.004,-0.011,0.02,-0.024,0.011
-0.006,-0.019,0.005,-0.012,0.02,-0.023,0.013
-0.006,-0.019,0.007,-0.013,0.019,-0.023,0.014
-0.007,-0.018,0.009,-0.014,0.019,-0.022,0.015
-0.008,-0.017,0.01,-0.015,0.018,-0.022,0.017
-0.009,-0.016,0.011,-0.016,0.018,-0.021,0.018
-0.01,-0.014,0.012,-0.017,0.018,-0.021,0.019
-0.011,-0.013,0.013,-0.018,0.017,-0.02,0.02
-0.012,-0.011,0.014,-0.019,0.017,-0.02,0.021
-0.013,-0.009,0.014,-0.02,0.018,-0.02,0.022
-0.014,-0.007,0.015,-0.021,0.018,-0.02,0.023
-0.015,-0.004,0.015,-0.023,0.018,-0.02,0.023
-0.016,-0.002,0.015,-0.024,0.018,-0.02,0.024
-0.017,0,0.015,-0.025,0.019,-0.02,0.024
-0.017,0.003,0.015,-0.026,0.019,-0.02,0.024
-0.018,0.005,0.015,-0.027,0.02,-0.02,0.024
-0.018,0.007,0.015,-0.028,0.02,-0.02,0.024
-0.018,0.009,0.014,-0.029,0.021,-0.02,0.024
-0.018,0.011,0.014,-0.029,0.022,-0.02,0.023
-0.018,0.013,0.013,-0.03,0.022,-0.02,0.023
-0.018,0.015,0.013,-0.03,0.023,-0.02,0.022
-0.018,0.016,0.012,-0.029,0.024,-0.02,0.021
-0.017,0.017,0.011,-0.029,0.024,-0.02,0.02
-0.017,0.018,0.009,-0.028,0.025,-0.02,0.019
-0.017,0.019,0.008,-0.027,0.026,-0.02,0.018
-0.016,0.02,0.007,-0.025,0.026,-0.02,0.017
-0.016,0.02,0.005,-0.024,0.027,-0.019,0.015
-0.015,0.021,0.003,-0.022,0.027,-0.019,0.014
-0.015,0.021,0.002,-0.019,0.027,-0.018,0.013
-0.015,0.021,0,-0.016,0.028,-0.017,0.011
-0.015,0.021,-0.002,-0.014,0.028,-0.016,0.01
-0.015,0.021,-0.004,-0.01,0.028,-0.015,0.008
-0.015,0.021,-0.006,-0.007,0.028,-0.014,0.006
-0.015,0.02,-0.009,-0.004,0.028,-0.013,0.005
-0.016,0.02,-0.011,0,0.029,-0.012,0.003
-0.017,0.019,-0.013,0.003,0.029,-0.011,0.002
-0.017,0.019,-0.015,0.007,0.029,-0.01,0.001
-0.018,0.018,-0.017,0.01,0.029,-0.009,-0.001
-0.02,0.018,-0.019,0.013,0.029,-0.008,-0.002
-0.021,0.017,-0.021,0.016,0.029,-0.007,-0.003
-0.022,0.017,-0.022,0.019,0.029,-0.007,-0.004
-0.023,0.016,-0.024,0.021,0.029,-0.006,-0.004
-0.025,0.016,-0.025,0.023,0.029,-0.006,-0.005
-0.026,0.015,-0.026,0.025,0.029,-0.006,-0.005
-0.027,0.015,-0.027,0.026,0.029,-0.006,-0.005
-0.029,0.015,-0.027,0.027,0.029,-0.007,-0.005
-0.03,0.014,-0.028,0.027,0.029,-0.007,-0.004
-0.031,0.014,-0.028,0.027,0.029,-0.008,-0.003
-0.032,0.014,-0.028,0.026,0.029,-0.009,-0.002
-0.032,0.014,-0.027,0.026,0.029,-0.01,-0.001
-0.033,0.014,-0.027,0.024,0.03,-0.012,0.001
-0.033,0.014,-0.026,0.022,0.03,-0.013,0.003
-0.033,0.013,-0.025,0.02,0.03,-0.015,0.005
-0.033,0.013,-0.023,0.018,0.03,-0.016,0.007
-0.033,0.013,-0.022,0.015,0.031,-0.018,0.009
-0.032,0.013,-0.02,0.013,0.031,-0.02,0.012
-0.032,0.013,-0.018,0.009,0.031,-0.022,0.014
-0.031,0.013,-0.016,0.006,0.032,-0.024,0.017
-0.029,0.013,-0.014,0.003,0.032,-0.026,0.02
-0.028,0.013,-0.013,0,0.033,-0.027,0.023
-0.027,0.012,-0.011,-0.004,0.033,-0.029,0.025
-0.025,0.012,-0.009,-0.007,0.034,-0.031,0.028
-0.023,0.012,-0.007,-0.01,0.035,-0.032,0.031
-0.021,0.012,-0.005,-0.013,0.035,-0.034,0.033
-0.02,0.011,-0.003,-0.016,0.036,-0.035,0.035
-0.018,0.011,-0.002,-0.018,0.037,-0.036,0.037
-0.016,0.011,0,-0.021,0.038,-0.037,0.038
-0.014,0.011,0.001,-0.023,0.038,-0.038,0.04
-0.013,0.011,0.002,-0.025,0.039,-0.04,0.04
-0.011,0.01,0.003,-0.026,0.039,-0.041,0.041
-0.01,0.01,0.004,-0.028,0.04,-0.042,0.041
-0.009,0.01,0.004,-0.029,0.041,-0.043,0.041
-0.008,0.01,0.004,-0.029,0.041,-0.044,0.041
-0.007,0.01,0.004,-0.03,0.041,-0.045,0.04
-0.007,0.011,0.004,-0.03,0.041,-0.046,0.038
-0.007,0.011,0.003,-0.03,0.041,-0.047,0.037
-0.007,0.011,0.002,-0.029,0.041,-0.048,0.035
-0.007,0.011,0.001,-0.029,0.041,-0.049,0.033
-0.008,0.012,0,-0.028,0.04,-0.05,0.031
-0.009,0.012,-0.001,-0.027,0.04,-0.051,0.028
-0.011,0.013,-0.003,-0.025,0.039,-0.052,0.026
-0.012,0.014,-0.004,-0.024,0.038,-0.053,0.023
-0.014,0.014,-0.006,-0.022,0.037,-0.054,0.021
-0.016,0.015,-0.007,-0.02,0.035,-0.054,0.018
-0.018,0.016,-0.009,-0.018,0.034,-0.055,0.016
-0.02,0.017,-0.011,-0.016,0.032,-0.056,0.014
-0.022,0.018,-0.012,-0.013,0.031,-0.056,0.012
-0.024,0.019,-0.014,-0.011,0.029,-0.056,0.01
-0.026,0.019,-0.015,-0.008,0.028,-0.056,0.009
-0.028,0.02,-0.016,-0.006,0.026,-0.056,0.008
-0.03,0.021,-0.017,-0.003,0.025,-0.055,0.007
-0.031,0.022,-0.018,0,0.024,-0.054,0.007
-0.033,0.023,-0.018,0.003,0.022,-0.053,0.008
-0.034,0.024,-0.018,0.006,0.021,-0.052,0.008
-0.034,0.026,-0.018,0.008,0.021,-0.05,0.01
-0.035,0.027,-0.018,0.011,0.02,-0.048,0.011
-0.035,0.028,-0.017,0.014,0.02,-0.046,0.013
-0.034,0.029,-0.015,0.017,0.02,-0.043,0.016
-0.033,0.03,-0.014,0.02,0.02,-0.04,0.018
-0.032,0.032,-0.011,0.023,0.02,-0.037,0.022
-0.031,0.033,-0.009,0.026,0.021,-0.034,0.025
-0.029,0.035,-0.006,0.029,0.022,-0.03,0.029
-0.026,0.037,-0.003,0.032,0.024,-0.027,0.033
-0.024,0.038,0.001,0.034,0.025,-0.023,0.037
-0.021,0.04,0.004,0.037,0.027,-0.019,0.041
-0.018,0.043,0.008,0.039,0.029,-0.016,0.045
-0.014,0.045,0.013,0.041,0.032,-0.012,0.049
-0.01,0.047,0.017,0.043,0.034,-0.008,0.053
-0.006,0.05,0.022,0.045,0.037,-0.005,0.058
-0.002,0.053,0.026,0.047,0.04,-0.001,0.062
0.002,0.055,0.031,0.049,0.043,0.002,0.066
0.007,0.058,0.036,0.05,0.046,0.006,0.07
0.011,0.062,0.04,0.051,0.049,0.009,0.074
0.016,0.065,0.045,0.052,0.053,0.012,0.077
0.02,0.068,0.049,0.053,0.056,0.015,0.081
0.025,0.072,0.053,0.053,0.059,0.018,0.084
0.029,0.075,0.057,0.054,0.062,0.021,0.087
0.033,0.079,0.061,0.054,0.066,0.023,0.09
0.038,0.082,0.065,0.054,0.069,0.026,0.093
0.042,0.086,0.068,0.054,0.072,0.028,0.095
0.046,0.089,0.071,0.054,0.075,0.03,0.097
0.049,0.093,0.074,0.054,0.078,0.033,0.099
0.053,0.096,0.076,0.054,0.081,0.035,0.101
0.056,0.099,0.079,0.054,0.084,0.037,0.102
0.058,0.102,0.081,0.054,0.086,0.039,0.104
0.061,0.104,0.082,0.055,0.089,0.041,0.105
0.063,0.107,0.084,0.055,0.091,0.043,0.106
0.065,0.109,0.085,0.055,0.094,0.046,0.106
0.067,0.11,0.086,0.056,0.096,0.048,0.107
0.069,0.112,0.086,0.057,0.098,0.05,0.107
0.07,0.113,0.087,0.058,0.101,0.052,0.107
0.071,0.114,0.087,0.059,0.103,0.054,0.107
0.071,0.114,0.087,0.06,0.105,0.056,0.106
0.072,0.114,0.088,0.062,0.107,0.058,0.106
0.072,0.113,0.088,0.064,0.109,0.06,0.105
0.073,0.112,0.088,0.065,0.111,0.061,0.104
0.073,0.111,0.087,0.067,0.113,0.063,0.103
0.073,0.11,0.087,0.069,0.115,0.064,0.102
0.072,0.108,0.087,0.071,0.117,0.066,0.101
0.072,0.106,0.087,0.073,0.119,0.067,0.1
0.072,0.103,0.087,0.075,0.12,0.068,0.099
0.071,0.101,0.087,0.076,0.122,0.068,0.097
0.071,0.098,0.087,0.078,0.124,0.068,0.096
0.071,0.095,0.087,0.08,0.125,0.068,0.094
0.07,0.092,0.087,0.081,0.126,0.068,0.093
0.07,0.089,0.087,0.083,0.127,0.068,0.092
0.069,0.086,0.088,0.084,0.128,0.067,0.09
0.069,0.083,0.088,0.085,0.128,0.066,0.089
0.068,0.081,0.089,0.086,0.128,0.065,0.088
0.067,0.078,0.089,0.086,0.128,0.063,0.087
0.067,0.076,0.09,0.087,0.128,0.061,0.086
0.066,0.074,0.091,0.088,0.127,0.059,0.086
0.065,0.072,0.092,0.088,0.126,0.057,0.085
0.065,0.071,0.093,0.088,0.125,0.055,0.085
0.064,0.07,0.094,0.089,0.123,0.053,0.085
0.063,0.069,0.095,0.089,0.121,0.05,0.086
0.063,0.069,0.096,0.09,0.119,0.048,0.086
0.062,0.069,0.097,0.09,0.116,0.046,0.087
0.061,0.07,0.098,0.091,0.114,0.044,0.088
0.061,0.071,0.099,0.091,0.111,0.042,0.089
0.06,0.072,0.1,0.092,0.108,0.04,0.091
0.059,0.074,0.1,0.093,0.105,0.039,0.092
0.059,0.076,0.101,0.094,0.101,0.038,0.094
0.059,0.078,0.102,0.096,0.098,0.037,0.096
0.058,0.08,0.102,0.097,0.095,0.036,0.098
0.058,0.083,0.103,0.098,0.092,0.036,0.101
0.059,0.086,0.103,0.1,0.089,0.036,0.103
0.059,0.088,0.103,0.102,0.086,0.036,0.105
0.06,0.091,0.102,0.103,0.083,0.037,0.108
0.06,0.094,0.102,0.105,0.081,0.038,0.11
0.061,0.097,0.101,0.106,0.079,0.039,0.112
0.063,0.1,0.1,0.108,0.077,0.041,0.114
0.064,0.103,0.099,0.109,0.076,0.042,0.116
0.066,0.105,0.097,0.11,0.075,0.044,0.118
0.068,0.107,0.095,0.111,0.074,0.046,0.12
0.071,0.109,0.093,0.112,0.074,0.049,0.121
0.073,0.111,0.091,0.112,0.074,0.051,0.123
0.076,0.113,0.089,0.112,0.074,0.053,0.124
0.079,0.114,0.086,0.112,0.075,0.056,0.125
0.082,0.115,0.084,0.111,0.076,0.058,0.126
0.085,0.115,0.081,0.11,0.077,0.06,0.126
0.088,0.116,0.078,0.109,0.078,0.063,0.127
0.091,0.116,0.076,0.107,0.08,0.065,0.127
0.094,0.115,0.073,0.105,0.081,0.067,0.127
0.097,0.115,0.07,0.103,0.083,0.069,0.127
0.099,0.114,0.068,0.1,0.085,0.07,0.126
0.102,0.113,0.066,0.098,0.087,0.072,0.126
0.104,0.112,0.064,0.094,0.089,0.073,0.125
0.106,0.11,0.062,0.091,0.091,0.074,0.125
0.107,0.109,0.06,0.088,0.093,0.075,0.124
0.109,0.107,0.059,0.084,0.095,0.076,0.123
0.109,0.106,0.058,0.081,0.097,0.076,0.122
0.11,0.104,0.058,0.077,0.099,0.076,0.121
0.11,0.102,0.058,0.074,0.1,0.076,0.12
0.109,0.101,0.058,0.07,0.102,0.075,0.119
0.108,0.099,0.059,0.067,0.103,0.074,0.118
0.106,0.098,0.06,0.064,0.104,0.073,0.117
0.104,0.096,0.061,0.06,0.105,0.072,0.116
0.101,0.095,0.062,0.057,0.105,0.07,0.115
0.098,0.093,0.064,0.055,0.106,0.068,0.114
0.095,0.092,0.066,0.052,0.106,0.065,0.113
0.091,0.091,0.069,0.05,0.106,0.063,0.112
0.086,0.09,0.071,0.048,0.106,0.06,0.111
0.082,0.089,0.074,0.046,0.106,0.057,0.11
0.077,0.089,0.076,0.044,0.106,0.053,0.109
0.071,0.088,0.079,0.043,0.105,0.05,0.109
0.066,0.088,0.081,0.041,0.105,0.046,0.108
0.06,0.088,0.084,0.041,0.104,0.042,0.107
0.055,0.087,0.086,0.04,0.103,0.038,0.106
0.049,0.087,0.088,0.04,0.102,0.034,0.105
0.044,0.088,0.09,0.039,0.1,0.03,0.104
0.038,0.088,0.092,0.04,0.099,0.027,0.102
0.033,0.088,0.094,0.04,0.098,0.023,0.101
0.028,0.088,0.095,0.041,0.096,0.019,0.1
0.023,0.089,0.097,0.042,0.095,0.016,0.099
0.018,0.089,0.098,0.043,0.093,0.013,0.097
0.014,0.09,0.099,0.044,0.092,0.01,0.096
0.01,0.09,0.1,0.046,0.09,0.008,0.095
0.007,0.091,0.1,0.048,0.089,0.006,0.093
0.004,0.091,0.101,0.05,0.088,0.004,0.092
0.001,0.091,0.102,0.052,0.087,0.002,0.09
-0.001,0.092,0.102,0.054,0.086,0.001,0.088
-0.002,0.092,0.102,0.057,0.085,0.001,0.087
-0.003,0.092,0.103,0.059,0.085,0,0.085
-0.004,0.091,0.103,0.061,0.085,0,0.084
-0.004,0.091,0.103,0.064,0.085,0,0.083
-0.004,0.09,0.103,0.066,0.085,0.001,0.081
-0.003,0.089,0.103,0.068,0.085,0.002,0.08
-0.002,0.088,0.102,0.07,0.086,0.002,0.079
-0.001,0.087,0.102,0.071,0.086,0.003,0.079
0.001,0.085,0.101,0.073,0.087,0.005,0.078
0.003,0.083,0.1,0.074,0.088,0.006,0.077
0.005,0.08,0.099,0.075,0.089,0.007,0.077
0.007,0.078,0.097,0.075,0.09,0.008,0.077
0.009,0.075,0.095,0.075,0.091,0.009,0.077
0.012,0.072,0.093,0.074,0.091,0.01,0.077
0.014,0.068,0.09,0.073,0.092,0.01,0.078
0.017,0.065,0.087,0.072,0.093,0.011,0.078
0.019,0.061,0.083,0.07,0.093,0.011,0.079
0.022,0.057,0.079,0.068,0.093,0.011,0.079
0.024,0.053,0.075,0.065,0.093,0.011,0.08
0.026,0.049,0.07,0.062,0.092,0.01,0.08
0.028,0.045,0.065,0.059,0.091,0.01,0.08
0.03,0.041,0.059,0.055,0.09,0.009,0.08
0.032,0.037,0.054,0.051,0.088,0.007,0.08
0.034,0.033,0.048,0.047,0.086,0.006,0.08
0.035,0.029,0.042,0.042,0.084,0.004,0.08
0.036,0.025,0.036,0.038,0.081,0.002,0.079
0.037,0.022,0.029,0.033,0.078,0,0.078
0.038,0.018,0.023,0.029,0.074,-0.002,0.076
0.038,0.015,0.017,0.024,0.071,-0.004,0.074
0.038,0.012,0.012,0.02,0.066,-0.006,0.072
0.038,0.009,0.006,0.015,0.062,-0.009,0.069
0.038,0.007,0.001,0.011,0.058,-0.011,0.066
0.038,0.005,-0.004,0.007,0.053,-0.014,0.063
0.037,0.003,-0.008,0.004,0.048,-0.016,0.059
0.036,0.001,-0.012,0,0.043,-0.018,0.055
0.035,-0.001,-0.015,-0.003,0.038,-0.02,0.051
0.034,-0.002,-0.018,-0.005,0.034,-0.022,0.046
0.033,-0.003,-0.02,-0.008,0.029,-0.024,0.041
0.031,-0.004,-0.022,-0.01,0.024,-0.026,0.036
0.029,-0.005,-0.024,-0.012,0.02,-0.027,0.031
0.027,-0.005,-0.025,-0.013,0.016,-0.029,0.026
0.025,-0.006,-0.026,-0.014,0.012,-0.03,0.021
0.023,-0.006,-0.026,-0.015,0.009,-0.03,0.016
0.02,-0.006,-0.026,-0.016,0.005,-0.031,0.012
0.018,-0.006,-0.025,-0.016,0.003,-0.032,0.007
0.015,-0.006,-0.025,-0.016,0,-0.032,0.003
0.012,-0.006,-0.024,-0.017,-0.002,-0.032,-0.002
0.009,-0.006,-0.023,-0.017,-0.004,-0.032,-0.006
0.006,-0.005,-0.022,-0.017,-0.005,-0.032,-0.009
0.003,-0.005,-0.021,-0.017,-0.006,-0.032,-0.012
0,-0.005,-0.02,-0.017,-0.006,-0.032,-0.015
-0.004,-0.005,-0.02,-0.017,-0.006,-0.032,-0.018
-0.007,-0.005,-0.019,-0.017,-0.006,-0.032,-0.02
-0.01,-0.005,-0.019,-0.018,-0.006,-0.032,-0.022
-0.014,-0.005,-0.019,-0.018,-0.005,-0.033,-0.024
-0.017,-0.006,-0.019,-0.019,-0.004,-0.033,-0.025
-0.02,-0.006,-0.019,-0.019,-0.003,-0.034,-0.027
-0.024,-0.007,-0.02,-0.02,-0.002,-0.035,-0.028
-0.027,-0.007,-0.021,-0.021,-0.001,-0.036,-0.028
-0.03,-0.008,-0.023,-0.022,0,-0.038,-0.029
-0.034,-0.009,-0.024,-0.024,0.001,-0.04,-0.03
-0.037,-0.01,-0.026,-0.025,0.002,-0.042,-0.03
-0.04,-0.011,-0.028,-0.027,0.003,-0.045,-0.031
-0.042,-0.012,-0.03,-0.029,0.004,-0.047,-0.031
-0.045,-0.014,-0.033,-0.031,0.005,-0.05,-0.032
-0.048,-0.015,-0.035,-0.033,0.005,-0.054,-0.033
-0.05,-0.017,-0.038,-0.035,0.006,-0.057,-0.033
-0.052,-0.018,-0.04,-0.037,0.006,-0.061,-0.034
-0.054,-0.02,-0.043,-0.039,0.005,-0.065,-0.035
-0.055,-0.022,-0.045,-0.041,0.005,-0.069,-0.036
-0.057,-0.024,-0.047,-0.042,0.004,-0.073,-0.037
-0.058,-0.026,-0.049,-0.044,0.003,-0.077,-0.038
-0.059,-0.028,-0.051,-0.046,0.001,-0.081,-0.04
-0.059,-0.03,-0.052,-0.047,0,-0.085,-0.041
-0.059,-0.033,-0.054,-0.049,-0.002,-0.089,-0.042
-0.059,-0.035,-0.055,-0.05,-0.005,-0.092,-0.043
-0.059,-0.037,-0.056,-0.051,-0.007,-0.096,-0.044
-0.059,-0.04,-0.056,-0.052,-0.009,-0.1,-0.045
-0.058,-0.042,-0.056,-0.052,-0.012,-0.103,-0.046
-0.057,-0.044,-0.056,-0.053,-0.014,-0.106,-0.047
-0.056,-0.047,-0.056,-0.053,-0.017,-0.109,-0.047
-0.055,-0.049,-0.055,-0.053,-0.02,-0.112,-0.047
-0.054,-0.051,-0.055,-0.053,-0.022,-0.115,-0.047
-0.052,-0.053,-0.054,-0.052,-0.025,-0.117,-0.047
-0.051,-0.055,-0.053,-0.052,-0.028,-0.119,-0.047
-0.049,-0.057,-0.051,-0.051,-0.03,-0.121,-0.046
-0.048,-0.059,-0.05,-0.051,-0.032,-0.123,-0.045
-0.046,-0.06,-0.049,-0.05,-0.034,-0.125,-0.044
-0.045,-0.062,-0.048,-0.049,-0.036,-0.126,-0.043
-0.043,-0.063,-0.047,-0.049,-0.038,-0.127,-0.041
-0.042,-0.064,-0.045,-0.048,-0.04,-0.127,-0.04
-0.041,-0.065,-0.044,-0.047,-0.041,-0.128,-0.038
-0.04,-0.066,-0.044,-0.047,-0.042,-0.128,-0.036
-0.039,-0.066,-0.043,-0.047,-0.043,-0.127,-0.035
-0.038,-0.067,-0.043,-0.046,-0.044,-0.127,-0.033
-0.037,-0.067,-0.043,-0.046,-0.045,-0.126,-0.031
-0.037,-0.067,-0.043,-0.046,-0.046,-0.125,-0.03
-0.037,-0.067,-0.043,-0.047,-0.046,-0.123,-0.029
-0.037,-0.067,-0.044,-0.047,-0.046,-0.121,-0.028
-0.037,-0.067,-0.045,-0.048,-0.046,-0.119,-0.027
-0.037,-0.066,-0.046,-0.049,-0.047,-0.117,-0.027
-0.037,-0.066,-0.048,-0.051,-0.047,-0.115,-0.026
-0.038,-0.065,-0.05,-0.052,-0.047,-0.112,-0.027
-0.039,-0.064,-0.052,-0.054,-0.047,-0.109,-0.027
-0.04,-0.064,-0.055,-0.056,-0.047,-0.106,-0.028
-0.041,-0.063,-0.058,-0.058,-0.047,-0.103,-0.029
-0.042,-0.062,-0.061,-0.06,-0.048,-0.101,-0.03
-0.043,-0.061,-0.064,-0.063,-0.048,-0.098,-0.032
-0.044,-0.06,-0.067,-0.065,-0.048,-0.095,-0.034
-0.046,-0.059,-0.071,-0.068,-0.049,-0.093,-0.036
-0.048,-0.058,-0.074,-0.071,-0.05,-0.091,-0.038
-0.049,-0.057,-0.078,-0.073,-0.051,-0.089,-0.04
-0.051,-0.056,-0.081,-0.076,-0.052,-0.088,-0.043
-0.053,-0.055,-0.084,-0.078,-0.053,-0.087,-0.045
-0.054,-0.054,-0.088,-0.08,-0.054,-0.086,-0.048
-0.056,-0.053,-0.091,-0.083,-0.056,-0.086,-0.051
-0.058,-0.052,-0.094,-0.085,-0.057,-0.087,-0.054
-0.06,-0.051,-0.097,-0.086,-0.059,-0.088,-0.056
-0.062,-0.051,-0.099,-0.088,-0.061,-0.09,-0.059
-0.064,-0.05,-0.101,-0.089,-0.063,-0.092,-0.061
-0.065,-0.049,-0.103,-0.09,-0.065,-0.095,-0.063
-0.067,-0.049,-0.105,-0.091,-0.067,-0.099,-0.066
-0.069,-0.048,-0.106,-0.092,-0.069,-0.103,-0.068
-0.071,-0.048,-0.107,-0.092,-0.071,-0.107,-0.069
-0.072,-0.048,-0.108,-0.093,-0.073,-0.112,-0.071
-0.074,-0.049,-0.109,-0.093,-0.076,-0.117,-0.073
-0.075,-0.049,-0.109,-0.092,-0.078,-0.122,-0.074
-0.077,-0.05,-0.108,-0.092,-0.08,-0.128,-0.075
-0.078,-0.051,-0.108,-0.091,-0.082,-0.133,-0.076
-0.079,-0.053,-0.107,-0.09,-0.084,-0.139,-0.077
-0.081,-0.055,-0.106,-0.09,-0.085,-0.144,-0.078
-0.082,-0.057,-0.105,-0.088,-0.087,-0.149,-0.078
-0.083,-0.06,-0.104,-0.087,-0.088,-0.154,-0.079
-0.083,-0.062,-0.102,-0.086,-0.089,-0.159,-0.079
-0.084,-0.066,-0.1,-0.085,-0.09,-0.163,-0.08
-0.085,-0.069,-0.098,-0.083,-0.091,-0.167,-0.08
-0.085,-0.073,-0.096,-0.082,-0.092,-0.17,-0.081
-0.086,-0.077,-0.094,-0.08,-0.092,-0.173,-0.081
-0.086,-0.081,-0.092,-0.079,-0.093,-0.175,-0.082
-0.086,-0.085,-0.09,-0.078,-0.093,-0.176,-0.082
-0.086,-0.089,-0.088,-0.077,-0.092,-0.176,-0.083
-0.086,-0.093,-0.086,-0.075,-0.092,-0.176,-0.083
-0.086,-0.097,-0.084,-0.074,-0.091,-0.175,-0.084
-0.086,-0.101,-0.082,-0.073,-0.091,-0.174,-0.085
-0.086,-0.104,-0.081,-0.072,-0.09,-0.171,-0.085
-0.086,-0.108,-0.079,-0.072,-0.089,-0.168,-0.086
-0.085,-0.111,-0.077,-0.071,-0.087,-0.164,-0.086
-0.085,-0.113,-0.076,-0.07,-0.086,-0.16,-0.087
-0.084,-0.115,-0.075,-0.07,-0.085,-0.155,-0.088
-0.084,-0.117,-0.073,-0.07,-0.083,-0.15,-0.088
-0.083,-0.118,-0.072,-0.07,-0.082,-0.144,-0.088
-0.083,-0.119,-0.072,-0.07,-0.08,-0.138,-0.088
-0.082,-0.118,-0.071,-0.07,-0.078,-0.132,-0.088
-0.081,-0.118,-0.07,-0.071,-0.077,-0.125,-0.088
-0.081,-0.117,-0.07,-0.071,-0.076,-0.119,-0.087
-0.08,-0.115,-0.069,-0.072,-0.074,-0.113,-0.086
-0.079,-0.113,-0.069,-0.072,-0.073,-0.107,-0.086
-0.079,-0.111,-0.069,-0.073,-0.072,-0.101,-0.084
-0.078,-0.108,-0.069,-0.074,-0.071,-0.095,-0.083
-0.078,-0.104,-0.069,-0.075,-0.07,-0.09,-0.081
-0.077,-0.101,-0.069,-0.076,-0.069,-0.085,-0.079
-0.076,-0.097,-0.069,-0.077,-0.068,-0.081,-0.077
-0.076,-0.093,-0.07,-0.078,-0.068,-0.077,-0.075
-0.075,-0.089,-0.07,-0.079,-0.067,-0.074,-0.073
-0.075,-0.085,-0.071,-0.08,-0.067,-0.072,-0.071
-0.074,-0.081,-0.071,-0.081,-0.067,-0.07,-0.068
-0.074,-0.077,-0.072,-0.082,-0.067,-0.069,-0.066
-0.073,-0.073,-0.073,-0.083,-0.068,-0.069,-0.063
-0.073,-0.069,-0.074,-0.083,-0.068,-0.069,-0.061
-0.072,-0.066,-0.075,-0.084,-0.068,-0.07,-0.059
-0.072,-0.063,-0.076,-0.085,-0.069,-0.071,-0.057
-0.071,-0.06,-0.077,-0.086,-0.07,-0.073,-0.056
-0.071,-0.057,-0.078,-0.086,-0.07,-0.075,-0.054
-0.07,-0.055,-0.08,-0.087,-0.071,-0.078,-0.053
-0.07,-0.053,-0.081,-0.087,-0.072,-0.081,-0.052
-0.069,-0.052,-0.082,-0.088,-0.072,-0.084,-0.052
-0.069,-0.051,-0.084,-0.088,-0.073,-0.088,-0.052
-0.069,-0.05,-0.085,-0.089,-0.073,-0.091,-0.052
-0.069,-0.05,-0.086,-0.089,-0.074,-0.095,-0.053
-0.068,-0.05,-0.087,-0.089,-0.074,-0.098,-0.054
-0.068,-0.051,-0.088,-0.089,-0.075,-0.102,-0.056
-0.069,-0.052,-0.089,-0.089,-0.075,-0.105,-0.058
-0.069,-0.053,-0.09,-0.089,-0.075,-0.108,-0.06
-0.069,-0.054,-0.09,-0.089,-0.075,-0.111,-0.063
-0.07,-0.056,-0.091,-0.089,-0.075,-0.113,-0.066
-0.071,-0.057,-0.091,-0.089,-0.074,-0.116,-0.069
-0.072,-0.059,-0.09,-0.089,-0.074,-0.117,-0.073
-0.073,-0.062,-0.09,-0.088,-0.073,-0.119,-0.076
-0.074,-0.064,-0.089,-0.088,-0.073,-0.12,-0.08
-0.076,-0.066,-0.088,-0.087,-0.072,-0.121,-0.084
-0.077,-0.069,-0.087,-0.087,-0.071,-0.121,-0.088
-0.079,-0.071,-0.085,-0.086,-0.07,-0.122,-0.092
-0.081,-0.074,-0.083,-0.085,-0.069,-0.122,-0.096
-0.083,-0.076,-0.081,-0.085,-0.068,-0.121,-0.1
-0.085,-0.079,-0.079,-0.084,-0.067,-0.121,-0.103
-0.087,-0.081,-0.077,-0.083,-0.065,-0.12,-0.106
-0.089,-0.084,-0.074,-0.082,-0.064,-0.12,-0.109
-0.091,-0.086,-0.072,-0.082,-0.063,-0.119,-0.112
-0.094,-0.088,-0.07,-0.081,-0.062,-0.118,-0.114
-0.096,-0.091,-0.068,-0.08,-0.061,-0.117,-0.116
-0.098,-0.093,-0.066,-0.079,-0.06,-0.117,-0.118
-0.1,-0.095,-0.064,-0.079,-0.059,-0.116,-0.119
-0.102,-0.097,-0.062,-0.078,-0.058,-0.116,-0.119
-0.103,-0.099,-0.061,-0.077,-0.057,-0.115,-0.12
-0.105,-0.101,-0.06,-0.077,-0.057,-0.115,-0.12
-0.106,-0.103,-0.059,-0.076,-0.056,-0.115,-0.119
-0.107,-0.104,-0.059,-0.076,-0.056,-0.116,-0.119
-0.108,-0.106,-0.059,-0.076,-0.056,-0.116,-0.118
-0.108,-0.108,-0.059,-0.076,-0.056,-0.117,-0.117
-0.109,-0.109,-0.06,-0.076,-0.056,-0.118,-0.116
-0.109,-0.11,-0.061,-0.076,-0.056,-0.119,-0.114
-0.108,-0.112,-0.062,-0.076,-0.057,-0.12,-0.113
-0.108,-0.113,-0.063,-0.076,-0.058,-0.122,-0.111
-0.108,-0.114,-0.065,-0.077,-0.059,-0.124,-0.109
-0.107,-0.115,-0.067,-0.077,-0.06,-0.126,-0.108
-0.106,-0.116,-0.069,-0.078,-0.062,-0.128,-0.106
-0.105,-0.117,-0.072,-0.079,-0.064,-0.13,-0.105
-0.104,-0.118,-0.074,-0.08,-0.066,-0.133,-0.104
-0.104,-0.119,-0.076,-0.081,-0.068,-0.135,-0.103
-0.103,-0.12,-0.079,-0.082,-0.07,-0.138,-0.102
-0.102,-0.121,-0.081,-0.083,-0.073,-0.14,-0.101
-0.101,-0.121,-0.084,-0.084,-0.075,-0.143,-0.1
-0.101,-0.122,-0.086,-0.085,-0.078,-0.145,-0.1
-0.101,-0.123,-0.088,-0.086,-0.081,-0.147,-0.1
-0.101,-0.124,-0.09,-0.087,-0.084,-0.149,-0.1
-0.101,-0.124,-0.092,-0.089,-0.087,-0.151,-0.1
-0.101,-0.124,-0.094,-0.09,-0.09,-0.152,-0.1
-0.102,-0.125,-0.095,-0.091,-0.093,-0.153,-0.1
-0.102,-0.125,-0.097,-0.092,-0.096,-0.154,-0.1
-0.103,-0.125,-0.098,-0.092,-0.099,-0.155,-0.101
-0.104,-0.125,-0.099,-0.093,-0.102,-0.155,-0.101
-0.105,-0.124,-0.099,-0.094,-0.104,-0.155,-0.101
-0.106,-0.124,-0.1,-0.094,-0.106,-0.155,-0.102
-0.108,-0.123,-0.1,-0.094,-0.108,-0.154,-0.102
-0.109,-0.122,-0.1,-0.094,-0.11,-0.152,-0.102
-0.11,-0.12,-0.099,-0.094,-0.111,-0.151,-0.102
-0.111,-0.118,-0.099,-0.093,-0.112,-0.149,-0.102
-0.111,-0.117,-0.098,-0.092,-0.113,-0.146,-0.102
-0.112,-0.114,-0.097,-0.091,-0.113,-0.144,-0.102
-0.112,-0.112,-0.096,-0.09,-0.113,-0.141,-0.102
-0.112,-0.109,-0.094,-0.088,-0.112,-0.137,-0.101
-0.111,-0.106,-0.092,-0.086,-0.111,-0.134,-0.101
-0.11,-0.102,-0.09,-0.084,-0.109,-0.13,-0.1
-0.108,-0.099,-0.087,-0.081,-0.106,-0.125,-0.099
-0.106,-0.095,-0.084,-0.078,-0.104,-0.121,-0.098
-0.103,-0.09,-0.081,-0.075,-0.1,-0.116,-0.097
-0.1,-0.086,-0.078,-0.072,-0.096,-0.111,-0.096
-0.096,-0.081,-0.074,-0.068,-0.092,-0.106,-0.094
-0.091,-0.076,-0.069,-0.064,-0.087,-0.101,-0.093
-0.086,-0.071,-0.065,-0.059,-0.081,-0.095,-0.091
-0.08,-0.065,-0.059,-0.055,-0.076,-0.09,-0.088
-0.074,-0.059,-0.054,-0.05,-0.069,-0.084,-0.085
-0.067,-0.054,-0.048,-0.045,-0.062,-0.078,-0.082
-0.059,-0.047,-0.041,-0.039,-0.055,-0.071,-0.079
-0.051,-0.041,-0.034,-0.033,-0.047,-0.065,-0.075
-0.042,-0.035,-0.027,-0.027,-0.038,-0.058,-0.07
-0.033,-0.028,-0.019,-0.021,-0.03,-0.052,-0.065
-0.024,-0.022,-0.011,-0.014,-0.02,-0.045,-0.06
-0.014,-0.015,-0.003,-0.007,-0.011,-0.038,-0.054
-0.004,-0.009,0.006,0,-0.001,-0.031,-0.047
0.006,-0.002,0.015,0.007,0.009,-0.024,-0.04
0.017,0.005,0.024,0.015,0.019,-0.017,-0.032
0.027,0.011,0.033,0.023,0.03,-0.01,-0.024
0.038,0.018,0.043,0.031,0.041,-0.003,-0.015
0.049,0.025,0.052,0.04,0.052,0.004,-0.006
0.059,0.031,0.062,0.048,0.063,0.011,0.004
0.07,0.038,0.071,0.057,0.074,0.018,0.014
0.08,0.044,0.081,0.066,0.085,0.025,0.024
0.09,0.05,0.09,0.075,0.095,0.032,0.035
0.1,0.057,0.099,0.084,0.106,0.039,0.046
0.109,0.063,0.108,0.093,0.116,0.046,0.056
0.118,0.068,0.117,0.103,0.127,0.053,0.067
0.127,0.074,0.125,0.112,0.136,0.059,0.078
0.135,0.08,0.133,0.121,0.146,0.066,0.088
0.143,0.085,0.14,0.129,0.155,0.072,0.098
0.15,0.09,0.147,0.138,0.163,0.078,0.108
0.157,0.095,0.154,0.146,0.171,0.084,0.117
0.163,0.1,0.16,0.154,0.179,0.09,0.126
0.169,0.105,0.165,0.161,0.186,0.095,0.134
0.174,0.109,0.17,0.168,0.192,0.1,0.142
0.179,0.113,0.174,0.175,0.197,0.105,0.149
0.182,0.117,0.178,0.18,0.202,0.109,0.155
0.186,0.12,0.181,0.185,0.206,0.113,0.16
0.188,0.123,0.184,0.19,0.209,0.117,0.164
0.19,0.126,0.186,0.193,0.211,0.12,0.167
0.191,0.129,0.187,0.196,0.212,0.122,0.17
0.192,0.13,0.188,0.198,0.213,0.124,0.171
0.191,0.132,0.188,0.199,0.213,0.125,0.171
0.19,0.133,0.187,0.199,0.212,0.125,0.171
0.188,0.133,0.185,0.198,0.21,0.124,0.169
0.185,0.132,0.183,0.196,0.207,0.123,0.166
0.182,0.131,0.181,0.193,0.203,0.121,0.162
0.177,0.13,0.177,0.189,0.199,0.118,0.158
0.172,0.127,0.173,0.184,0.193,0.114,0.152
0.166,0.124,0.168,0.178,0.187,0.109,0.145
0.159,0.12,0.162,0.171,0.18,0.103,0.138
0.151,0.115,0.155,0.163,0.172,0.096,0.13
0.143,0.109,0.148,0.154,0.163,0.088,0.12
0.133,0.102,0.139,0.144,0.154,0.079,0.11
0.123,0.095,0.13,0.134,0.144,0.07,0.1
0.112,0.087,0.12,0.123,0.134,0.059,0.089
0.1,0.078,0.109,0.111,0.122,0.048,0.077
0.088,0.068,0.098,0.099,0.111,0.037,0.065
0.075,0.058,0.086,0.086,0.099,0.024,0.052
0.061,0.047,0.073,0.073,0.086,0.011,0.04
0.048,0.035,0.059,0.06,0.074,-0.002,0.027
0.034,0.023,0.045,0.046,0.061,-0.016,0.014
0.019,0.011,0.031,0.033,0.048,-0.029,0
0.005,-0.001,0.016,0.019,0.035,-0.043,-0.013
-0.01,-0.014,0.001,0.006,0.022,-0.057,-0.026
-0.024,-0.027,-0.014,-0.006,0.009,-0.07,-0.038
-0.038,-0.039,-0.029,-0.019,-0.004,-0.083,-0.051
-0.052,-0.052,-0.044,-0.031,-0.016,-0.096,-0.063
-0.065,-0.064,-0.059,-0.042,-0.028,-0.108,-0.075
-0.077,-0.076,-0.073,-0.052,-0.039,-0.119,-0.086
-0.09,-0.087,-0.086,-0.062,-0.05,-0.129,-0.096
-0.101,-0.098,-0.099,-0.071,-0.061,-0.139,-0.106
-0.111,-0.108,-0.111,-0.079,-0.07,-0.147,-0.116
-0.121,-0.117,-0.122,-0.087,-0.079,-0.155,-0.125
-0.13,-0.126,-0.132,-0.093,-0.087,-0.162,-0.133
-0.138,-0.134,-0.141,-0.099,-0.094,-0.167,-0.14
-0.144,-0.142,-0.148,-0.104,-0.101,-0.172,-0.147
-0.15,-0.148,-0.155,-0.108,-0.106,-0.175,-0.153
-0.155,-0.154,-0.16,-0.111,-0.111,-0.178,-0.159
-0.159,-0.159,-0.164,-0.113,-0.115,-0.179,-0.163
-0.162,-0.164,-0.166,-0.115,-0.118,-0.18,-0.167
-0.164,-0.167,-0.168,-0.116,-0.12,-0.18,-0.17
-0.166,-0.17,-0.168,-0.117,-0.121,-0.179,-0.173
-0.166,-0.172,-0.167,-0.117,-0.122,-0.178,-0.175
-0.166,-0.174,-0.165,-0.117,-0.122,-0.176,-0.177
-0.165,-0.175,-0.162,-0.116,-0.122,-0.174,-0.178
-0.164,-0.176,-0.158,-0.115,-0.121,-0.171,-0.178
-0.163,-0.177,-0.153,-0.114,-0.119,-0.169,-0.178
-0.161,-0.177,-0.148,-0.113,-0.117,-0.166,-0.178
-0.158,-0.177,-0.142,-0.112,-0.115,-0.163,-0.177
-0.156,-0.177,-0.136,-0.111,-0.112,-0.16,-0.176
-0.154,-0.176,-0.13,-0.11,-0.11,-0.158,-0.175
-0.151,-0.176,-0.123,-0.109,-0.107,-0.155,-0.174
-0.149,-0.176,-0.117,-0.109,-0.104,-0.153,-0.173
-0.146,-0.175,-0.11,-0.108,-0.102,-0.151,-0.172
-0.144,-0.175,-0.104,-0.108,-0.099,-0.15,-0.17
-0.143,-0.175,-0.098,-0.108,-0.096,-0.149,-0.169
-0.141,-0.175,-0.093,-0.108,-0.094,-0.148,-0.168
-0.14,-0.175,-0.088,-0.109,-0.092,-0.147,-0.167
-0.138,-0.176,-0.084,-0.11,-0.09,-0.146,-0.166
-0.138,-0.177,-0.08,-0.11,-0.089,-0.146,-0.166
-0.137,-0.177,-0.077,-0.112,-0.088,-0.146,-0.165
-0.137,-0.178,-0.074,-0.113,-0.087,-0.146,-0.165
-0.137,-0.179,-0.073,-0.114,-0.087,-0.147,-0.165
-0.137,-0.181,-0.071,-0.116,-0.087,-0.147,-0.165
-0.138,-0.182,-0.071,-0.117,-0.087,-0.147,-0.165
-0.138,-0.183,-0.071,-0.118,-0.088,-0.148,-0.166
-0.139,-0.185,-0.071,-0.12,-0.089,-0.148,-0.166
-0.14,-0.186,-0.072,-0.121,-0.09,-0.148,-0.167
-0.14,-0.187,-0.074,-0.122,-0.092,-0.148,-0.168
-0.141,-0.189,-0.075,-0.122,-0.093,-0.148,-0.169
-0.142,-0.19,-0.077,-0.123,-0.095,-0.147,-0.169
-0.142,-0.19,-0.079,-0.123,-0.097,-0.147,-0.17
-0.143,-0.191,-0.082,-0.122,-0.099,-0.146,-0.171
-0.143,-0.191,-0.084,-0.122,-0.1,-0.144,-0.171
-0.143,-0.191,-0.086,-0.121,-0.102,-0.143,-0.171
-0.143,-0.19,-0.088,-0.119,-0.104,-0.141,-0.171
-0.143,-0.189,-0.09,-0.117,-0.105,-0.139,-0.171
-0.142,-0.188,-0.092,-0.115,-0.107,-0.136,-0.171
-0.141,-0.187,-0.093,-0.112,-0.108,-0.134,-0.17
-0.14,-0.184,-0.094,-0.109,-0.109,-0.131,-0.168
-0.139,-0.182,-0.095,-0.106,-0.109,-0.128,-0.167
-0.137,-0.179,-0.095,-0.102,-0.109,-0.125,-0.165
-0.136,-0.176,-0.095,-0.098,-0.109,-0.121,-0.163
-0.134,-0.173,-0.095,-0.093,-0.109,-0.118,-0.16
-0.131,-0.169,-0.094,-0.089,-0.108,-0.114,-0.157
-0.129,-0.165,-0.092,-0.084,-0.107,-0.111,-0.154
-0.127,-0.161,-0.091,-0.08,-0.106,-0.107,-0.15
-0.124,-0.157,-0.089,-0.075,-0.104,-0.104,-0.146
-0.121,-0.153,-0.086,-0.071,-0.102,-0.101,-0.142
-0.119,-0.148,-0.083,-0.067,-0.099,-0.098,-0.138
-0.116,-0.144,-0.08,-0.063,-0.097,-0.095,-0.133
-0.114,-0.14,-0.077,-0.059,-0.094,-0.092,-0.129
-0.111,-0.136,-0.074,-0.055,-0.091,-0.09,-0.124
-0.108,-0.132,-0.07,-0.052,-0.088,-0.087,-0.12
-0.106,-0.129,-0.067,-0.049,-0.084,-0.086,-0.115
-0.104,-0.126,-0.063,-0.047,-0.081,-0.084,-0.111
-0.101,-0.123,-0.06,-0.045,-0.077,-0.083,-0.106
-0.099,-0.12,-0.057,-0.043,-0.073,-0.082,-0.102
-0.097,-0.118,-0.054,-0.042,-0.07,-0.081,-0.098
-0.096,-0.116,-0.051,-0.041,-0.066,-0.081,-0.094
-0.094,-0.115,-0.049,-0.041,-0.062,-0.081,-0.091
-0.093,-0.114,-0.047,-0.041,-0.059,-0.081,-0.087
-0.091,-0.113,-0.046,-0.042,-0.055,-0.081,-0.084
-0.09,-0.112,-0.045,-0.043,-0.052,-0.082,-0.082
-0.089,-0.112,-0.044,-0.044,-0.049,-0.083,-0.08
-0.088,-0.112,-0.045,-0.046,-0.046,-0.084,-0.078
-0.087,-0.113,-0.045,-0.048,-0.043,-0.085,-0.076
-0.087,-0.113,-0.046,-0.05,-0.04,-0.087,-0.075
-0.086,-0.114,-0.048,-0.052,-0.037,-0.088,-0.075
-0.086,-0.114,-0.049,-0.054,-0.035,-0.09,-0.074
-0.085,-0.115,-0.052,-0.057,-0.033,-0.091,-0.074
-0.085,-0.115,-0.054,-0.059,-0.031,-0.093,-0.075
-0.084,-0.116,-0.057,-0.061,-0.029,-0.094,-0.075
-0.084,-0.116,-0.059,-0.064,-0.027,-0.096,-0.076
-0.084,-0.117,-0.062,-0.066,-0.026,-0.097,-0.077
-0.083,-0.117,-0.065,-0.068,-0.025,-0.098,-0.079
-0.083,-0.117,-0.067,-0.069,-0.024,-0.099,-0.08
-0.082,-0.117,-0.07,-0.071,-0.024,-0.1,-0.082
-0.082,-0.117,-0.072,-0.072,-0.023,-0.101,-0.083
-0.081,-0.117,-0.074,-0.072,-0.023,-0.101,-0.085
-0.08,-0.116,-0.075,-0.073,-0.023,-0.102,-0.087
-0.08,-0.116,-0.077,-0.073,-0.023,-0.102,-0.089
-0.079,-0.115,-0.077,-0.072,-0.024,-0.102,-0.091
-0.078,-0.114,-0.077,-0.071,-0.024,-0.102,-0.092
-0.077,-0.114,-0.077,-0.07,-0.025,-0.101,-0.094
-0.076,-0.113,-0.076,-0.069,-0.026,-0.101,-0.095
-0.075,-0.112,-0.075,-0.067,-0.027,-0.1,-0.097
-0.074,-0.111,-0.074,-0.064,-0.028,-0.099,-0.098
-0.072,-0.11,-0.072,-0.062,-0.029,-0.098,-0.099
-0.071,-0.109,-0.069,-0.059,-0.031,-0.097,-0.099
-0.07,-0.108,-0.067,-0.055,-0.032,-0.096,-0.1
-0.068,-0.107,-0.064,-0.052,-0.033,-0.095,-0.1
-0.067,-0.106,-0.06,-0.048,-0.035,-0.093,-0.1
-0.066,-0.106,-0.057,-0.045,-0.036,-0.091,-0.1
-0.064,-0.105,-0.054,-0.041,-0.037,-0.09,-0.1
-0.063,-0.104,-0.05,-0.037,-0.038,-0.088,-0.099
-0.062,-0.104,-0.046,-0.033,-0.04,-0.086,-0.099
-0.061,-0.103,-0.043,-0.029,-0.041,-0.085,-0.098
-0.06,-0.103,-0.039,-0.025,-0.041,-0.083,-0.097
-0.059,-0.102,-0.036,-0.021,-0.042,-0.081,-0.096
-0.058,-0.102,-0.032,-0.018,-0.043,-0.079,-0.095
-0.057,-0.101,-0.029,-0.015,-0.043,-0.077,-0.094
-0.056,-0.101,-0.027,-0.012,-0.043,-0.075,-0.092
-0.056,-0.101,-0.024,-0.009,-0.043,-0.073,-0.091
-0.055,-0.1,-0.022,-0.006,-0.043,-0.072,-0.09
-0.055,-0.1,-0.02,-0.004,-0.043,-0.07,-0.089
-0.055,-0.1,-0.018,-0.003,-0.042,-0.069,-0.088
-0.055,-0.1,-0.017,-0.001,-0.042,-0.067,-0.087
-0.055,-0.099,-0.016,-0.001,-0.041,-0.066,-0.086
-0.055,-0.099,-0.016,0,-0.04,-0.065,-0.085
-0.055,-0.099,-0.016,0,-0.039,-0.064,-0.085
-0.055,-0.1,-0.016,-0.001,-0.038,-0.063,-0.085
-0.055,-0.1,-0.016,-0.001,-0.037,-0.062,-0.085
-0.056,-0.1,-0.017,-0.003,-0.035,-0.062,-0.085
-0.056,-0.101,-0.018,-0.004,-0.034,-0.062,-0.085
-0.057,-0.102,-0.019,-0.006,-0.033,-0.062,-0.086
-0.057,-0.103,-0.021,-0.008,-0.032,-0.063,-0.087
-0.058,-0.104,-0.023,-0.011,-0.031,-0.063,-0.088
-0.058,-0.105,-0.025,-0.014,-0.029,-0.064,-0.089
-0.059,-0.106,-0.027,-0.017,-0.028,-0.065,-0.091
-0.059,-0.108,-0.029,-0.02,-0.027,-0.067,-0.092
-0.06,-0.11,-0.031,-0.023,-0.027,-0.068,-0.094
-0.061,-0.112,-0.033,-0.026,-0.026,-0.07,-0.096
-0.061,-0.113,-0.036,-0.029,-0.025,-0.072,-0.098
-0.062,-0.115,-0.038,-0.033,-0.025,-0.075,-0.099
-0.063,-0.118,-0.04,-0.036,-0.024,-0.077,-0.101
-0.063,-0.12,-0.042,-0.038,-0.024,-0.08,-0.103
-0.064,-0.122,-0.044,-0.041,-0.024,-0.082,-0.104
-0.064,-0.124,-0.046,-0.043,-0.023,-0.085,-0.106
-0.065,-0.125,-0.048,-0.045,-0.023,-0.088,-0.107
-0.065,-0.127,-0.049,-0.047,-0.023,-0.09,-0.108
-0.066,-0.129,-0.05,-0.049,-0.023,-0.093,-0.109
-0.066,-0.13,-0.051,-0.05,-0.023,-0.095,-0.109
-0.066,-0.132,-0.052,-0.05,-0.023,-0.097,-0.109
-0.066,-0.133,-0.052,-0.051,-0.022,-0.099,-0.109
-0.066,-0.134,-0.052,-0.051,-0.022,-0.101,-0.108
-0.065,-0.134,-0.052,-0.051,-0.022,-0.103,-0.107
-0.065,-0.135,-0.051,-0.05,-0.021,-0.104,-0.106
-0.064,-0.135,-0.05,-0.05,-0.02,-0.105,-0.105
-0.064,-0.135,-0.049,-0.049,-0.02,-0.106,-0.103
-0.063,-0.135,-0.048,-0.048,-0.019,-0.106,-0.101
-0.062,-0.135,-0.046,-0.047,-0.017,-0.106,-0.099
-0.061,-0.134,-0.044,-0.045,-0.016,-0.106,-0.097
-0.059,-0.134,-0.041,-0.044,-0.015,-0.105,-0.094
-0.058,-0.133,-0.039,-0.043,-0.013,-0.105,-0.091
-0.057,-0.132,-0.036,-0.042,-0.011,-0.103,-0.089
-0.055,-0.132,-0.033,-0.041,-0.009,-0.102,-0.086
-0.054,-0.131,-0.03,-0.04,-0.007,-0.1,-0.083
-0.052,-0.13,-0.027,-0.039,-0.005,-0.098,-0.081
-0.051,-0.129,-0.024,-0.038,-0.003,-0.096,-0.078
-0.049,-0.128,-0.021,-0.038,-0.001,-0.093,-0.076
-0.048,-0.127,-0.018,-0.037,0.001,-0.091,-0.074
-0.047,-0.127,-0.016,-0.037,0.003,-0.088,-0.072
-0.046,-0.126,-0.013,-0.037,0.005,-0.085,-0.07
-0.044,-0.125,-0.011,-0.037,0.007,-0.082,-0.069
-0.044,-0.125,-0.008,-0.038,0.009,-0.08,-0.068
-0.043,-0.124,-0.006,-0.038,0.01,-0.077,-0.067
-0.042,-0.124,-0.005,-0.039,0.011,-0.074,-0.067
-0.042,-0.124,-0.003,-0.04,0.012,-0.072,-0.066
-0.041,-0.124,-0.002,-0.04,0.012,-0.069,-0.066
-0.041,-0.124,-0.001,-0.041,0.013,-0.067,-0.066
-0.041,-0.124,-0.001,-0.042,0.013,-0.065,-0.067
-0.041,-0.124,-0.001,-0.042,0.012,-0.063,-0.067
-0.042,-0.124,-0.001,-0.043,0.011,-0.061,-0.068
-0.042,-0.124,-0.001,-0.043,0.01,-0.059,-0.069
-0.043,-0.124,-0.002,-0.043,0.009,-0.057,-0.07
-0.043,-0.124,-0.002,-0.043,0.008,-0.056,-0.071
-0.044,-0.124,-0.003,-0.042,0.006,-0.055,-0.072
-0.045,-0.124,-0.005,-0.042,0.004,-0.054,-0.072
-0.046,-0.124,-0.006,-0.041,0.002,-0.053,-0.073
-0.047,-0.124,-0.007,-0.04,0,-0.052,-0.074
-0.048,-0.123,-0.009,-0.039,-0.003,-0.051,-0.074
-0.049,-0.123,-0.01,-0.037,-0.005,-0.051,-0.074
-0.05,-0.122,-0.012,-0.036,-0.008,-0.05,-0.074
-0.051,-0.121,-0.013,-0.034,-0.01,-0.05,-0.074
-0.052,-0.12,-0.015,-0.032,-0.012,-0.049,-0.074
-0.052,-0.119,-0.016,-0.03,-0.014,-0.049,-0.073
-0.053,-0.118,-0.018,-0.028,-0.016,-0.048,-0.072
-0.054,-0.116,-0.019,-0.026,-0.018,-0.048,-0.071
-0.055,-0.114,-0.021,-0.024,-0.02,-0.047,-0.07
-0.056,-0.112,-0.022,-0.023,-0.021,-0.047,-0.068
-0.056,-0.11,-0.023,-0.021,-0.023,-0.046,-0.066
-0.057,-0.108,-0.024,-0.02,-0.024,-0.046,-0.064
-0.057,-0.106,-0.026,-0.019,-0.024,-0.045,-0.062
-0.057,-0.104,-0.027,-0.018,-0.025,-0.045,-0.06
-0.057,-0.101,-0.028,-0.018,-0.025,-0.044,-0.058
-0.057,-0.099,-0.029,-0.018,-0.025,-0.044,-0.056
-0.057,-0.097,-0.03,-0.018,-0.025,-0.044,-0.053
-0.056,-0.095,-0.031,-0.018,-0.025,-0.044,-0.051
-0.056,-0.093,-0.032,-0.019,-0.024,-0.044,-0.049
-0.055,-0.091,-0.033,-0.02,-0.023,-0.044,-0.047
-0.054,-0.09,-0.034,-0.021,-0.022,-0.044,-0.046
-0.053,-0.088,-0.034,-0.023,-0.021,-0.044,-0.044
-0.052,-0.087,-0.035,-0.025,-0.02,-0.045,-0.043
-0.05,-0.086,-0.036,-0.027,-0.019,-0.046,-0.042
-0.049,-0.086,-0.036,-0.029,-0.017,-0.047,-0.042
-0.047,-0.086,-0.037,-0.031,-0.016,-0.048,-0.041
-0.045,-0.086,-0.037,-0.033,-0.014,-0.049,-0.042
-0.043,-0.087,-0.037,-0.035,-0.013,-0.05,-0.042
-0.042,-0.088,-0.037,-0.037,-0.011,-0.051,-0.043
-0.04,-0.089,-0.037,-0.04,-0.01,-0.053,-0.044
-0.038,-0.091,-0.037,-0.042,-0.008,-0.054,-0.046
-0.036,-0.093,-0.036,-0.044,-0.007,-0.056,-0.048
-0.034,-0.095,-0.036,-0.045,-0.006,-0.057,-0.051
-0.032,-0.097,-0.035,-0.047,-0.004,-0.058,-0.054
-0.03,-0.1,-0.034,-0.048,-0.003,-0.06,-0.057
-0.029,-0.103,-0.033,-0.05,-0.002,-0.061,-0.06
-0.027,-0.106,-0.031,-0.051,-0.001,-0.062,-0.064
-0.026,-0.109,-0.03,-0.051,0,-0.063,-0.068
-0.024,-0.112,-0.028,-0.052,0.001,-0.063,-0.072
-0.023,-0.115,-0.026,-0.052,0.001,-0.064,-0.076
-0.022,-0.118,-0.024,-0.052,0.002,-0.064,-0.08
-0.021,-0.121,-0.021,-0.052,0.002,-0.064,-0.084
-0.02,-0.124,-0.019,-0.052,0.002,-0.064,-0.088
-0.02,-0.126,-0.016,-0.051,0.002,-0.064,-0.092
-0.019,-0.129,-0.013,-0.05,0.002,-0.064,-0.096
-0.018,-0.131,-0.01,-0.049,0.002,-0.063,-0.099
-0.018,-0.132,-0.006,-0.048,0.002,-0.063,-0.102
-0.018,-0.134,-0.003,-0.047,0.002,-0.062,-0.104
-0.018,-0.135,0.001,-0.045,0.001,-0.061,-0.106
-0.018,-0.135,0.005,-0.044,0.001,-0.06,-0.108
-0.018,-0.136,0.009,-0.042,0.001,-0.059,-0.109
-0.018,-0.135,0.013,-0.04,0,-0.058,-0.11
-0.019,-0.135,0.017,-0.038,-0.001,-0.058,-0.11
-0.019,-0.134,0.02,-0.036,-0.001,-0.057,-0.109
-0.02,-0.133,0.024,-0.034,-0.002,-0.056,-0.108
-0.02,-0.131,0.028,-0.032,-0.002,-0.055,-0.106
-0.021,-0.129,0.031,-0.03,-0.003,-0.055,-0.104
-0.022,-0.127,0.034,-0.028,-0.003,-0.054,-0.101
-0.023,-0.125,0.037,-0.025,-0.004,-0.054,-0.098
-0.024,-0.123,0.039,-0.023,-0.004,-0.054,-0.094
-0.025,-0.12,0.041,-0.021,-0.004,-0.054,-0.089
-0.026,-0.118,0.042,-0.019,-0.005,-0.054,-0.084
-0.027,-0.115,0.043,-0.017,-0.005,-0.054,-0.079
-0.029,-0.112,0.043,-0.016,-0.005,-0.054,-0.074
-0.03,-0.109,0.043,-0.014,-0.005,-0.054,-0.068
-0.031,-0.106,0.042,-0.013,-0.004,-0.055,-0.062
-0.033,-0.104,0.04,-0.011,-0.004,-0.055,-0.056
-0.034,-0.101,0.037,-0.01,-0.004,-0.056,-0.05
-0.035,-0.098,0.034,-0.009,-0.003,-0.056,-0.044
-0.037,-0.096,0.03,-0.009,-0.003,-0.057,-0.038
-0.038,-0.093,0.026,-0.008,-0.002,-0.057,-0.033
-0.039,-0.091,0.021,-0.008,-0.001,-0.058,-0.027
-0.04,-0.089,0.015,-0.008,-0.001,-0.058,-0.022
-0.041,-0.087,0.009,-0.008,0,-0.059,-0.017
-0.042,-0.085,0.003,-0.008,0.001,-0.059,-0.012
-0.043,-0.083,-0.003,-0.009,0.002,-0.06,-0.008
-0.044,-0.082,-0.01,-0.01,0.002,-0.06,-0.005
-0.045,-0.08,-0.017,-0.011,0.003,-0.06,-0.001
-0.045,-0.079,-0.024,-0.012,0.004,-0.061,0.001
-0.045,-0.078,-0.03,-0.013,0.005,-0.061,0.003
-0.046,-0.077,-0.037,-0.014,0.005,-0.061,0.005
-0.046,-0.076,-0.043,-0.016,0.006,-0.061,0.006
-0.046,-0.075,-0.048,-0.017,0.007,-0.061,0.007
-0.046,-0.075,-0.053,-0.019,0.007,-0.061,0.007
-0.045,-0.074,-0.057,-0.02,0.008,-0.061,0.007
-0.044,-0.074,-0.061,-0.022,0.008,-0.061,0.006
-0.044,-0.074,-0.063,-0.023,0.009,-0.061,0.005
-0.043,-0.074,-0.065,-0.024,0.009,-0.06,0.003
-0.042,-0.074,-0.066,-0.025,0.01,-0.06,0.002
-0.04,-0.074,-0.066,-0.026,0.01,-0.059,0
-0.039,-0.074,-0.065,-0.027,0.01,-0.058,-0.002
-0.037,-0.075,-0.064,-0.028,0.011,-0.057,-0.005
-0.035,-0.075,-0.061,-0.028,0.011,-0.056,-0.007
-0.033,-0.076,-0.057,-0.028,0.012,-0.055,-0.009
-0.031,-0.077,-0.053,-0.028,0.012,-0.054,-0.012
-0.029,-0.077,-0.048,-0.027,0.013,-0.053,-0.014
-0.026,-0.078,-0.043,-0.027,0.013,-0.051,-0.016
-0.024,-0.079,-0.037,-0.026,0.014,-0.05,-0.018
-0.022,-0.08,-0.031,-0.025,0.015,-0.049,-0.02
-0.019,-0.081,-0.024,-0.023,0.016,-0.048,-0.022
-0.017,-0.082,-0.017,-0.021,0.016,-0.046,-0.023
-0.014,-0.083,-0.01,-0.02,0.017,-0.045,-0.025
-0.012,-0.085,-0.003,-0.017,0.018,-0.044,-0.026
-0.01,-0.086,0.003,-0.015,0.019,-0.043,-0.026
-0.008,-0.087,0.01,-0.013,0.02,-0.042,-0.027
-0.006,-0.088,0.016,-0.01,0.021,-0.041,-0.027
-0.004,-0.089,0.021,-0.008,0.022,-0.04,-0.028
-0.002,-0.09,0.026,-0.005,0.023,-0.039,-0.028
-0.001,-0.091,0.03,-0.002,0.023,-0.038,-0.028
0,-0.092,0.034,0,0.024,-0.038,-0.027
0.001,-0.093,0.037,0.003,0.025,-0.037,-0.027
0.001,-0.094,0.04,0.005,0.025,-0.037,-0.026
0.001,-0.094,0.042,0.007,0.026,-0.036,-0.026
0.001,-0.095,0.043,0.009,0.026,-0.036,-0.025
0.001,-0.095,0.043,0.011,0.026,-0.035,-0.025
0,-0.096,0.043,0.012,0.026,-0.035,-0.024
-0.001,-0.096,0.042,0.013,0.026,-0.034,-0.023
-0.002,-0.096,0.041,0.014,0.026,-0.034,-0.022
-0.003,-0.095,0.039,0.015,0.026,-0.033,-0.022
-0.004,-0.095,0.037,0.015,0.025,-0.032,-0.021
-0.006,-0.094,0.034,0.015,0.025,-0.031,-0.02
-0.007,-0.093,0.032,0.015,0.024,-0.03,-0.019
-0.009,-0.092,0.029,0.014,0.024,-0.028,-0.018
-0.011,-0.09,0.026,0.013,0.023,-0.027,-0.018
-0.012,-0.089,0.023,0.012,0.023,-0.025,-0.017
-0.014,-0.087,0.021,0.011,0.022,-0.023,-0.016
-0.015,-0.085,0.018,0.01,0.021,-0.021,-0.015
-0.016,-0.082,0.016,0.009,0.021,-0.019,-0.014
-0.017,-0.08,0.015,0.007,0.02,-0.017,-0.014
-0.017,-0.077,0.013,0.006,0.02,-0.015,-0.013
-0.018,-0.074,0.012,0.005,0.019,-0.012,-0.012
-0.018,-0.071,0.012,0.004,0.019,-0.01,-0.011
-0.018,-0.068,0.012,0.003,0.019,-0.008,-0.01
-0.017,-0.065,0.012,0.003,0.019,-0.006,-0.009
-0.016,-0.061,0.013,0.002,0.019,-0.004,-0.008
-0.015,-0.058,0.014,0.002,0.019,-0.002,-0.008
-0.014,-0.054,0.015,0.002,0.019,-0.001,-0.007
-0.012,-0.05,0.017,0.002,0.02,0.001,-0.006
-0.01,-0.047,0.02,0.002,0.02,0.002,-0.005
-0.008,-0.043,0.022,0.003,0.021,0.002,-0.005
-0.005,-0.04,0.024,0.004,0.021,0.003,-0.004
-0.003,-0.036,0.027,0.005,0.021,0.003,-0.004
0,-0.033,0.03,0.006,0.022,0.002,-0.003
0.003,-0.03,0.032,0.007,0.022,0.002,-0.003
0.006,-0.027,0.035,0.008,0.023,0.001,-0.002
0.009,-0.024,0.037,0.009,0.023,-0.001,-0.002
0.011,-0.021,0.039,0.011,0.024,-0.002,-0.001
0.014,-0.019,0.041,0.012,0.024,-0.004,-0.001
0.016,-0.017,0.043,0.012,0.024,-0.006,-0.001
0.019,-0.015,0.044,0.013,0.025,-0.008,0
0.021,-0.013,0.045,0.014,0.025,-0.01,0
0.023,-0.012,0.045,0.014,0.025,-0.013,0.001
0.024,-0.011,0.045,0.014,0.025,-0.015,0.002
0.026,-0.01,0.045,0.014,0.025,-0.017,0.003
0.027,-0.01,0.044,0.013,0.025,-0.02,0.004
0.027,-0.01,0.043,0.012,0.025,-0.022,0.005
0.028,-0.01,0.042,0.011,0.025,-0.024,0.006
0.028,-0.01,0.041,0.01,0.025,-0.025,0.008
0.028,-0.011,0.039,0.009,0.024,-0.027,0.009
0.027,-0.012,0.037,0.007,0.024,-0.028,0.011
0.027,-0.013,0.035,0.005,0.024,-0.029,0.013
0.026,-0.015,0.033,0.003,0.024,-0.029,0.015
0.025,-0.016,0.03,0.001,0.024,-0.029,0.017
0.024,-0.018,0.028,-0.001,0.024,-0.029,0.019
0.022,-0.019,0.026,-0.002,0.024,-0.029,0.021
0.021,-0.021,0.024,-0.004,0.024,-0.028,0.024
0.02,-0.022,0.022,-0.006,0.024,-0.027,0.026
0.018,-0.024,0.02,-0.007,0.025,-0.026,0.028
0.017,-0.026,0.019,-0.008,0.025,-0.025,0.03
0.016,-0.027,0.018,-0.008,0.025,-0.023,0.032
0.015,-0.028,0.017,-0.009,0.026,-0.021,0.033
0.014,-0.029,0.016,-0.009,0.026,-0.02,0.035
0.013,-0.03,0.016,-0.008,0.027,-0.018,0.036
0.012,-0.031,0.016,-0.007,0.027,-0.016,0.037
0.012,-0.032,0.016,-0.005,0.028,-0.014,0.037
0.012,-0.032,0.017,-0.003,0.029,-0.012,0.037
0.012,-0.032,0.018,-0.001,0.029,-0.01,0.037
0.012,-0.032,0.019,0.002,0.03,-0.008,0.037
0.013,-0.032,0.02,0.005,0.031,-0.006,0.037
0.014,-0.032,0.022,0.009,0.031,-0.005,0.036
0.015,-0.031,0.024,0.013,0.032,-0.004,0.035
0.016,-0.03,0.026,0.017,0.032,-0.003,0.034
0.018,-0.029,0.028,0.021,0.033,-0.002,0.032
0.02,-0.028,0.03,0.026,0.033,-0.001,0.031
0.022,-0.026,0.033,0.031,0.034,-0.001,0.029
0.024,-0.025,0.035,0.035,0.034,0,0.028
0.026,-0.023,0.037,0.04,0.035,0,0.026
0.029,-0.022,0.039,0.045,0.035,-0.001,0.024
0.031,-0.02,0.042,0.049,0.035,-0.001,0.023
0.034,-0.018,0.044,0.054,0.036,-0.002,0.021
0.036,-0.016,0.046,0.058,0.036,-0.002,0.02
0.039,-0.014,0.047,0.062,0.036,-0.003,0.019
0.041,-0.012,0.049,0.065,0.036,-0.004,0.018
0.043,-0.01,0.05,0.068,0.037,-0.005,0.018
0.046,-0.007,0.051,0.071,0.037,-0.007,0.017
0.048,-0.005,0.052,0.073,0.037,-0.008,0.017
0.05,-0.003,0.052,0.075,0.038,-0.009,0.018
0.052,-0.001,0.052,0.076,0.038,-0.01,0.018
0.054,0.002,0.052,0.077,0.038,-0.01,0.019
0.055,0.004,0.052,0.078,0.039,-0.011,0.02
0.057,0.006,0.052,0.077,0.04,-0.012,0.021
0.058,0.008,0.051,0.077,0.04,-0.012,0.023
0.059,0.01,0.05,0.076,0.041,-0.012,0.025
0.06,0.013,0.049,0.074,0.042,-0.012,0.027
0.061,0.015,0.047,0.073,0.043,-0.012,0.029
0.061,0.017,0.046,0.071,0.044,-0.012,0.031
0.062,0.019,0.044,0.068,0.045,-0.011,0.034
0.063,0.021,0.043,0.066,0.047,-0.01,0.036
0.063,0.023,0.041,0.063,0.048,-0.009,0.039
0.063,0.024,0.039,0.06,0.05,-0.008,0.041
0.064,0.026,0.037,0.058,0.051,-0.007,0.044
0.064,0.028,0.036,0.055,0.053,-0.005,0.046
0.064,0.029,0.034,0.052,0.055,-0.004,0.048
0.065,0.031,0.033,0.05,0.056,-0.002,0.05
0.065,0.032,0.032,0.048,0.058,-0.001,0.052
0.066,0.034,0.03,0.046,0.06,0.001,0.054
0.067,0.035,0.029,0.044,0.062,0.002,0.055
0.067,0.036,0.029,0.042,0.064,0.004,0.057
0.068,0.037,0.028,0.041,0.066,0.005,0.058
0.07,0.038,0.028,0.04,0.068,0.006,0.058
0.071,0.038,0.027,0.04,0.07,0.007,0.059
0.072,0.039,0.028,0.04,0.071,0.008,0.059
0.074,0.039,0.028,0.04,0.073,0.009,0.059
0.075,0.04,0.028,0.041,0.075,0.009,0.059
0.077,0.04,0.029,0.042,0.076,0.01,0.058
0.079,0.04,0.03,0.043,0.078,0.01,0.057
0.08,0.04,0.031,0.045,0.079,0.01,0.056
0.082,0.04,0.033,0.047,0.081,0.01,0.055
0.084,0.039,0.034,0.049,0.082,0.01,0.054
0.086,0.039,0.036,0.051,0.083,0.009,0.053
0.087,0.038,0.038,0.054,0.084,0.009,0.051
0.089,0.038,0.04,0.056,0.084,0.008,0.05
0.091,0.037,0.042,0.059,0.085,0.008,0.048
0.092,0.036,0.045,0.062,0.085,0.007,0.047
0.093,0.035,0.047,0.064,0.086,0.007,0.046
0.094,0.034,0.05,0.067,0.086,0.006,0.044
0.095,0.033,0.053,0.069,0.086,0.006,0.043
0.095,0.032,0.055,0.071,0.086,0.005,0.042
0.096,0.032,0.058,0.073,0.086,0.005,0.042
0.096,0.031,0.061,0.075,0.086,0.005,0.041
0.096,0.03,0.063,0.077,0.086,0.005,0.041
0.096,0.03,0.066,0.078,0.086,0.005,0.041
0.095,0.03,0.068,0.079,0.086,0.006,0.041
0.095,0.03,0.071,0.08,0.086,0.006,0.041
0.094,0.03,0.073,0.081,0.085,0.007,0.041
0.093,0.031,0.075,0.081,0.085,0.008,0.042
0.092,0.031,0.077,0.081,0.085,0.009,0.043
0.091,0.032,0.079,0.081,0.085,0.01,0.044
0.091,0.034,0.08,0.081,0.085,0.012,0.045
0.09,0.035,0.081,0.081,0.085,0.013,0.046
0.089,0.038,0.082,0.08,0.085,0.015,0.048
0.088,0.04,0.083,0.08,0.085,0.016,0.049
0.087,0.043,0.083,0.079,0.086,0.018,0.05
0.087,0.046,0.083,0.078,0.086,0.02,0.052
0.086,0.049,0.083,0.078,0.087,0.022,0.053
0.086,0.052,0.082,0.077,0.087,0.023,0.055
0.086,0.056,0.082,0.076,0.088,0.025,0.056
0.086,0.06,0.081,0.076,0.089,0.027,0.057
0.086,0.064,0.08,0.075,0.09,0.028,0.059
0.087,0.068,0.078,0.075,0.091,0.03,0.06
0.087,0.073,0.077,0.075,0.092,0.032,0.061
0.088,0.077,0.075,0.075,0.093,0.033,0.062
0.089,0.081,0.074,0.075,0.094,0.034,0.063
0.09,0.086,0.072,0.076,0.096,0.035,0.064
0.091,0.09,0.07,0.077,0.097,0.036,0.065
0.092,0.094,0.069,0.077,0.098,0.037,0.066
0.093,0.098,0.067,0.078,0.1,0.038,0.066
0.095,0.102,0.066,0.079,0.101,0.038,0.067
0.096,0.106,0.064,0.081,0.102,0.039,0.068
0.097,0.109,0.063,0.082,0.103,0.039,0.069
0.098,0.112,0.062,0.083,0.105,0.039,0.07
0.1,0.115,0.062,0.084,0.106,0.039,0.071
0.101,0.118,0.061,0.086,0.107,0.039,0.072
0.102,0.12,0.061,0.087,0.108,0.038,0.073
0.103,0.122,0.061,0.088,0.109,0.038,0.074
0.104,0.123,0.061,0.089,0.11,0.037,0.075
0.105,0.125,0.062,0.09,0.11,0.037,0.076
0.105,0.125,0.063,0.091,0.111,0.036,0.077
0.106,0.126,0.064,0.092,0.111,0.035,0.079
0.107,0.126,0.065,0.093,0.112,0.034,0.08
0.107,0.126,0.067,0.093,0.112,0.033,0.082
0.107,0.125,0.068,0.093,0.112,0.032,0.084
0.108,0.124,0.07,0.094,0.113,0.032,0.086
0.108,0.123,0.072,0.094,0.113,0.031,0.087
0.108,0.122,0.074,0.093,0.113,0.03,0.089
0.108,0.12,0.076,0.093,0.113,0.03,0.091
0.108,0.118,0.078,0.093,0.112,0.029,0.093
0.109,0.116,0.08,0.092,0.112,0.029,0.095
0.109,0.114,0.082,0.092,0.112,0.029,0.097
0.109,0.112,0.084,0.092,0.112,0.029,0.099
0.109,0.11,0.085,0.091,0.111,0.029,0.101
0.109,0.108,0.087,0.091,0.111,0.03,0.102
0.109,0.105,0.088,0.091,0.111,0.03,0.104
0.109,0.103,0.09,0.091,0.111,0.031,0.105
0.11,0.101,0.091,0.091,0.11,0.032,0.107
0.11,0.1,0.091,0.091,0.11,0.033,0.108
0.11,0.098,0.092,0.091,0.11,0.035,0.109
0.111,0.097,0.092,0.092,0.11,0.037,0.11
0.111,0.096,0.092,0.093,0.11,0.039,0.11
0.112,0.095,0.092,0.093,0.11,0.041,0.111
0.112,0.094,0.092,0.094,0.11,0.043,0.111
0.112,0.094,0.091,0.096,0.111,0.046,0.111
0.113,0.094,0.091,0.097,0.111,0.048,0.111
0.113,0.094,0.09,0.098,0.111,0.051,0.11
0.113,0.095,0.089,0.1,0.112,0.054,0.109
0.113,0.096,0.088,0.101,0.112,0.057,0.108
0.113,0.097,0.087,0.103,0.113,0.06,0.107
0.113,0.098,0.086,0.104,0.114,0.063,0.105
0.113,0.1,0.085,0.105,0.115,0.066,0.104
0.113,0.102,0.084,0.106,0.115,0.069,0.102
0.112,0.104,0.083,0.108,0.116,0.072,0.1
0.112,0.106,0.082,0.109,0.117,0.076,0.097
0.111,0.109,0.082,0.109,0.118,0.079,0.095
0.111,0.111,0.081,0.11,0.118,0.082,0.092
0.11,0.114,0.08,0.111,0.119,0.084,0.089
0.109,0.117,0.08,0.112,0.12,0.087,0.086
0.108,0.12,0.079,0.112,0.121,0.09,0.084
0.107,0.122,0.079,0.113,0.121,0.092,0.081
0.106,0.125,0.079,0.113,0.122,0.094,0.078
0.105,0.128,0.079,0.113,0.122,0.096,0.075
0.104,0.131,0.079,0.114,0.123,0.097,0.072
0.103,0.133,0.079,0.114,0.123,0.099,0.069
0.102,0.135,0.079,0.115,0.123,0.1,0.066
0.102,0.137,0.08,0.115,0.124,0.1,0.064
0.101,0.139,0.08,0.116,0.124,0.101,0.062
0.101,0.14,0.081,0.117,0.124,0.101,0.06
0.101,0.141,0.081,0.117,0.124,0.1,0.059
0.1,0.142,0.082,0.118,0.124,0.099,0.058
0.101,0.143,0.083,0.119,0.124,0.098,0.057
0.101,0.143,0.084,0.12,0.124,0.097,0.057
0.101,0.143,0.085,0.122,0.124,0.095,0.057
0.102,0.143,0.086,0.123,0.123,0.093,0.057
0.103,0.142,0.087,0.124,0.123,0.091,0.058
0.103,0.141,0.088,0.125,0.123,0.089,0.06
0.104,0.14,0.089,0.126,0.122,0.086,0.062
0.105,0.138,0.091,0.127,0.122,0.084,0.064
0.107,0.137,0.092,0.128,0.121,0.081,0.067
0.108,0.135,0.093,0.129,0.121,0.078,0.07
0.109,0.133,0.095,0.129,0.12,0.075,0.074
0.11,0.131,0.096,0.13,0.119,0.073,0.078
0.112,0.129,0.098,0.13,0.118,0.07,0.082
0.113,0.127,0.099,0.13,0.117,0.067,0.086
0.114,0.125,0.101,0.13,0.116,0.065,0.09
0.114,0.123,0.102,0.13,0.115,0.062,0.095
0.115,0.121,0.104,0.129,0.114,0.06,0.099
0.116,0.12,0.105,0.128,0.113,0.058,0.104
0.116,0.118,0.106,0.127,0.112,0.056,0.108
0.116,0.117,0.107,0.126,0.111,0.055,0.112
0.116,0.116,0.108,0.124,0.109,0.053,0.116
0.115,0.116,0.108,0.123,0.108,0.052,0.12
0.114,0.116,0.109,0.121,0.107,0.052,0.124
0.113,0.116,0.109,0.119,0.105,0.051,0.127
0.112,0.116,0.109,0.117,0.104,0.051,0.13
0.11,0.117,0.108,0.114,0.103,0.051,0.132
0.109,0.118,0.108,0.112,0.102,0.051,0.134
0.107,0.12,0.107,0.11,0.1,0.051,0.135
0.104,0.121,0.105,0.107,0.099,0.052,0.136
0.102,0.123,0.104,0.105,0.098,0.052,0.137
0.1,0.125,0.103,0.103,0.097,0.053,0.137
0.097,0.127,0.101,0.101,0.097,0.054,0.136
0.094,0.13,0.099,0.099,0.096,0.055,0.135
0.091,0.132,0.097,0.097,0.095,0.056,0.134
0.089,0.135,0.095,0.095,0.095,0.057,0.132
0.086,0.137,0.093,0.094,0.094,0.058,0.13
0.083,0.139,0.091,0.092,0.094,0.059,0.128
0.081,0.141,0.089,0.091,0.093,0.06,0.125
0.078,0.143,0.088,0.091,0.093,0.061,0.122
0.076,0.145,0.086,0.09,0.093,0.062,0.118
0.073,0.146,0.085,0.09,0.092,0.063,0.115
0.071,0.148,0.083,0.09,0.092,0.064,0.111
0.069,0.148,0.082,0.09,0.092,0.064,0.107
0.067,0.149,0.082,0.09,0.092,0.065,0.104
0.066,0.149,0.081,0.091,0.091,0.066,0.1
0.064,0.149,0.081,0.091,0.091,0.066,0.096
0.062,0.148,0.081,0.092,0.091,0.066,0.093
0.061,0.147,0.082,0.093,0.09,0.067,0.09
0.059,0.146,0.083,0.094,0.09,0.067,0.087
0.058,0.144,0.084,0.095,0.09,0.067,0.084
0.057,0.142,0.085,0.096,0.089,0.067,0.081
0.056,0.14,0.086,0.097,0.089,0.067,0.079
0.054,0.138,0.088,0.098,0.088,0.067,0.077
0.053,0.136,0.09,0.099,0.087,0.067,0.076
0.052,0.133,0.092,0.1,0.087,0.066,0.074
0.05,0.131,0.093,0.101,0.086,0.066,0.074
0.049,0.128,0.095,0.101,0.085,0.066,0.073
0.047,0.126,0.097,0.102,0.084,0.066,0.073
0.046,0.123,0.099,0.102,0.083,0.066,0.073
0.044,0.121,0.101,0.102,0.082,0.066,0.074
0.042,0.119,0.102,0.102,0.081,0.065,0.074
0.041,0.117,0.103,0.102,0.08,0.065,0.075
0.039,0.115,0.104,0.102,0.079,0.065,0.076
0.037,0.113,0.105,0.101,0.078,0.064,0.077
0.035,0.112,0.106,0.1,0.077,0.064,0.079
0.033,0.111,0.106,0.099,0.076,0.063,0.08
0.032,0.11,0.106,0.098,0.075,0.063,0.081
0.03,0.109,0.105,0.097,0.074,0.062,0.082
0.028,0.108,0.104,0.096,0.073,0.061,0.084
0.027,0.107,0.103,0.094,0.072,0.06,0.085
0.025,0.107,0.101,0.093,0.071,0.059,0.085
0.024,0.107,0.1,0.091,0.07,0.058,0.086
0.023,0.106,0.097,0.09,0.069,0.056,0.086
0.023,0.106,0.095,0.088,0.068,0.055,0.087
0.022,0.106,0.092,0.086,0.067,0.053,0.086
0.021,0.105,0.089,0.085,0.066,0.051,0.086
0.021,0.105,0.086,0.083,0.065,0.049,0.086
0.021,0.105,0.083,0.081,0.064,0.046,0.085
0.021,0.105,0.079,0.079,0.064,0.044,0.084
0.022,0.104,0.075,0.078,0.063,0.041,0.083
0.022,0.104,0.072,0.076,0.062,0.039,0.081
0.023,0.103,0.068,0.075,0.062,0.036,0.08
0.024,0.102,0.064,0.073,0.061,0.033,0.078
0.025,0.101,0.06,0.072,0.061,0.03,0.076
0.026,0.1,0.056,0.07,0.061,0.027,0.075
0.027,0.099,0.052,0.069,0.061,0.025,0.073
0.028,0.098,0.048,0.067,0.061,0.022,0.071
0.029,0.097,0.044,0.066,0.061,0.019,0.069
0.03,0.096,0.041,0.065,0.061,0.017,0.068
0.031,0.094,0.037,0.064,0.061,0.014,0.066
0.032,0.093,0.033,0.063,0.061,0.012,0.065
0.033,0.092,0.03,0.062,0.061,0.01,0.064
0.033,0.09,0.027,0.061,0.061,0.009,0.063
0.034,0.089,0.024,0.06,0.061,0.007,0.062
0.035,0.087,0.021,0.06,0.062,0.006,0.061
0.035,0.085,0.019,0.059,0.062,0.005,0.061
0.035,0.084,0.016,0.058,0.062,0.004,0.06
0.035,0.082,0.015,0.058,0.062,0.003,0.06
0.035,0.08,0.013,0.057,0.062,0.002,0.06
0.035,0.078,0.012,0.056,0.062,0.002,0.061
0.034,0.076,0.011,0.056,0.062,0.002,0.061
0.034,0.074,0.01,0.055,0.062,0.002,0.062
0.033,0.072,0.01,0.055,0.061,0.002,0.062
0.032,0.07,0.01,0.054,0.061,0.002,0.063
0.031,0.068,0.011,0.053,0.06,0.003,0.063
0.03,0.065,0.012,0.052,0.059,0.003,0.064
0.029,0.063,0.013,0.052,0.058,0.003,0.065
0.028,0.06,0.014,0.051,0.057,0.003,0.065
0.026,0.058,0.016,0.05,0.055,0.004,0.065
0.025,0.055,0.019,0.049,0.054,0.004,0.066
0.023,0.052,0.021,0.048,0.052,0.004,0.066
0.022,0.049,0.024,0.046,0.051,0.004,0.065
0.02,0.046,0.027,0.045,0.049,0.004,0.065
0.018,0.043,0.03,0.043,0.047,0.004,0.064
0.016,0.041,0.033,0.042,0.045,0.003,0.063
0.014,0.038,0.036,0.04,0.043,0.003,0.062
0.012,0.035,0.04,0.038,0.042,0.002,0.061
0.01,0.032,0.043,0.037,0.04,0.002,0.059
0.009,0.03,0.046,0.035,0.038,0.001,0.057
0.007,0.027,0.049,0.033,0.036,0,0.054
0.005,0.025,0.052,0.031,0.035,0,0.052
0.003,0.023,0.054,0.03,0.033,-0.001,0.049
0.002,0.022,0.056,0.028,0.032,-0.002,0.046
0.001,0.02,0.058,0.026,0.031,-0.003,0.043
-0.001,0.019,0.059,0.024,0.03,-0.004,0.04
-0.002,0.018,0.06,0.023,0.029,-0.005,0.036
-0.002,0.017,0.061,0.021,0.028,-0.005,0.033
-0.003,0.017,0.061,0.02,0.028,-0.006,0.03
-0.003,0.017,0.06,0.019,0.028,-0.007,0.026
-0.004,0.017,0.059,0.017,0.028,-0.007,0.023
-0.004,0.017,0.058,0.016,0.028,-0.008,0.02
-0.003,0.018,0.056,0.015,0.028,-0.009,0.018
-0.003,0.019,0.054,0.015,0.029,-0.009,0.015
-0.002,0.02,0.051,0.014,0.03,-0.01,0.013
-0.001,0.021,0.048,0.013,0.031,-0.01,0.011
0,0.022,0.044,0.013,0.032,-0.01,0.01
0.002,0.023,0.04,0.012,0.033,-0.011,0.008
0.003,0.025,0.036,0.012,0.034,-0.011,0.008
0.005,0.026,0.032,0.012,0.035,-0.011,0.007
0.007,0.027,0.028,0.011,0.036,-0.011,0.007
0.008,0.029,0.023,0.011,0.037,-0.012,0.007
0.01,0.03,0.019,0.011,0.038,-0.012,0.008
0.012,0.031,0.015,0.011,0.04,-0.012,0.009
0.014,0.032,0.011,0.011,0.041,-0.012,0.01
0.016,0.032,0.007,0.011,0.041,-0.012,0.012
0.017,0.033,0.003,0.011,0.042,-0.012,0.013
0.019,0.033,-0.001,0.01,0.043,-0.012,0.015
0.021,0.033,-0.004,0.01,0.044,-0.012,0.017
0.022,0.033,-0.007,0.01,0.044,-0.012,0.019
0.024,0.033,-0.009,0.01,0.044,-0.012,0.021
0.025,0.032,-0.011,0.01,0.045,-0.012,0.023
0.026,0.031,-0.012,0.009,0.045,-0.012,0.025
0.027,0.03,-0.013,0.009,0.045,-0.012,0.026
0.028,0.029,-0.014,0.009,0.045,-0.012,0.028
0.029,0.028,-0.014,0.009,0.044,-0.012,0.029
0.029,0.027,-0.014,0.008,0.044,-0.011,0.03
0.03,0.025,-0.013,0.008,0.043,-0.011,0.031
0.03,0.024,-0.012,0.008,0.043,-0.011,0.032
0.031,0.022,-0.011,0.008,0.042,-0.011,0.032
0.031,0.021,-0.009,0.008,0.042,-0.01,0.032
0.031,0.02,-0.007,0.008,0.041,-0.01,0.032
0.031,0.018,-0.005,0.008,0.04,-0.01,0.031
0.031,0.017,-0.003,0.008,0.04,-0.01,0.03
0.03,0.016,-0.001,0.009,0.039,-0.01,0.029
0.03,0.015,0.002,0.009,0.038,-0.01,0.028
0.03,0.014,0.004,0.009,0.037,-0.01,0.027
0.029,0.014,0.006,0.01,0.037,-0.01,0.025
0.029,0.013,0.008,0.01,0.036,-0.01,0.023
0.028,0.013,0.01,0.01,0.035,-0.01,0.022
0.028,0.013,0.012,0.011,0.034,-0.011,0.02
0.027,0.013,0.014,0.011,0.033,-0.011,0.018
0.026,0.013,0,0.011,0.033,-0.011,0.016
0.026,0.013,0,0.012,0.032,-0.012,0.015
0.025,0.013,0,0.012,0.031,-0.012,0.013
0.024,0.014,0,0.012,0.03,-0.013,0.011
0.024,0.014,0,0.012,0.029,-0.013,0.01
0.023,0.015,0,0.012,0.028,-0.014,0.008
0.022,0.016,0,0.012,0.027,-0.015,0.007
0.022,0.016,0,0.012,0.026,-0.016,0.005
0.021,0.017,0,0.012,0.025,-0.016,0.004
0.021,0.017,0,0.011,0.023,-0.017,0.002
0.02,0.018,0,0.011,0.022,-0.018,0.001
0.02,0.018,0,0.011,0.021,-0.018,0
0.019,0.019,0,0.01,0.02,-0.019,-0.001
0.019,0.019,0,0.01,0.019,-0.019,-0.003
0.019,0.019,0,0.009,0.018,-0.02,-0.004
0,0.019,0,0.008,0.018,-0.02,-0.005
0,0.019,0,0.008,0.017,-0.021,-0.006
0,0.019,0,0.007,0.016,-0.021,-0.007
0,0.019,0,0.007,0.016,-0.021,-0.008
0,0.019,0,0.006,0.015,-0.022,-0.009
0,0.019,0,0.006,0.015,-0.022,-0.01
0,0.019,0,0.006,0.015,-0.022,-0.011
0,0.019,0,0.005,0.015,-0.022,-0.012
0,0.019,0,0.005,0.016,-0.022,-0.013
0,0.019,0,0.005,0.016,-0.021,-0.013
0,0.019,0,0.005,0.017,-0.021,-0.014
0,0.019,0,0.005,0,-0.021,-0.014
0,0.019,0,0.005,0,-0.021,-0.015
0,0.02,0,0.005,0,-0.021,-0.015
0,0.02,0,0.005,0,-0.02,-0.015
0,0.021,0,0.005,0,-0.02,0
0,0.022,0,0.006,0,-0.02,0
0,0.023,0,0.006,0,-0.02,0
0,0.025,0,0.006,0,-0.02,0
0,0.026,0,0.006,0,-0.02,0
0,0.028,0,0.007,0,-0.02,0
0,0.029,0,0.007,0,-0.019,0
0,0,0,0.007,0,-0.019,0
0,0,0,0,0,0,0
0,0,0,0,0,0,0
0,0,0,0,0,0,0
0,0,0,0,0,0,0
0,0,0,0,0,0,0
0,0,0,0,0,0,0
0,0,0,0,0,0,0
0,0,0,0,0,0,0
0,0,0,0,0,0,0
0,0,0,0,0,0,0
0,0,0,0,0,0,0
0,0,0,0,0,0,0
0,0,0,0,0,0,0
0,0,0,0,0,0,0
0,0,0,0,0,0,0
0,0,0,0,0,0,0
0,0,0,0,0,0,0
0,0,0,0,0,0,0
0,0,0,0,0,0,0
0,0,0,0,0,0,0
0,0,0,0,0,0,0
0,0,0,0,0,0,0
0,0,0,0,0,0,0
0,0,0,0,0,0,0
0,0,0,0,0,0,0
0,0,0,0,0,0,0
0,0,0,0,0,0,0
0,0,0,0,0,0,0
0,0,0,0,0,0,0
0,0,0,0,0,0,0
0,0,0,0,0,0,0
0,0,0,0,0,0,0
0,0,0,0,0,0,0
0,0,0,0,0,0,0
0,0,0,0,0,0,0
0,0,0,0,0,0,0
0,0,0,0,0,0,0
0,0,0,0,0,0,0
0,0,0,0,0,0,0
0,0,0,0,0,0,0
0,0,0,0,0,0,0
0,0,0,0,0,0,0
0,0,0,0,0,0,0
0,0,0,0,0,0,0
0,0,0,0,0,0,0
0,0,0,0,0,0,0
0,0,0,0,0,0,0
0,0,0,0,0,0,0
0,0,0,0,0,0,0
0,0,0,0,0,0,0
0,0,0,0,0,0,0
0,0,0,0,0,0,0
0,0,0,0,0,0,0
0,0,0,0,0,0,0
0,0,0,0,0,0,0
0,0,0,0,0,0,0
0,0,0,0,0,0,0
0,0,0,0,0,0,0
0,0,0,0,0,0,0
0,0,0,0,0,0,0
0,0,0,0,0,0,0
0,0,0,0,0,0,0
0,0,0,0,0,0,0
0,0,0,0,0,0,0
0,0,0,0,0,0,0
0,0,0,0,0,0,0
0,0,0,0,0,0,0
0,0,0,0,0,0,0
0,0,0,0,0,0,0
0,0,0,0,0,0,0
0,0,0,0,0,0,0
0,0,0,0,0,0,0
0,0,0,0,0,0,0
0,0,0,0,0,0,0
0,0,0,0,0,0,0
0,0,0,0,0,0,0
0,0,0,0,0,0,0
0,0,0,0,0,0,0
0,0,0,0,0,0,0
0,0,0,0,0,0,0
0,0,0,0,0,0,0
0,0,0,0,0,0,0
0,0,0,0,0,0,0
0,0,0,0,0,0,0
0,0,0,0,0,0,0
0,0,0,0,0,0,0
0,0,0,0,0,0,0
0,0,0,0,0,0,0
0,0,0,0,0,0,0
0,0,0,0,0,0,0
0,0,0,0,0,0,0
0,0,0,0,0,0,0
0,0,0,0,0,0,0
0,0,0,0,0,0,0
0,0,0,0,0,0,0
0,0,0,0,0,0,0
0,0,0,0,0,0,0
0,0,0,0,0,0,0
0,0,0,0,0,0,0
0,0,0,0,0,0,0
0,0,0,0,0,0,0
0,0,0,0,0,0,0
0,0,0,0,0,0,0
0,0,0,0,0,0,0
0,0,0,0,0,0,0
0,0,0,0,0,0,0
0,0,0,0,0,0,0
0,0,0,0,0,0,0
0,0,0,0,0,0,0
0,0,0,0,0,0,0
0,0,0,0,0,0,0
0,0,0,0,0,0,0
0,0,0,0,0,0,0
0,0,0,0,0,0,0
0,0,0,0,0,0,0
0,0,0,0,0,0,0
0,0,0,0,0,0,0
0,0,0,0,0,0,0
0,0,0,0,0,0,0
0,0,0,0,0,0,0
0,0,0,0,0,0,0
0,0,0,0,0,0,0
0,0,0,0,0,0,0
0,0,0,0,0,0,0
0,0,0,0,0,0,0
0,0,0,0,0,0,0
0,0,0,0,0,0,0
0,0,0,0,0,0,0
0,0,0,0,0,0,0
0,0,0,0,0,0,0
0,0,0,0,0,0,0
0,0,0,0,0,0,0
0,0,0,0,0,0,0
0,0,0,0,0,0,0
0,0,0,0,0,0,0
0,0,0,0,0,0,0
0,0,0,0,0,0,0
0,0,0,0,0,0,0
0,0,0,0,0,0,0
0,0,0,0,0,0,0
0,0,0,0,0,0,0
0,0,0,0,0,0,0
0,0,0,0,0,0,0
0,0,0,0,0,0,0
0,0,0,0,0,0,0
0,0,0,0,0,0,0
0,0,0,0,0,0,0
0,0,0,0,0,0,0
0,0,0,0,0,0,0
0,0,0,0,0,0,0
0,0,0,0,0,0,0
0,0,0,0,0,0,0
0,0,0,0,0,0,0
0,0,0,0,0,0,0
0,0,0,0,0,0,0
0,0,0,0,0,0,0
0,0,0,0,0,0,0
0,0,0,0,0,0,0
0,0,0,0,0,0,0
0,0,0,0,0,0,0
0,0,0,0,0,0,0
0,0,0,0,0,0,0
0,0,0,0,0,0,0
0,0,0,0,0,0,0
0,0,0,0,0,0,0
0,0,0,0,0,0,0
0,0,0,0,0,0,0
0,0,0,0,0,0,0
0,0,0,0,0,0,0
0,0,0,0,0,0,0
0,0,0,0,0,0,0
0,0,0,0,0,0,0
0,0,0,0,0,0,0
0,0,0,0,0,0,0
0,0,0,0,0,0,0
0,0,0,0,0,0,0
0,0,0,0,0,0,0
0,0,0,0,0,0,0
0,0,0,0,0,0,0
0,0,0,0,0,0,0
0,0,0,0,0,0,0
0,0,0,0,0,0,0
0,0,0,0,0,0,0
0,0,0,0,0,0,0
0,0,0,0,0,0,0
0,0,0,0,0,0,0
0,0,0,0,0,0,0
0,0,0,0,0,0,0
0,0,0,0,0,0,0
0,0,0,0,0,0,0
0,0,0,0,0,0,0
0,0,0,0,0,0,0
0,0,0,0,0,0,0
0,0,0,0,0,0,0
0,0,0,0,0,0,0
0,0,0,0,0,0,0
0,0,0,0,0,0,0
0,0,0,0,0,0,0
0,0,0,0,0,0,0
0,0,0,0,0,0,0
0,0,0,0,0,0,0
0,0,0,0,0,0,0
0,0,0,0,0,0,0
0,0,0,0,0,0,0
0,0,0,0,0,0,0
0,0,0,0,0,0,0
0,0,0,0,0,0,0
0,0,0,0,0,0,0
0,0,0,0,0,0,0
0,0,0,0,0,0,0
0,0,0,0,0,0,0
0,0,0,0,0,0,0
0,0,0,0,0,0,0
0,0,0,0,0,0,0
0,0,0,0,0,0,0
0,0,0,0,0,0,0
0,0,0,0,0,0,0
0,0,0,0,0,0,0
0,0,0,0,0,0,0
0,0,0,0,0,0,0
0,0,0,0,0,0,0
0,0,0,0,0,0,0
0,0,0,0,0,0,0
0,0,0,0,0,0,0
0,0,0,0,0,0,0
0,0,0,0,0,0,0
0,0,0,0,0,0,0
0,0,0,0,0,0,0
0,0,0,0,0,0,0
0,0,0,0,0,0,0
0,0,0,0,0,0,0
0,0,0,0,0,0,0
0,0,0,0,0,0,0
0,0,0,0,0,0,0
0,0,0,0,0,0,0
0,0,0,0,0,0,0
0,0,0,0,0,0,0
0,0,0,0,0,0,0
0,0,0,0,0,0,0
0,0,0,0,0,0,0
0,0,0,0,0,0,0
0,0,0,0,0,0,0
0,0,0,0,0,0,0
0,0,0,0,0,0,0
0,0,0,0,0,0,0
0,0,0,0,0,0,0
0,0,0,0,0,0,0
0,0,0,0,0,0,0
0,0,0,0,0,0,0
0,0,0,0,0,0,0
0,0,0,0,0,0,0
0,0,0,0,0,0,0
0,0,0,0,0,0,0
0,0,0,0,0,0,0
0,0,0,0,0,0,0
0,0,0,0,0,0,0
0,0,0,0,0,0,0
0,0,0,0,0,0,0
0,0,0,0,0,0,0
0,0,0,0,0,0,0
0,0,0,0,0,0,0
0,0,0,0,0,0,0
0,0,0,0,0,0,0
0,0,0,0,0,0,0
0,0,0,0,0,0,0
0,0,0,0,0,0,0
0,0,0,0,0,0,0
