0.006,0.022,-0.094,0.074,0.005,-0.035
0.007,0.022,-0.095,0.074,0.006,-0.035
0.009,0.023,-0.096,0.074,0.007,-0.034
0.01,0.024,-0.098,0.074,0.008,-0.033
0.011,0.024,-0.099,0.074,0.009,-0.033
0.012,0.025,-0.1,0.073,0.01,-0.032
0.014,0.025,-0.102,0.072,0.011,-0.032
0.015,0.026,-0.103,0.07,0.012,-0.032
0.016,0.027,-0.105,0.069,0.012,-0.032
0.018,0.028,-0.106,0.067,0.013,-0.031
0.019,0.029,-0.107,0.065,0.014,-0.031
0.02,0.03,-0.108,0.063,0.015,-0.031
0.021,0.031,-0.109,0.061,0.016,-0.031
0.022,0.032,-0.11,0.059,0.017,-0.031
0.023,0.033,-0.111,0.057,0.018,-0.031
0.024,0.034,-0.111,0.055,0.019,-0.03
0.025,0.035,-0.111,0.052,0.019,-0.03
0.026,0.037,-0.111,0.05,0.02,-0.03
0.027,0.038,-0.111,0.048,0.021,-0.029
0.027,0.039,-0.111,0.046,0.021,-0.029
0.028,0.041,-0.111,0.045,0.022,-0.028
0.028,0.042,-0.11,0.043,0.022,-0.027
0.029,0.043,-0.109,0.042,0.022,-0.026
0.029,0.044,-0.109,0.041,0.023,-0.025
0.029,0.045,-0.108,0.041,0.023,-0.023
0.029,0.047,-0.107,0.04,0.023,-0.022
0.029,0.048,-0.106,0.04,0.023,-0.02
0.029,0.048,-0.105,0.04,0.023,-0.019
0.029,0.049,-0.103,0.041,0.023,-0.017
0.029,0.05,-0.102,0.042,0.023,-0.015
0.029,0.05,-0.101,0.042,0.023,-0.013
0.028,0.051,-0.1,0.043,0.022,-0.011
0.028,0.051,-0.099,0.044,0.022,-0.009
0.028,0.051,-0.098,0.046,0.021,-0.007
0.028,0.052,-0.097,0.047,0.021,-0.005
0.028,0.052,-0.096,0.048,0.02,-0.003
0.028,0.052,-0.095,0.049,0.02,-0.001
0.028,0.051,-0.095,0.05,0.019,0.001
0.028,0.051,-0.094,0.051,0.018,0.003
0.028,0.051,-0.093,0.052,0.017,0.004
0.028,0.051,-0.093,0.053,0.017,0.006
0.028,0.05,-0.092,0.053,0.016,0.007
0.028,0.05,-0.092,0.054,0.015,0.009
0.028,0.049,-0.092,0.054,0.014,0.01
0.029,0.049,-0.091,0.053,0.014,0.011
0.029,0.049,-0.091,0.053,0.013,0.012
0.029,0.048,-0.092,0.052,0.013,0.013
0.029,0.048,-0.092,0.051,0.012,0.013
0.029,0.047,-0.092,0.049,0.012,0.014
0.029,0.047,-0.093,0.047,0.012,0.015
0.029,0.047,-0.093,0.045,0.012,0.015
0.029,0.047,-0.094,0.043,0.011,0.015
0.028,0.047,-0.095,0.041,0.012,0.016
0.028,0.047,-0.096,0.038,0.012,0.016
0.028,0.047,-0.098,0.035,0.012,0.016
0.027,0.047,-0.099,0.032,0.012,0.016
0.027,0.047,-0.101,0.029,0.013,0.016
0.026,0.048,-0.103,0.026,0.013,0.016
0.025,0.048,-0.104,0.023,0.014,0.017
0.024,0.049,-0.106,0.02,0.014,0.017
0.023,0.049,-0.109,0.017,0.015,0.017
0.022,0.049,-0.111,0.014,0.016,0.017
0.021,0.05,-0.113,0.01,0.016,0.018
0.02,0.05,-0.115,0.007,0.017,0.018
0.019,0.051,-0.118,0.004,0.018,0.019
0.018,0.051,-0.12,0.001,0.018,0.019
0.017,0.052,-0.122,-0.001,0.019,0.02
0.016,0.052,-0.124,-0.004,0.019,0.021
0.015,0.052,-0.126,-0.007,0.02,0.021
0.014,0.053,-0.128,-0.01,0.02,0.022
0.014,0.053,-0.13,-0.012,0.021,0.023
0.013,0.053,-0.131,-0.014,0.021,0.024
0.012,0.053,-0.133,-0.017,0.021,0.025
0.011,0.052,-0.134,-0.019,0.021,0.026
0.011,0.052,-0.135,-0.021,0.022,0.027
0.01,0.052,-0.135,-0.023,0.022,0.028
0.01,0.051,-0.136,-0.025,0.022,0.029
0.009,0.051,-0.136,-0.027,0.022,0.03
0.009,0.05,-0.136,-0.029,0.022,0.031
0.009,0.049,-0.136,-0.031,0.022,0.032
0.009,0.049,-0.135,-0.033,0.022,0.033
0.009,0.048,-0.135,-0.034,0.023,0.034
0.009,0.047,-0.134,-0.036,0.023,0.035
0.01,0.046,-0.133,-0.037,0.023,0.035
0.01,0.045,-0.132,-0.038,0.023,0.036
0.011,0.044,-0.13,-0.04,0.023,0.036
0.011,0.043,-0.129,-0.041,0.023,0.037
0.012,0.042,-0.127,-0.042,0.023,0.037
0.013,0.041,-0.126,-0.043,0.023,0.037
0.014,0.04,-0.124,-0.044,0.024,0.037
0.015,0.039,-0.123,-0.045,0.024,0.037
0.016,0.038,-0.121,-0.046,0.024,0.037
0.017,0.037,-0.119,-0.046,0.024,0.037
0.018,0.037,-0.118,-0.047,0.024,0.037
0.019,0.036,-0.116,-0.048,0.024,0.036
0.021,0.035,-0.115,-0.048,0.024,0.036
0.022,0.035,-0.113,-0.049,0.023,0.036
0.023,0.034,-0.112,-0.049,0.023,0.036
0.024,0.034,-0.111,-0.05,0.023,0.035
0.025,0.034,-0.109,-0.05,0.022,0.035
0.026,0.034,-0.108,-0.05,0.022,0.035
0.027,0.033,-0.107,-0.051,0.021,0.035
0.028,0.033,-0.107,-0.051,0.02,0.035
0.028,0.033,-0.106,-0.051,0.019,0.035
0.029,0.033,-0.105,-0.051,0.017,0.035
0.029,0.033,-0.105,-0.052,0.016,0.035
0.029,0.032,-0.104,-0.052,0.015,0.035
0.029,0.032,-0.104,-0.052,0.013,0.036
0.029,0.032,-0.104,-0.052,0.011,0.036
0.028,0.031,-0.104,-0.052,0.009,0.036
0.028,0.031,-0.104,-0.052,0.007,0.037
0.027,0.03,-0.104,-0.053,0.005,0.037
0.026,0.03,-0.104,-0.053,0.003,0.038
0.024,0.029,-0.104,-0.053,0.001,0.038
0.023,0.028,-0.104,-0.052,-0.001,0.039
0.022,0.027,-0.104,-0.052,-0.003,0.04
0.02,0.026,-0.105,-0.052,-0.005,0.04
0.019,0.025,-0.105,-0.052,-0.007,0.041
0.017,0.024,-0.105,-0.052,-0.009,0.042
0.015,0.023,-0.105,-0.052,-0.011,0.042
0.014,0.021,-0.106,-0.051,-0.012,0.043
0.012,0.02,-0.106,-0.051,-0.014,0.043
0.011,0.019,-0.106,-0.051,-0.015,0.044
0.009,0.017,-0.107,-0.05,-0.017,0.044
0.008,0.015,-0.107,-0.05,-0.018,0.044
0.007,0.014,-0.107,-0.05,-0.019,0.045
0.006,0.012,-0.108,-0.05,-0.02,0.045
0.005,0.011,-0.108,-0.05,-0.021,0.045
0.004,0.009,-0.108,-0.05,-0.021,0.045
0.004,0.008,-0.109,-0.049,-0.022,0.045
0.003,0.006,-0.109,-0.049,-0.022,0.045
0.003,0.005,-0.11,-0.049,-0.023,0.045
0.003,0.003,-0.11,-0.05,-0.023,0.045
0.003,0.002,-0.111,-0.05,-0.024,0.044
0.003,0.001,-0.111,-0.05,-0.024,0.044
0.004,-0.001,-0.112,-0.05,-0.024,0.044
0.004,-0.002,-0.112,-0.05,-0.024,0.043
0.005,-0.003,-0.113,-0.05,-0.025,0.043
0.006,-0.004,-0.113,-0.051,-0.025,0.043
0.007,-0.005,-0.114,-0.051,-0.025,0.042
0.008,-0.006,-0.114,-0.051,-0.026,0.042
0.009,-0.007,-0.115,-0.051,-0.026,0.041
0.01,-0.008,-0.116,-0.051,-0.027,0.041
0.011,-0.009,-0.116,-0.051,-0.027,0.041
0.012,-0.01,-0.117,-0.052,-0.028,0.04
0.013,-0.011,-0.117,-0.051,-0.029,0.04
0.014,-0.012,-0.117,-0.051,-0.029,0.04
0.015,-0.013,-0.118,-0.051,-0.03,0.04
0.016,-0.013,-0.118,-0.051,-0.031,0.04
0.017,-0.014,-0.118,-0.051,-0.032,0.039
0.018,-0.015,-0.118,-0.05,-0.033,0.039
0.019,-0.016,-0.118,-0.05,-0.034,0.039
0.02,-0.017,-0.118,-0.049,-0.036,0.039
0.02,-0.018,-0.118,-0.049,-0.037,0.04
0.021,-0.019,-0.117,-0.048,-0.038,0.04
0.022,-0.02,-0.117,-0.048,-0.039,0.04
0.022,-0.021,-0.116,-0.047,-0.04,0.04
0.022,-0.022,-0.116,-0.047,-0.042,0.04
0.023,-0.023,-0.115,-0.046,-0.043,0.04
0.023,-0.024,-0.114,-0.046,-0.044,0.04
0.023,-0.025,-0.114,-0.045,-0.046,0.04
0.023,-0.026,-0.113,-0.045,-0.047,0.039
0.024,-0.027,-0.112,-0.045,-0.048,0.039
0.024,-0.028,-0.111,-0.044,-0.049,0.039
0.024,-0.029,-0.11,-0.044,-0.05,0.038
0.024,-0.03,-0.109,-0.044,-0.051,0.038
0.024,-0.031,-0.108,-0.044,-0.052,0.037
0.024,-0.032,-0.107,-0.044,-0.053,0.037
0.025,-0.033,-0.106,-0.045,-0.054,0.036
0.025,-0.034,-0.105,-0.045,-0.055,0.035
0.025,-0.035,-0.104,-0.046,-0.055,0.034
0.025,-0.036,-0.103,-0.046,-0.056,0.033
0.026,-0.037,-0.103,-0.047,-0.057,0.032
0.026,-0.038,-0.102,-0.047,-0.057,0.03
0.027,-0.039,-0.101,-0.048,-0.058,0.029
0.028,-0.04,-0.101,-0.049,-0.058,0.028
0.028,-0.04,-0.1,-0.05,-0.058,0.026
0.029,-0.041,-0.1,-0.05,-0.059,0.025
0.03,-0.041,-0.099,-0.051,-0.059,0.023
0.03,-0.042,-0.099,-0.052,-0.059,0.022
0.031,-0.042,-0.099,-0.053,-0.059,0.021
0.032,-0.043,-0.099,-0.053,-0.06,0.019
0.033,-0.043,-0.099,-0.054,-0.06,0.018
0.034,-0.043,-0.099,-0.054,-0.06,0.016
0.034,-0.044,-0.099,-0.055,-0.06,0.015
0.035,-0.044,-0.099,-0.055,-0.06,0.014
0.036,-0.044,-0.099,-0.056,-0.06,0.012
0.036,-0.044,-0.1,-0.056,-0.06,0.011
0.037,-0.045,-0.1,-0.056,-0.061,0.01
0.037,-0.045,-0.1,-0.056,-0.061,0.009
0.038,-0.045,-0.101,-0.056,-0.061,0.008
0.038,-0.045,-0.101,-0.056,-0.061,0.007
0.038,-0.046,-0.101,-0.056,-0.061,0.006
0.038,-0.046,-0.101,-0.056,-0.062,0.005
0.038,-0.047,-0.102,-0.056,-0.062,0.004
0.038,-0.047,-0.102,-0.056,-0.062,0.003
0.037,-0.047,-0.102,-0.056,-0.062,0.003
0.037,-0.048,-0.102,-0.055,-0.063,0.002
0.036,-0.048,-0.102,-0.055,-0.063,0.001
0.036,-0.049,-0.102,-0.055,-0.063,0.001
0.035,-0.05,-0.102,-0.054,-0.064,0
0.034,-0.05,-0.101,-0.054,-0.064,-0.001
0.034,-0.051,-0.101,-0.054,-0.064,-0.001
0.033,-0.051,-0.1,-0.053,-0.064,-0.002
0.032,-0.052,-0.1,-0.053,-0.065,-0.003
0.031,-0.053,-0.099,-0.053,-0.065,-0.003
0.03,-0.053,-0.099,-0.052,-0.065,-0.004
0.03,-0.054,-0.098,-0.052,-0.066,-0.005
0.029,-0.055,-0.098,-0.052,-0.066,-0.006
0.028,-0.055,-0.097,-0.052,-0.066,-0.007
0.028,-0.055,-0.097,-0.052,-0.067,-0.008
0.027,-0.056,-0.096,-0.052,-0.067,-0.009
0.027,-0.056,-0.095,-0.052,-0.067,-0.01
0.026,-0.056,-0.095,-0.052,-0.068,-0.011
0.026,-0.056,-0.094,-0.052,-0.068,-0.013
0.026,-0.056,-0.094,-0.053,-0.068,-0.014
0.026,-0.056,-0.093,-0.053,-0.069,-0.015
0.026,-0.056,-0.093,-0.054,-0.069,-0.017
0.026,-0.056,-0.092,-0.055,-0.069,-0.018
0.026,-0.055,-0.092,-0.056,-0.07,-0.02
0.026,-0.055,-0.092,-0.057,-0.07,-0.021
0.026,-0.054,-0.091,-0.058,-0.07,-0.023
0.026,-0.053,-0.091,-0.059,-0.071,-0.024
0.026,-0.053,-0.091,-0.06,-0.071,-0.026
0.027,-0.052,-0.09,-0.061,-0.071,-0.028
0.027,-0.051,-0.09,-0.062,-0.072,-0.029
0.027,-0.051,-0.09,-0.063,-0.072,-0.031
0.027,-0.05,-0.09,-0.065,-0.072,-0.032
0.027,-0.049,-0.09,-0.066,-0.072,-0.033
0.026,-0.049,-0.089,-0.067,-0.073,-0.035
0.026,-0.048,-0.089,-0.068,-0.073,-0.036
0.026,-0.048,-0.089,-0.069,-0.073,-0.037
0.025,-0.047,-0.089,-0.07,-0.073,-0.038
0.024,-0.047,-0.089,-0.07,-0.074,-0.039
0.023,-0.047,-0.088,-0.071,-0.074,-0.04
0.022,-0.047,-0.088,-0.072,-0.074,-0.041
0.021,-0.047,-0.088,-0.072,-0.074,-0.042
0.02,-0.047,-0.088,-0.072,-0.074,-0.042
0.019,-0.047,-0.088,-0.072,-0.075,-0.043
0.018,-0.048,-0.088,-0.072,-0.075,-0.043
0.017,-0.048,-0.087,-0.072,-0.075,-0.044
0.016,-0.049,-0.087,-0.072,-0.075,-0.044
0.015,-0.049,-0.087,-0.071,-0.075,-0.044
0.014,-0.05,-0.087,-0.07,-0.075,-0.045
0.013,-0.051,-0.087,-0.07,-0.075,-0.045
0.012,-0.052,-0.087,-0.069,-0.075,-0.045
0.012,-0.052,-0.087,-0.068,-0.075,-0.045
0.011,-0.053,-0.087,-0.067,-0.075,-0.045
0.011,-0.054,-0.087,-0.066,-0.075,-0.045
0.011,-0.055,-0.087,-0.065,-0.074,-0.045
0.011,-0.055,-0.087,-0.064,-0.074,-0.045
0.011,-0.056,-0.087,-0.063,-0.074,-0.045
0.012,-0.056,-0.087,-0.061,-0.074,-0.045
0.012,-0.057,-0.087,-0.06,-0.074,-0.044
0.013,-0.057,-0.087,-0.059,-0.073,-0.044
0.014,-0.058,-0.087,-0.058,-0.073,-0.044
0.015,-0.058,-0.087,-0.057,-0.073,-0.044
0.016,-0.058,-0.087,-0.056,-0.073,-0.044
0.018,-0.058,-0.087,-0.055,-0.073,-0.044
0.019,-0.059,-0.087,-0.054,-0.072,-0.044
0.021,-0.059,-0.087,-0.053,-0.072,-0.045
0.022,-0.059,-0.087,-0.052,-0.072,-0.045
0.023,-0.058,-0.087,-0.052,-0.072,-0.045
0.025,-0.058,-0.088,-0.051,-0.072,-0.045
0.026,-0.058,-0.088,-0.05,-0.072,-0.045
0.028,-0.058,-0.088,-0.05,-0.072,-0.045
0.029,-0.057,-0.088,-0.049,-0.072,-0.046
0.03,-0.057,-0.088,-0.049,-0.072,-0.046
0.031,-0.057,-0.088,-0.049,-0.072,-0.046
0.032,-0.056,-0.088,-0.048,-0.072,-0.046
0.033,-0.056,-0.089,-0.048,-0.073,-0.046
0.034,-0.055,-0.089,-0.047,-0.073,-0.047
0.034,-0.055,-0.089,-0.047,-0.073,-0.047
0.035,-0.054,-0.089,-0.047,-0.074,-0.047
0.035,-0.054,-0.089,-0.046,-0.074,-0.047
0.035,-0.053,-0.089,-0.046,-0.074,-0.047
0.035,-0.053,-0.09,-0.046,-0.074,-0.047
0.035,-0.053,-0.09,-0.045,-0.075,-0.047
0.035,-0.052,-0.09,-0.045,-0.075,-0.047
0.035,-0.052,-0.09,-0.045,-0.075,-0.047
0.035,-0.051,-0.09,-0.044,-0.075,-0.047
0.034,-0.051,-0.091,-0.044,-0.075,-0.047
0.034,-0.051,-0.091,-0.043,-0.075,-0.047
0.033,-0.05,-0.091,-0.043,-0.075,-0.047
0.032,-0.05,-0.091,-0.043,-0.075,-0.047
0.032,-0.05,-0.092,-0.043,-0.075,-0.047
0.031,-0.05,-0.092,-0.043,-0.074,-0.047
0.03,-0.05,-0.092,-0.043,-0.074,-0.047
0.03,-0.05,-0.092,-0.043,-0.073,-0.047
0.029,-0.05,-0.092,-0.043,-0.073,-0.047
0.028,-0.05,-0.092,-0.043,-0.072,-0.047
0.027,-0.05,-0.093,-0.043,-0.071,-0.047
0.026,-0.051,-0.093,-0.044,-0.07,-0.047
0.026,-0.051,-0.093,-0.044,-0.069,-0.047
0.025,-0.051,-0.093,-0.045,-0.068,-0.047
0.024,-0.052,-0.092,-0.046,-0.067,-0.047
0.024,-0.052,-0.092,-0.047,-0.066,-0.048
0.023,-0.053,-0.092,-0.048,-0.066,-0.048
0.023,-0.053,-0.092,-0.049,-0.065,-0.048
0.023,-0.054,-0.091,-0.05,-0.064,-0.048
0.022,-0.054,-0.091,-0.051,-0.063,-0.048
0.022,-0.055,-0.091,-0.052,-0.063,-0.048
0.022,-0.055,-0.09,-0.053,-0.062,-0.049
0.022,-0.056,-0.09,-0.054,-0.062,-0.049
0.022,-0.056,-0.089,-0.055,-0.062,-0.049
0.022,-0.056,-0.089,-0.056,-0.062,-0.049
0.022,-0.056,-0.088,-0.057,-0.062,-0.049
0.022,-0.056,-0.087,-0.058,-0.062,-0.049
0.022,-0.056,-0.087,-0.058,-0.062,-0.049
0.022,-0.056,-0.086,-0.058,-0.063,-0.049
0.022,-0.056,-0.085,-0.059,-0.063,-0.049
0.023,-0.056,-0.085,-0.059,-0.064,-0.049
0.023,-0.056,-0.084,-0.059,-0.064,-0.048
0.023,-0.055,-0.084,-0.058,-0.065,-0.048
0.024,-0.055,-0.083,-0.058,-0.066,-0.048
0.024,-0.054,-0.083,-0.057,-0.067,-0.047
0.025,-0.053,-0.082,-0.056,-0.068,-0.047
0.025,-0.053,-0.082,-0.055,-0.068,-0.047
0.026,-0.052,-0.082,-0.054,-0.069,-0.046
0.026,-0.051,-0.081,-0.053,-0.07,-0.046
0.027,-0.051,-0.081,-0.052,-0.07,-0.046
0.028,-0.05,-0.081,-0.051,-0.071,-0.045
0.028,-0.049,-0.082,-0.05,-0.071,-0.045
0.029,-0.049,-0.082,-0.048,-0.071,-0.045
0.03,-0.048,-0.082,-0.047,-0.071,-0.045
0.031,-0.047,-0.083,-0.046,-0.071,-0.045
0.031,-0.047,-0.083,-0.045,-0.071,-0.045
0.032,-0.046,-0.084,-0.044,-0.071,-0.045
0.033,-0.046,-0.085,-0.043,-0.071,-0.045
0.034,-0.045,-0.086,-0.043,-0.07,-0.045
0.035,-0.045,-0.087,-0.042,-0.07,-0.045
0.036,-0.044,-0.088,-0.042,-0.069,-0.046
0.037,-0.044,-0.09,-0.042,-0.068,-0.046
0.038,-0.044,-0.091,-0.041,-0.067,-0.046
0.039,-0.044,-0.093,-0.042,-0.067,-0.047
0.04,-0.043,-0.094,-0.042,-0.066,-0.047
0.041,-0.043,-0.096,-0.042,-0.065,-0.047
0.042,-0.043,-0.098,-0.042,-0.064,-0.048
0.043,-0.043,-0.099,-0.043,-0.063,-0.048
0.044,-0.042,-0.101,-0.043,-0.063,-0.049
0.045,-0.042,-0.103,-0.044,-0.062,-0.049
0.046,-0.042,-0.104,-0.044,-0.061,-0.049
0.047,-0.042,-0.106,-0.045,-0.061,-0.049
0.047,-0.041,-0.108,-0.045,-0.06,-0.049
0.048,-0.041,-0.109,-0.046,-0.06,-0.049
0.048,-0.041,-0.11,-0.046,-0.06,-0.049
0.048,-0.04,-0.111,-0.046,-0.059,-0.049
0.049,-0.04,-0.113,-0.046,-0.059,-0.049
0.049,-0.039,-0.113,-0.046,-0.059,-0.049
0.049,-0.039,-0.114,-0.046,-0.059,-0.048
0.048,-0.038,-0.115,-0.045,-0.059,-0.048
0.048,-0.038,-0.115,-0.045,-0.06,-0.047
0.048,-0.038,-0.115,-0.044,-0.06,-0.047
0.047,-0.037,-0.115,-0.043,-0.06,-0.046
0.047,-0.037,-0.115,-0.042,-0.06,-0.046
0.046,-0.037,-0.114,-0.04,-0.061,-0.045
0.046,-0.036,-0.113,-0.039,-0.061,-0.045
0.045,-0.036,-0.113,-0.037,-0.061,-0.044
0.044,-0.036,-0.111,-0.035,-0.061,-0.043
0.044,-0.036,-0.11,-0.034,-0.062,-0.043
0.043,-0.036,-0.109,-0.032,-0.062,-0.043
0.042,-0.036,-0.107,-0.03,-0.062,-0.042
0.042,-0.036,-0.106,-0.028,-0.062,-0.042
0.041,-0.036,-0.104,-0.025,-0.062,-0.042
0.041,-0.037,-0.102,-0.023,-0.062,-0.042
0.04,-0.037,-0.101,-0.021,-0.061,-0.041
0.04,-0.037,-0.099,-0.02,-0.061,-0.041
0.04,-0.038,-0.097,-0.018,-0.061,-0.041
0.04,-0.038,-0.095,-0.016,-0.06,-0.042
0.04,-0.039,-0.094,-0.014,-0.06,-0.042
0.04,-0.039,-0.092,-0.013,-0.059,-0.042
0.041,-0.039,-0.09,-0.012,-0.058,-0.042
0.041,-0.04,-0.089,-0.011,-0.058,-0.042
0.042,-0.04,-0.087,-0.01,-0.057,-0.042
0.042,-0.04,-0.086,-0.009,-0.056,-0.042
0.043,-0.04,-0.085,-0.009,-0.056,-0.042
0.044,-0.041,-0.084,-0.008,-0.055,-0.042
0.045,-0.041,-0.083,-0.008,-0.054,-0.043
0.045,-0.041,-0.083,-0.009,-0.054,-0.043
0.046,-0.04,-0.082,-0.009,-0.053,-0.042
0.047,-0.04,-0.082,-0.009,-0.053,-0.042
0.048,-0.04,-0.082,-0.01,-0.052,-0.042
0.049,-0.04,-0.082,-0.011,-0.052,-0.042
0.05,-0.039,-0.083,-0.012,-0.052,-0.042
0.051,-0.038,-0.083,-0.013,-0.052,-0.042
0.051,-0.038,-0.084,-0.015,-0.052,-0.041
0.052,-0.037,-0.085,-0.016,-0.052,-0.041
0.053,-0.036,-0.086,-0.017,-0.053,-0.041
0.053,-0.035,-0.087,-0.019,-0.053,-0.041
0.054,-0.035,-0.088,-0.02,-0.053,-0.04
0.054,-0.034,-0.09,-0.022,-0.054,-0.04
0.055,-0.033,-0.091,-0.023,-0.055,-0.04
0.055,-0.032,-0.093,-0.024,-0.055,-0.04
0.055,-0.031,-0.094,-0.026,-0.056,-0.039
0.056,-0.03,-0.096,-0.027,-0.057,-0.039
0.056,-0.029,-0.097,-0.028,-0.057,-0.039
0.056,-0.028,-0.099,-0.029,-0.058,-0.039
0.056,-0.027,-0.1,-0.03,-0.059,-0.038
0.057,-0.027,-0.102,-0.03,-0.059,-0.038
0.057,-0.026,-0.103,-0.031,-0.06,-0.038
0.057,-0.025,-0.104,-0.031,-0.06,-0.038
0.057,-0.025,-0.105,-0.032,-0.06,-0.038
0.058,-0.024,-0.106,-0.032,-0.06,-0.038
0.058,-0.024,-0.106,-0.032,-0.06,-0.038
0.058,-0.024,-0.107,-0.032,-0.06,-0.038
0.059,-0.023,-0.107,-0.031,-0.06,-0.038
0.059,-0.023,-0.107,-0.031,-0.059,-0.038
0.059,-0.023,-0.107,-0.03,-0.059,-0.038
0.06,-0.023,-0.107,-0.03,-0.058,-0.038
0.06,-0.023,-0.107,-0.029,-0.057,-0.037
0.061,-0.023,-0.106,-0.029,-0.056,-0.037
0.061,-0.024,-0.106,-0.028,-0.055,-0.037
0.061,-0.024,-0.105,-0.027,-0.054,-0.037
0.062,-0.024,-0.105,-0.026,-0.052,-0.037
0.062,-0.024,-0.104,-0.026,-0.051,-0.037
0.062,-0.025,-0.103,-0.025,-0.05,-0.038
0.062,-0.025,-0.102,-0.024,-0.048,-0.038
0.062,-0.025,-0.101,-0.024,-0.047,-0.038
0.062,-0.025,-0.101,-0.023,-0.045,-0.038
0.062,-0.026,-0.1,-0.023,-0.044,-0.038
0.061,-0.026,-0.099,-0.022,-0.042,-0.038
0.06,-0.026,-0.099,-0.022,-0.041,-0.038
0.06,-0.026,-0.098,-0.021,-0.039,-0.038
0.059,-0.026,-0.098,-0.021,-0.038,-0.038
0.058,-0.026,-0.098,-0.021,-0.037,-0.038
0.057,-0.026,-0.098,-0.02,-0.036,-0.038
0.055,-0.025,-0.098,-0.02,-0.034,-0.038
0.054,-0.025,-0.098,-0.02,-0.034,-0.038
0.053,-0.025,-0.098,-0.02,-0.033,-0.038
0.051,-0.024,-0.099,-0.02,-0.032,-0.038
0.049,-0.024,-0.099,-0.02,-0.031,-0.038
0.048,-0.023,-0.1,-0.02,-0.031,-0.038
0.046,-0.023,-0.101,-0.02,-0.03,-0.038
0.045,-0.022,-0.102,-0.02,-0.03,-0.038
0.043,-0.021,-0.103,-0.02,-0.03,-0.037
0.041,-0.021,-0.104,-0.021,-0.03,-0.037
0.04,-0.02,-0.105,-0.021,-0.03,-0.037
0.038,-0.019,-0.107,-0.021,-0.03,-0.037
0.037,-0.019,-0.108,-0.022,-0.03,-0.036
0.036,-0.018,-0.109,-0.022,-0.03,-0.036
0.035,-0.017,-0.11,-0.022,-0.031,-0.036
0.034,-0.017,-0.111,-0.023,-0.031,-0.035
0.034,-0.017,-0.112,-0.023,-0.032,-0.035
0.033,-0.016,-0.113,-0.024,-0.032,-0.034
0.033,-0.016,-0.114,-0.025,-0.033,-0.034
0.033,-0.016,-0.114,-0.025,-0.033,-0.034
0.033,-0.015,-0.115,-0.026,-0.034,-0.033
0.033,-0.015,-0.115,-0.026,-0.034,-0.033
0.034,-0.015,-0.115,-0.027,-0.035,-0.032
0.034,-0.015,-0.115,-0.028,-0.035,-0.032
0.035,-0.015,-0.115,-0.029,-0.036,-0.031
0.036,-0.015,-0.115,-0.03,-0.036,-0.031
0.037,-0.016,-0.115,-0.03,-0.037,-0.03
0.039,-0.016,-0.114,-0.031,-0.037,-0.03
0.04,-0.016,-0.114,-0.032,-0.038,-0.03
0.041,-0.016,-0.113,-0.033,-0.038,-0.029
0.043,-0.016,-0.112,-0.034,-0.038,-0.029
0.044,-0.017,-0.111,-0.034,-0.039,-0.029
0.045,-0.017,-0.11,-0.035,-0.039,-0.028
0.047,-0.017,-0.109,-0.036,-0.039,-0.028
0.048,-0.018,-0.108,-0.036,-0.039,-0.028
0.049,-0.018,-0.107,-0.037,-0.039,-0.027
0.05,-0.018,-0.105,-0.038,-0.04,-0.027
0.051,-0.018,-0.104,-0.038,-0.04,-0.027
0.052,-0.019,-0.102,-0.038,-0.04,-0.027
0.053,-0.019,-0.101,-0.039,-0.04,-0.026
0.054,-0.019,-0.1,-0.039,-0.039,-0.026
0.054,-0.019,-0.098,-0.039,-0.039,-0.026
0.055,-0.019,-0.097,-0.039,-0.039,-0.026
0.055,-0.02,-0.096,-0.038,-0.039,-0.025
0.055,-0.02,-0.095,-0.038,-0.039,-0.025
0.055,-0.02,-0.094,-0.038,-0.039,-0.025
0.055,-0.02,-0.093,-0.037,-0.038,-0.025
0.055,-0.02,-0.092,-0.036,-0.038,-0.024
0.055,-0.021,-0.092,-0.036,-0.038,-0.024
0.054,-0.021,-0.091,-0.035,-0.037,-0.024
0.054,-0.021,-0.091,-0.034,-0.037,-0.023
0.054,-0.021,-0.091,-0.033,-0.037,-0.023
0.053,-0.022,-0.091,-0.032,-0.037,-0.022
0.053,-0.022,-0.091,-0.031,-0.036,-0.022
0.053,-0.022,-0.092,-0.03,-0.036,-0.022
0.052,-0.023,-0.093,-0.029,-0.036,-0.021
0.052,-0.023,-0.094,-0.028,-0.036,-0.021
0.052,-0.023,-0.095,-0.027,-0.035,-0.021
0.051,-0.024,-0.096,-0.026,-0.035,-0.021
0.051,-0.024,-0.097,-0.025,-0.035,-0.021
0.051,-0.024,-0.098,-0.024,-0.035,-0.02
0.051,-0.025,-0.1,-0.023,-0.035,-0.02
0.051,-0.025,-0.101,-0.022,-0.035,-0.02
0.051,-0.026,-0.103,-0.022,-0.035,-0.02
0.051,-0.026,-0.104,-0.021,-0.035,-0.02
0.051,-0.026,-0.105,-0.02,-0.035,-0.021
0.051,-0.026,-0.106,-0.02,-0.035,-0.021
0.052,-0.027,-0.107,-0.019,-0.035,-0.021
0.052,-0.027,-0.108,-0.019,-0.036,-0.021
0.052,-0.027,-0.109,-0.018,-0.036,-0.022
0.052,-0.027,-0.11,-0.018,-0.036,-0.022
0.052,-0.027,-0.11,-0.018,-0.036,-0.022
0.053,-0.027,-0.11,-0.017,-0.036,-0.023
0.053,-0.027,-0.11,-0.017,-0.036,-0.023
0.053,-0.027,-0.11,-0.017,-0.036,-0.024
0.053,-0.027,-0.109,-0.017,-0.036,-0.024
0.053,-0.026,-0.109,-0.017,-0.036,-0.024
0.053,-0.026,-0.108,-0.017,-0.036,-0.025
0.053,-0.025,-0.107,-0.017,-0.036,-0.025
0.053,-0.025,-0.106,-0.017,-0.036,-0.025
0.053,-0.024,-0.104,-0.017,-0.036,-0.026
0.053,-0.024,-0.103,-0.017,-0.037,-0.026
0.053,-0.023,-0.101,-0.017,-0.037,-0.026
0.052,-0.022,-0.1,-0.017,-0.037,-0.026
0.052,-0.022,-0.098,-0.017,-0.037,-0.027
0.052,-0.021,-0.096,-0.017,-0.037,-0.027
0.052,-0.02,-0.095,-0.017,-0.037,-0.027
0.051,-0.02,-0.093,-0.017,-0.037,-0.027
0.051,-0.019,-0.092,-0.017,-0.038,-0.027
0.05,-0.018,-0.09,-0.017,-0.038,-0.027
0.05,-0.018,-0.089,-0.017,-0.038,-0.027
0.05,-0.017,-0.088,-0.018,-0.039,-0.027
0.049,-0.017,-0.087,-0.018,-0.039,-0.027
0.049,-0.016,-0.086,-0.018,-0.039,-0.027
0.049,-0.016,-0.085,-0.019,-0.04,-0.027
0.049,-0.016,-0.084,-0.019,-0.04,-0.027
0.049,-0.016,-0.084,-0.02,-0.041,-0.027
0.049,-0.016,-0.083,-0.02,-0.041,-0.027
0.049,-0.016,-0.083,-0.021,-0.042,-0.027
0.049,-0.016,-0.083,-0.021,-0.042,-0.027
0.049,-0.016,-0.083,-0.022,-0.043,-0.028
0.049,-0.016,-0.083,-0.023,-0.043,-0.028
0.049,-0.017,-0.084,-0.023,-0.044,-0.028
0.05,-0.017,-0.084,-0.024,-0.044,-0.028
0.05,-0.018,-0.085,-0.025,-0.045,-0.029
0.05,-0.019,-0.085,-0.025,-0.045,-0.029
0.051,-0.019,-0.086,-0.026,-0.045,-0.029
0.051,-0.02,-0.087,-0.026,-0.045,-0.03
0.051,-0.021,-0.088,-0.027,-0.046,-0.03
0.052,-0.022,-0.089,-0.027,-0.046,-0.03
0.052,-0.023,-0.09,-0.028,-0.046,-0.03
0.053,-0.023,-0.09,-0.028,-0.046,-0.031
0.053,-0.024,-0.091,-0.028,-0.046,-0.031
0.053,-0.025,-0.092,-0.029,-0.046,-0.031
0.053,-0.026,-0.093,-0.029,-0.046,-0.032
0.053,-0.027,-0.093,-0.029,-0.046,-0.032
0.053,-0.028,-0.094,-0.029,-0.046,-0.032
0.053,-0.028,-0.094,-0.029,-0.045,-0.032
0.053,-0.029,-0.095,-0.029,-0.045,-0.032
0.053,-0.03,-0.095,-0.029,-0.045,-0.032
0.053,-0.03,-0.095,-0.029,-0.045,-0.032
0.052,-0.031,-0.095,-0.029,-0.045,-0.032
0.052,-0.031,-0.095,-0.029,-0.044,-0.032
0.051,-0.031,-0.095,-0.028,-0.044,-0.031
0.051,-0.032,-0.094,-0.028,-0.044,-0.031
0.05,-0.032,-0.094,-0.028,-0.044,-0.031
0.05,-0.032,-0.093,-0.028,-0.044,-0.03
0.05,-0.032,-0.093,-0.027,-0.044,-0.03
0.049,-0.032,-0.092,-0.027,-0.044,-0.03
0.049,-0.032,-0.091,-0.027,-0.044,-0.029
0.048,-0.032,-0.09,-0.027,-0.044,-0.029
0.048,-0.032,-0.089,-0.027,-0.044,-0.028
0.048,-0.032,-0.088,-0.026,-0.044,-0.027
0.048,-0.032,-0.087,-0.026,-0.045,-0.027
0.048,-0.032,-0.086,-0.026,-0.045,-0.026
0.048,-0.032,-0.084,-0.026,-0.045,-0.026
0.048,-0.032,-0.083,-0.026,-0.045,-0.025
0.048,-0.031,-0.082,-0.025,-0.046,-0.025
0.048,-0.031,-0.081,-0.025,-0.046,-0.024
0.049,-0.031,-0.08,-0.025,-0.046,-0.024
0.049,-0.031,-0.079,-0.025,-0.047,-0.023
0.05,-0.031,-0.078,-0.024,-0.047,-0.023
0.051,-0.031,-0.077,-0.024,-0.047,-0.023
0.052,-0.031,-0.076,-0.024,-0.047,-0.022
0.052,-0.03,-0.076,-0.023,-0.047,-0.022
0.053,-0.03,-0.075,-0.023,-0.047,-0.022
0.054,-0.03,-0.074,-0.022,-0.047,-0.022
0.055,-0.03,-0.074,-0.022,-0.047,-0.022
0.057,-0.03,-0.074,-0.021,-0.046,-0.023
0.058,-0.03,-0.073,-0.02,-0.046,-0.023
0.059,-0.03,-0.073,-0.02,-0.046,-0.023
0.06,-0.03,-0.073,-0.019,-0.045,-0.024
0.061,-0.03,-0.073,-0.019,-0.045,-0.024
0.062,-0.03,-0.073,-0.018,-0.044,-0.025
0.063,-0.03,-0.073,-0.017,-0.044,-0.026
0.064,-0.029,-0.074,-0.017,-0.043,-0.026
0.064,-0.029,-0.074,-0.016,-0.043,-0.027
0.065,-0.029,-0.075,-0.015,-0.042,-0.028
0.066,-0.028,-0.076,-0.015,-0.042,-0.029
0.066,-0.028,-0.077,-0.015,-0.042,-0.029
0.067,-0.027,-0.078,-0.014,-0.041,-0.03
0.067,-0.027,-0.079,-0.014,-0.041,-0.031
0.067,-0.026,-0.08,-0.014,-0.04,-0.032
0.068,-0.026,-0.082,-0.013,-0.04,-0.032
0.068,-0.025,-0.083,-0.013,-0.04,-0.033
0.068,-0.024,-0.085,-0.014,-0.04,-0.034
0.067,-0.023,-0.086,-0.014,-0.04,-0.034
0.067,-0.022,-0.088,-0.014,-0.04,-0.035
0.067,-0.021,-0.09,-0.015,-0.04,-0.035
0.067,-0.02,-0.092,-0.016,-0.04,-0.035
0.067,-0.019,-0.094,-0.017,-0.04,-0.036
0.067,-0.018,-0.096,-0.018,-0.04,-0.036
0.066,-0.016,-0.098,-0.019,-0.04,-0.036
0.066,-0.015,-0.1,-0.02,-0.04,-0.036
0.066,-0.014,-0.101,-0.022,-0.04,-0.035
0.066,-0.013,-0.103,-0.024,-0.04,-0.035
0.066,-0.012,-0.104,-0.025,-0.04,-0.035
0.066,-0.011,-0.106,-0.027,-0.04,-0.034
0.065,-0.01,-0.107,-0.029,-0.04,-0.034
0.066,-0.009,-0.108,-0.032,-0.04,-0.033
0.066,-0.008,-0.109,-0.034,-0.04,-0.032
0.066,-0.007,-0.109,-0.036,-0.04,-0.031
0.066,-0.006,-0.109,-0.038,-0.039,-0.031
0.066,-0.006,-0.11,-0.04,-0.039,-0.03
0.066,-0.005,-0.109,-0.042,-0.038,-0.029
0.067,-0.005,-0.109,-0.044,-0.038,-0.027
0.067,-0.004,-0.108,-0.046,-0.037,-0.026
0.067,-0.004,-0.107,-0.047,-0.036,-0.025
0.067,-0.004,-0.106,-0.049,-0.035,-0.024
0.067,-0.004,-0.105,-0.05,-0.035,-0.023
0.067,-0.004,-0.104,-0.05,-0.034,-0.022
0.068,-0.004,-0.102,-0.051,-0.033,-0.021
0.068,-0.004,-0.101,-0.051,-0.032,-0.019
0.068,-0.004,-0.099,-0.051,-0.031,-0.018
0.067,-0.004,-0.097,-0.05,-0.03,-0.017
0.067,-0.004,-0.096,-0.05,-0.029,-0.016
0.067,-0.004,-0.094,-0.048,-0.028,-0.016
0.067,-0.004,-0.092,-0.047,-0.027,-0.015
0.066,-0.004,-0.09,-0.045,-0.026,-0.014
0.066,-0.005,-0.089,-0.043,-0.025,-0.013
0.066,-0.005,-0.087,-0.041,-0.024,-0.013
0.065,-0.005,-0.085,-0.038,-0.023,-0.012
0.065,-0.005,-0.084,-0.036,-0.023,-0.011
0.065,-0.005,-0.082,-0.033,-0.022,-0.011
0.064,-0.005,-0.081,-0.03,-0.021,-0.011
0.064,-0.005,-0.08,-0.027,-0.02,-0.01
0.064,-0.005,-0.079,-0.023,-0.02,-0.01
0.064,-0.005,-0.078,-0.02,-0.019,-0.01
0.064,-0.004,-0.077,-0.017,-0.018,-0.01
0.064,-0.004,-0.076,-0.014,-0.018,-0.009
0.065,-0.004,-0.075,-0.011,-0.017,-0.009
0.065,-0.003,-0.074,-0.008,-0.017,-0.009
0.066,-0.002,-0.073,-0.005,-0.016,-0.009
0.067,-0.002,-0.072,-0.003,-0.015,-0.009
0.068,-0.001,-0.072,0,-0.015,-0.009
0.069,0,-0.071,0.002,-0.014,-0.009
0.07,0.001,-0.07,0.004,-0.014,-0.009
0.072,0.002,-0.07,0.006,-0.013,-0.009
0.073,0.003,-0.069,0.007,-0.013,-0.009
0.075,0.004,-0.068,0.009,-0.012,-0.009
0.077,0.005,-0.068,0.01,-0.012,-0.009
0.079,0.006,-0.067,0.011,-0.011,-0.009
0.081,0.007,-0.066,0.012,-0.011,-0.009
0.083,0.008,-0.066,0.013,-0.01,-0.009
0.085,0.01,-0.065,0.013,-0.01,-0.009
0.087,0.011,-0.064,0.014,-0.009,-0.009
0.089,0.012,-0.064,0.014,-0.009,-0.009
0.091,0.013,-0.063,0.014,-0.008,-0.009
0.093,0.015,-0.062,0.014,-0.008,-0.009
0.095,0.016,-0.062,0.014,-0.007,-0.009
0.097,0.017,-0.061,0.014,-0.007,-0.009
0.099,0.018,-0.061,0.013,-0.006,-0.009
0.1,0.019,-0.06,0.013,-0.006,-0.009
0.102,0.021,-0.06,0.013,-0.005,-0.009
0.103,0.022,-0.06,0.013,-0.005,-0.008
0.104,0.023,-0.059,0.012,-0.004,-0.008
0.105,0.024,-0.059,0.012,-0.004,-0.008
0.106,0.025,-0.058,0.012,-0.003,-0.007
0.106,0.026,-0.058,0.012,-0.003,-0.007
0.107,0.026,-0.058,0.012,-0.002,-0.007
0.107,0.027,-0.057,0.012,-0.002,-0.006
0.108,0.028,-0.057,0.012,-0.002,-0.006
0.108,0.029,-0.056,0.013,-0.001,-0.005
0.108,0.03,-0.056,0.013,-0.001,-0.005
0.108,0.03,-0.055,0.014,0,-0.004
0.109,0.031,-0.055,0.015,0,-0.004
0.109,0.032,-0.054,0.016,0,-0.003
0.109,0.032,-0.053,0.017,0.001,-0.003
0.109,0.033,-0.052,0.018,0.001,-0.002
0.109,0.034,-0.051,0.019,0.001,-0.001
0.11,0.034,-0.05,0.021,0.001,-0.001
0.11,0.035,-0.049,0.023,0.001,0
0.11,0.035,-0.048,0.024,0.001,0.001
0.111,0.036,-0.047,0.026,0.001,0.002
0.111,0.036,-0.045,0.027,0.001,0.002
0.112,0.036,-0.044,0.029,0.001,0.003
0.113,0.037,-0.043,0.031,0.001,0.004
0.113,0.037,-0.041,0.032,0.001,0.005
0.114,0.037,-0.04,0.034,0.001,0.006
0.115,0.037,-0.038,0.035,0.001,0.007
0.116,0.037,-0.037,0.036,0.001,0.008
0.117,0.037,-0.036,0.037,0.001,0.009
0.118,0.037,-0.035,0.038,0.001,0.01
0.119,0.037,-0.034,0.039,0.001,0.011
0.12,0.037,-0.033,0.039,0.001,0.012
0.121,0.036,-0.033,0.039,0.001,0.013
0.121,0.036,-0.032,0.039,0.001,0.014
0.122,0.035,-0.032,0.039,0.002,0.015
0.122,0.035,-0.032,0.038,0.002,0.016
0.123,0.034,-0.032,0.037,0.003,0.018
0.123,0.033,-0.032,0.036,0.003,0.019
0.123,0.032,-0.032,0.035,0.004,0.02
0.123,0.032,-0.032,0.034,0.005,0.021
0.122,0.031,-0.033,0.032,0.006,0.023
0.122,0.03,-0.033,0.031,0.007,0.024
0.121,0.029,-0.034,0.029,0.008,0.025
0.12,0.028,-0.034,0.027,0.009,0.026
0.119,0.027,-0.035,0.025,0.01,0.028
0.118,0.027,-0.036,0.024,0.012,0.029
0.117,0.026,-0.036,0.022,0.013,0.03
0.115,0.025,-0.037,0.02,0.015,0.031
0.114,0.024,-0.037,0.018,0.016,0.032
0.112,0.024,-0.037,0.017,0.017,0.032
0.111,0.023,-0.038,0.015,0.019,0.033
0.109,0.023,-0.038,0.014,0.02,0.034
0.108,0.022,-0.037,0.012,0.021,0.034
0.106,0.022,-0.037,0.011,0.023,0.034
0.104,0.021,-0.037,0.011,0.024,0.035
0.103,0.021,-0.036,0.01,0.025,0.035
0.102,0.02,-0.035,0.009,0.026,0.035
0.1,0.02,-0.034,0.009,0.026,0.034
0.099,0.02,-0.033,0.009,0.027,0.034
0.098,0.02,-0.032,0.01,0.028,0.033
0.097,0.02,-0.031,0.01,0.028,0.033
0.096,0.02,-0.03,0.011,0.028,0.032
0.095,0.019,-0.028,0.012,0.028,0.031
0.095,0.019,-0.027,0.013,0.028,0.03
0.094,0.019,-0.025,0.014,0.028,0.029
0.094,0.019,-0.024,0.015,0.028,0.027
0.094,0.019,-0.023,0.016,0.027,0.026
0.094,0.019,-0.021,0.018,0.027,0.025
0.094,0.019,-0.02,0.019,0.026,0.023
0.094,0.019,-0.019,0.021,0.025,0.022
0.095,0.018,-0.018,0.022,0.024,0.02
0.095,0.018,-0.018,0.024,0.023,0.019
0.096,0.018,-0.017,0.025,0.022,0.017
0.097,0.018,-0.017,0.027,0.021,0.015
0.097,0.017,-0.016,0.028,0.02,0.014
0.098,0.017,-0.016,0.029,0.019,0.012
0.099,0.016,-0.017,0.03,0.018,0.011
0.1,0.016,-0.017,0.031,0.017,0.01
0.101,0.015,-0.018,0.031,0.015,0.008
0.102,0.014,-0.018,0.032,0.014,0.007
0.103,0.013,-0.019,0.032,0.013,0.006
0.104,0.013,-0.02,0.032,0.012,0.005
0.105,0.012,-0.021,0.032,0.011,0.004
0.106,0.011,-0.022,0.032,0.009,0.003
0.106,0.01,-0.024,0.031,0.008,0.003
0.107,0.009,-0.025,0.031,0.007,0.002
0.108,0.008,-0.026,0.03,0.006,0.002
0.108,0.007,-0.028,0.029,0.005,0.002
0.109,0.006,-0.029,0.028,0.004,0.001
0.109,0.005,-0.031,0.028,0.003,0.001
0.11,0.004,-0.032,0.027,0.002,0.001
0.11,0.002,-0.034,0.025,0.001,0.001
0.11,0.001,-0.035,0.024,0,0.002
0.11,0,-0.036,0.023,-0.001,0.002
0.11,-0.001,-0.038,0.022,-0.002,0.002
0.11,-0.002,-0.039,0.021,-0.003,0.002
0.11,-0.003,-0.04,0.021,-0.004,0.003
0.11,-0.004,-0.041,0.02,-0.005,0.003
0.109,-0.005,-0.043,0.019,-0.006,0.003
0.109,-0.006,-0.044,0.018,-0.006,0.004
0.108,-0.007,-0.045,0.017,-0.007,0.004
0.108,-0.007,-0.045,0.017,-0.008,0.005
0.107,-0.008,-0.046,0.016,-0.009,0.005
0.107,-0.009,-0.047,0.016,-0.01,0.005
0.106,-0.01,-0.048,0.015,-0.01,0.005
0.105,-0.011,-0.048,0.015,-0.011,0.005
0.104,-0.012,-0.049,0.014,-0.011,0.006
0.104,-0.013,-0.049,0.014,-0.012,0.006
0.103,-0.014,-0.049,0.013,-0.012,0.006
0.102,-0.014,-0.05,0.013,-0.012,0.005
0.102,-0.015,-0.05,0.012,-0.012,0.005
0.101,-0.016,-0.05,0.011,-0.013,0.005
0.101,-0.017,-0.05,0.011,-0.013,0.005
0.1,-0.018,-0.049,0.01,-0.013,0.004
0.1,-0.019,-0.049,0.009,-0.013,0.004
0.099,-0.02,-0.049,0.008,-0.013,0.003
0.099,-0.021,-0.048,0.008,-0.012,0.002
0.099,-0.022,-0.048,0.007,-0.012,0.001
0.099,-0.023,-0.047,0.006,-0.012,0
0.099,-0.024,-0.047,0.005,-0.012,-0.001
0.099,-0.025,-0.046,0.004,-0.012,-0.002
0.099,-0.026,-0.045,0.003,-0.012,-0.004
0.099,-0.027,-0.045,0.002,-0.013,-0.005
0.099,-0.028,-0.044,0.001,-0.013,-0.007
0.099,-0.029,-0.043,0.001,-0.013,-0.008
0.099,-0.03,-0.042,0,-0.014,-0.01
0.1,-0.031,-0.041,-0.001,-0.014,-0.012
0.1,-0.032,-0.041,-0.001,-0.015,-0.014
0.1,-0.032,-0.04,-0.002,-0.016,-0.016
0.1,-0.033,-0.039,-0.002,-0.017,-0.018
0.1,-0.034,-0.038,-0.002,-0.017,-0.02
0.1,-0.035,-0.038,-0.002,-0.019,-0.022
0.1,-0.036,-0.037,-0.002,-0.02,-0.024
0.1,-0.036,-0.036,-0.002,-0.021,-0.026
0.1,-0.037,-0.036,-0.001,-0.022,-0.028
0.099,-0.038,-0.036,-0.001,-0.024,-0.03
0.099,-0.038,-0.036,0,-0.025,-0.032
0.098,-0.039,-0.036,0,-0.026,-0.034
0.098,-0.04,-0.036,0.001,-0.028,-0.036
0.097,-0.04,-0.036,0.001,-0.029,-0.037
0.096,-0.041,-0.037,0.002,-0.031,-0.039
0.095,-0.041,-0.038,0.003,-0.032,-0.041
0.094,-0.041,-0.039,0.003,-0.033,-0.042
0.093,-0.042,-0.04,0.004,-0.035,-0.044
0.092,-0.042,-0.041,0.004,-0.036,-0.045
0.091,-0.042,-0.043,0.004,-0.037,-0.046
0.089,-0.043,-0.045,0.004,-0.039,-0.047
0.088,-0.043,-0.047,0.004,-0.04,-0.048
0.087,-0.043,-0.049,0.004,-0.041,-0.049
0.085,-0.043,-0.052,0.004,-0.042,-0.05
0.084,-0.043,-0.055,0.003,-0.043,-0.05
0.083,-0.043,-0.058,0.002,-0.044,-0.051
0.082,-0.043,-0.061,0.001,-0.045,-0.052
0.08,-0.043,-0.064,0,-0.046,-0.052
0.079,-0.043,-0.067,-0.001,-0.047,-0.052
0.078,-0.043,-0.07,-0.003,-0.048,-0.053
0.077,-0.043,-0.073,-0.004,-0.049,-0.053
0.076,-0.043,-0.077,-0.006,-0.05,-0.054
0.075,-0.042,-0.08,-0.008,-0.051,-0.054
0.074,-0.042,-0.083,-0.01,-0.052,-0.054
0.073,-0.042,-0.086,-0.012,-0.053,-0.055
0.073,-0.042,-0.09,-0.014,-0.053,-0.055
0.072,-0.041,-0.092,-0.016,-0.054,-0.055
0.071,-0.041,-0.095,-0.018,-0.055,-0.055
0.071,-0.041,-0.098,-0.02,-0.055,-0.056
0.07,-0.041,-0.1,-0.021,-0.056,-0.056
0.07,-0.04,-0.102,-0.023,-0.057,-0.056
0.069,-0.04,-0.104,-0.025,-0.057,-0.057
0.069,-0.04,-0.106,-0.027,-0.057,-0.057
0.068,-0.039,-0.107,-0.029,-0.058,-0.057
0.067,-0.039,-0.108,-0.03,-0.058,-0.058
0.067,-0.039,-0.109,-0.032,-0.058,-0.058
0.066,-0.039,-0.11,-0.033,-0.058,-0.058
0.065,-0.039,-0.11,-0.035,-0.058,-0.059
0.064,-0.039,-0.11,-0.036,-0.058,-0.059
0.063,-0.039,-0.11,-0.037,-0.058,-0.059
0.062,-0.039,-0.11,-0.038,-0.058,-0.059
0.06,-0.039,-0.109,-0.039,-0.058,-0.059
0.059,-0.039,-0.109,-0.04,-0.057,-0.059
0.057,-0.039,-0.108,-0.041,-0.057,-0.059
0.056,-0.039,-0.107,-0.042,-0.057,-0.059
0.054,-0.039,-0.106,-0.042,-0.057,-0.059
0.052,-0.04,-0.104,-0.043,-0.056,-0.059
0.051,-0.04,-0.103,-0.044,-0.056,-0.059
0.049,-0.041,-0.102,-0.044,-0.056,-0.059
0.047,-0.041,-0.1,-0.045,-0.055,-0.058
0.045,-0.042,-0.099,-0.045,-0.055,-0.058
0.043,-0.042,-0.098,-0.045,-0.055,-0.058
0.042,-0.043,-0.097,-0.046,-0.055,-0.058
0.04,-0.043,-0.096,-0.046,-0.055,-0.057
0.039,-0.044,-0.095,-0.046,-0.055,-0.057
0.037,-0.045,-0.094,-0.046,-0.055,-0.056
0.036,-0.045,-0.093,-0.046,-0.056,-0.056
0.035,-0.046,-0.092,-0.046,-0.056,-0.056
0.034,-0.046,-0.092,-0.046,-0.056,-0.055
0.033,-0.047,-0.092,-0.046,-0.057,-0.055
0.032,-0.047,-0.092,-0.046,-0.057,-0.054
0.031,-0.047,-0.092,-0.046,-0.058,-0.054
0.031,-0.047,-0.092,-0.045,-0.058,-0.053
0.031,-0.047,-0.092,-0.045,-0.059,-0.053
0.031,-0.047,-0.092,-0.045,-0.059,-0.053
0.031,-0.047,-0.093,-0.044,-0.06,-0.052
0.031,-0.047,-0.094,-0.044,-0.06,-0.052
0.032,-0.047,-0.094,-0.043,-0.061,-0.051
0.033,-0.047,-0.095,-0.043,-0.062,-0.051
0.033,-0.046,-0.096,-0.043,-0.062,-0.051
0.034,-0.046,-0.097,-0.042,-0.063,-0.05
0.035,-0.045,-0.097,-0.042,-0.063,-0.05
0.037,-0.044,-0.098,-0.041,-0.063,-0.05
0.038,-0.044,-0.099,-0.041,-0.064,-0.049
0.039,-0.043,-0.1,-0.041,-0.064,-0.049
0.041,-0.042,-0.1,-0.04,-0.064,-0.049
0.042,-0.042,-0.101,-0.04,-0.064,-0.049
0.044,-0.041,-0.102,-0.04,-0.064,-0.049
0.045,-0.04,-0.102,-0.04,-0.064,-0.048
0.047,-0.039,-0.102,-0.039,-0.064,-0.048
0.049,-0.039,-0.103,-0.039,-0.064,-0.048
0.05,-0.038,-0.103,-0.04,-0.064,-0.048
0.052,-0.037,-0.103,-0.04,-0.063,-0.048
0.054,-0.037,-0.103,-0.04,-0.063,-0.048
0.055,-0.036,-0.103,-0.04,-0.063,-0.048
0.057,-0.036,-0.103,-0.041,-0.062,-0.048
0.058,-0.036,-0.103,-0.041,-0.062,-0.048
0.059,-0.035,-0.103,-0.042,-0.061,-0.048
0.061,-0.035,-0.103,-0.043,-0.061,-0.049
0.062,-0.035,-0.103,-0.044,-0.06,-0.049
0.063,-0.035,-0.103,-0.044,-0.059,-0.049
0.064,-0.035,-0.103,-0.045,-0.059,-0.049
0.064,-0.035,-0.102,-0.046,-0.058,-0.049
0.065,-0.035,-0.102,-0.048,-0.057,-0.05
0.065,-0.035,-0.102,-0.049,-0.057,-0.05
0.066,-0.035,-0.102,-0.05,-0.056,-0.05
0.066,-0.035,-0.103,-0.051,-0.055,-0.05
0.066,-0.035,-0.103,-0.052,-0.054,-0.051
0.066,-0.036,-0.103,-0.053,-0.054,-0.051
0.065,-0.036,-0.103,-0.054,-0.053,-0.051
0.065,-0.036,-0.103,-0.055,-0.053,-0.051
0.064,-0.037,-0.104,-0.056,-0.052,-0.051
0.064,-0.037,-0.104,-0.057,-0.052,-0.051
0.063,-0.038,-0.104,-0.057,-0.052,-0.051
0.062,-0.038,-0.104,-0.058,-0.051,-0.051
0.061,-0.039,-0.105,-0.058,-0.051,-0.051
0.06,-0.039,-0.105,-0.059,-0.051,-0.051
0.059,-0.04,-0.105,-0.059,-0.051,-0.051
0.057,-0.04,-0.105,-0.059,-0.051,-0.051
0.056,-0.041,-0.105,-0.059,-0.051,-0.051
0.055,-0.041,-0.105,-0.059,-0.051,-0.05
0.054,-0.042,-0.105,-0.059,-0.051,-0.05
0.053,-0.042,-0.105,-0.059,-0.052,-0.05
0.052,-0.042,-0.105,-0.059,-0.052,-0.049
0.05,-0.043,-0.105,-0.059,-0.053,-0.049
0.049,-0.043,-0.104,-0.058,-0.053,-0.049
0.048,-0.043,-0.104,-0.058,-0.054,-0.048
0.047,-0.043,-0.103,-0.057,-0.054,-0.048
0.046,-0.043,-0.103,-0.057,-0.055,-0.048
0.045,-0.044,-0.102,-0.056,-0.055,-0.048
0.044,-0.044,-0.101,-0.056,-0.056,-0.047
0.043,-0.044,-0.101,-0.055,-0.057,-0.047
0.042,-0.044,-0.1,-0.054,-0.057,-0.047
0.041,-0.044,-0.099,-0.054,-0.058,-0.047
0.04,-0.044,-0.099,-0.054,-0.059,-0.048
0.039,-0.044,-0.098,-0.053,-0.06,-0.048
0.037,-0.045,-0.098,-0.053,-0.061,-0.048
0.036,-0.045,-0.098,-0.053,-0.062,-0.049
0.035,-0.045,-0.098,-0.053,-0.063,-0.05
0.033,-0.046,-0.098,-0.053,-0.064,-0.05
0.031,-0.046,-0.099,-0.054,-0.065,-0.051
0.03,-0.047,-0.099,-0.054,-0.066,-0.053
0.027,-0.048,-0.1,-0.055,-0.068,-0.054
0.025,-0.049,-0.101,-0.056,-0.069,-0.055
0.023,-0.05,-0.103,-0.057,-0.071,-0.057
0.02,-0.052,-0.105,-0.058,-0.072,-0.059
0.018,-0.053,-0.107,-0.06,-0.074,-0.061
0.015,-0.055,-0.109,-0.061,-0.076,-0.063
0.012,-0.057,-0.111,-0.063,-0.078,-0.065
0.009,-0.059,-0.114,-0.065,-0.08,-0.068
0.006,-0.061,-0.117,-0.067,-0.082,-0.07
0.003,-0.063,-0.119,-0.069,-0.084,-0.073
-0.001,-0.065,-0.123,-0.072,-0.087,-0.075
-0.004,-0.067,-0.126,-0.074,-0.089,-0.078
-0.007,-0.07,-0.129,-0.076,-0.091,-0.081
-0.01,-0.072,-0.132,-0.079,-0.094,-0.083
-0.013,-0.074,-0.135,-0.081,-0.096,-0.086
-0.016,-0.076,-0.137,-0.084,-0.098,-0.089
-0.019,-0.078,-0.14,-0.086,-0.1,-0.091
-0.021,-0.08,-0.142,-0.088,-0.102,-0.093
-0.023,-0.082,-0.144,-0.09,-0.104,-0.095
-0.025,-0.083,-0.146,-0.092,-0.105,-0.097
-0.026,-0.084,-0.147,-0.093,-0.107,-0.099
-0.027,-0.084,-0.148,-0.094,-0.108,-0.1
-0.027,-0.085,-0.148,-0.095,-0.108,-0.1
-0.027,-0.085,-0.147,-0.095,-0.108,-0.101
-0.026,-0.084,-0.146,-0.095,-0.108,-0.1
-0.024,-0.083,-0.144,-0.094,-0.107,-0.1
-0.022,-0.081,-0.142,-0.093,-0.106,-0.098
-0.019,-0.078,-0.138,-0.09,-0.104,-0.097
-0.015,-0.075,-0.134,-0.088,-0.102,-0.094
-0.011,-0.072,-0.13,-0.084,-0.098,-0.091
-0.005,-0.067,-0.124,-0.08,-0.095,-0.087
0.001,-0.062,-0.118,-0.075,-0.09,-0.082
0.008,-0.056,-0.111,-0.069,-0.085,-0.077
0.016,-0.05,-0.103,-0.063,-0.079,-0.071
0.025,-0.043,-0.094,-0.055,-0.072,-0.064
0.034,-0.035,-0.085,-0.047,-0.065,-0.057
0.045,-0.026,-0.075,-0.038,-0.056,-0.049
0.056,-0.017,-0.064,-0.028,-0.047,-0.04
0.068,-0.006,-0.052,-0.017,-0.037,-0.03
0.081,0.005,-0.04,-0.005,-0.026,-0.019
0.095,0.016,-0.027,0.008,-0.015,-0.008
0.109,0.029,-0.014,0.021,-0.002,0.004
0.125,0.042,0,0.036,0.011,0.016
0.141,0.056,0.015,0.051,0.026,0.03
0.157,0.071,0.03,0.067,0.041,0.044
0.175,0.087,0.046,0.084,0.057,0.059
0.193,0.103,0.063,0.102,0.074,0.074
0.212,0.12,0.08,0.121,0.092,0.091
0.231,0.138,0.098,0.14,0.112,0.108
0.252,0.156,0.117,0.161,0.132,0.125
0.273,0.175,0.136,0.182,0.153,0.144
0.294,0.195,0.156,0.204,0.175,0.163
0.317,0.216,0.177,0.227,0.198,0.183
0.34,0.238,0.198,0.251,0.222,0.204
0.364,0.26,0.22,0.275,0.247,0.225
0.389,0.283,0.243,0.3,0.273,0.248
0.415,0.307,0.267,0.326,0.3,0.271
0.441,0.332,0.292,0.353,0.328,0.295
0.468,0.358,0.317,0.381,0.356,0.32
0.496,0.384,0.344,0.409,0.386,0.345
0.525,0.411,0.371,0.438,0.417,0.372
0.554,0.439,0.399,0.468,0.449,0.399
0.584,0.468,0.427,0.498,0.481,0.427
0.615,0.497,0.457,0.529,0.514,0.456
0.647,0.527,0.487,0.56,0.548,0.485
0.679,0.558,0.517,0.592,0.582,0.515
0.711,0.589,0.549,0.624,0.617,0.546
0.744,0.621,0.58,0.657,0.652,0.577
0.778,0.653,0.612,0.689,0.688,0.609
0.811,0.685,0.645,0.722,0.723,0.641
0.845,0.718,0.677,0.754,0.759,0.673
0.879,0.75,0.709,0.787,0.795,0.706
0.912,0.783,0.742,0.819,0.83,0.738
0.946,0.816,0.774,0.851,0.866,0.771
0.979,0.848,0.805,0.882,0.9,0.803
1.011,0.88,0.837,0.913,0.934,0.834
1.042,0.911,0.867,0.943,0.968,0.865
1.073,0.941,0.897,0.972,1,0.895
1.102,0.97,0.925,0.999,1.031,0.925
1.131,0.999,0.952,1.026,1.06,0.953
1.157,1.026,0.978,1.051,1.088,0.979
1.182,1.051,1.002,1.075,1.115,1.004
1.205,1.075,1.025,1.097,1.139,1.028
1.226,1.097,1.045,1.117,1.161,1.049
1.245,1.117,1.063,1.134,1.181,1.068
1.261,1.134,1.079,1.15,1.198,1.085
1.274,1.149,1.092,1.163,1.213,1.099
1.285,1.162,1.103,1.174,1.224,1.111
1.293,1.171,1.111,1.182,1.233,1.119
1.297,1.178,1.116,1.187,1.238,1.125
1.298,1.181,1.117,1.188,1.24,1.127
1.296,1.181,1.116,1.187,1.238,1.126
1.29,1.178,1.111,1.183,1.232,1.122
1.281,1.171,1.103,1.175,1.223,1.114
1.268,1.161,1.091,1.164,1.21,1.102
1.251,1.148,1.076,1.15,1.194,1.088
1.231,1.13,1.058,1.132,1.173,1.069
1.207,1.11,1.036,1.111,1.149,1.047
1.18,1.086,1.011,1.086,1.122,1.022
1.149,1.059,0.983,1.059,1.091,0.994
1.116,1.028,0.952,1.029,1.057,0.963
1.079,0.995,0.918,0.995,1.019,0.928
1.04,0.959,0.882,0.959,0.979,0.892
0.998,0.92,0.843,0.921,0.937,0.853
0.954,0.879,0.803,0.881,0.892,0.812
0.908,0.837,0.76,0.838,0.845,0.769
0.86,0.792,0.717,0.795,0.797,0.725
0.812,0.747,0.672,0.749,0.748,0.68
0.762,0.7,0.626,0.703,0.697,0.634
0.712,0.653,0.58,0.656,0.647,0.587
0.661,0.605,0.534,0.609,0.596,0.541
0.611,0.558,0.487,0.562,0.545,0.495
0.561,0.51,0.442,0.515,0.495,0.449
0.512,0.464,0.397,0.468,0.446,0.405
0.464,0.418,0.353,0.423,0.398,0.361
0.417,0.374,0.31,0.378,0.352,0.32
0.372,0.331,0.269,0.335,0.308,0.279
0.329,0.29,0.229,0.293,0.265,0.241
0.288,0.251,0.192,0.253,0.225,0.205
0.249,0.214,0.156,0.215,0.187,0.171
0.212,0.179,0.122,0.178,0.152,0.139
0.177,0.146,0.09,0.144,0.119,0.11
0.145,0.116,0.061,0.112,0.089,0.083
0.116,0.088,0.033,0.082,0.061,0.058
0.088,0.063,0.008,0.055,0.036,0.036
0.064,0.039,-0.016,0.029,0.014,0.016
0.041,0.018,-0.037,0.006,-0.006,-0.001
0.021,0,-0.056,-0.016,-0.024,-0.017
0.003,-0.017,-0.074,-0.035,-0.039,-0.031
-0.013,-0.032,-0.09,-0.053,-0.053,-0.042
-0.027,-0.045,-0.104,-0.069,-0.065,-0.053
-0.04,-0.056,-0.117,-0.084,-0.075,-0.061
-0.051,-0.066,-0.128,-0.097,-0.083,-0.069
-0.06,-0.075,-0.139,-0.108,-0.09,-0.075
-0.068,-0.083,-0.148,-0.119,-0.097,-0.081
-0.075,-0.09,-0.156,-0.128,-0.102,-0.086
-0.081,-0.096,-0.164,-0.137,-0.107,-0.09
-0.087,-0.101,-0.171,-0.145,-0.111,-0.094
-0.091,-0.106,-0.178,-0.152,-0.115,-0.097
-0.095,-0.111,-0.184,-0.158,-0.119,-0.101
-0.099,-0.115,-0.189,-0.165,-0.122,-0.104
-0.102,-0.119,-0.195,-0.17,-0.126,-0.108
-0.106,-0.124,-0.2,-0.176,-0.13,-0.112
-0.108,-0.128,-0.206,-0.181,-0.134,-0.116
-0.111,-0.133,-0.211,-0.187,-0.138,-0.12
-0.114,-0.138,-0.216,-0.192,-0.143,-0.125
-0.117,-0.143,-0.221,-0.197,-0.148,-0.13
-0.12,-0.148,-0.226,-0.202,-0.153,-0.135
-0.123,-0.154,-0.231,-0.207,-0.159,-0.141
-0.126,-0.16,-0.236,-0.212,-0.164,-0.147
-0.129,-0.166,-0.24,-0.217,-0.17,-0.153
-0.132,-0.172,-0.245,-0.221,-0.176,-0.159
-0.135,-0.178,-0.25,-0.226,-0.182,-0.165
-0.138,-0.184,-0.254,-0.23,-0.188,-0.171
-0.141,-0.19,-0.259,-0.234,-0.194,-0.178
-0.144,-0.196,-0.263,-0.238,-0.2,-0.184
-0.146,-0.201,-0.266,-0.242,-0.205,-0.189
-0.149,-0.207,-0.27,-0.245,-0.21,-0.195
-0.151,-0.212,-0.273,-0.248,-0.215,-0.2
-0.154,-0.217,-0.276,-0.251,-0.219,-0.205
-0.156,-0.221,-0.279,-0.253,-0.223,-0.209
-0.158,-0.224,-0.281,-0.255,-0.226,-0.212
-0.159,-0.227,-0.283,-0.257,-0.228,-0.215
-0.161,-0.23,-0.284,-0.258,-0.23,-0.218
-0.162,-0.232,-0.286,-0.258,-0.231,-0.22
-0.163,-0.233,-0.286,-0.258,-0.232,-0.221
-0.163,-0.233,-0.286,-0.258,-0.231,-0.221
-0.164,-0.233,-0.286,-0.257,-0.23,-0.221
-0.164,-0.232,-0.286,-0.255,-0.229,-0.22
-0.164,-0.231,-0.285,-0.253,-0.227,-0.218
-0.163,-0.228,-0.283,-0.251,-0.224,-0.216
-0.163,-0.226,-0.282,-0.248,-0.221,-0.214
-0.162,-0.222,-0.28,-0.245,-0.218,-0.211
-0.16,-0.218,-0.278,-0.242,-0.214,-0.207
-0.159,-0.214,-0.275,-0.238,-0.21,-0.204
-0.157,-0.209,-0.272,-0.234,-0.205,-0.199
-0.155,-0.204,-0.269,-0.23,-0.201,-0.195
-0.153,-0.199,-0.266,-0.225,-0.196,-0.19
-0.151,-0.193,-0.262,-0.221,-0.191,-0.186
-0.149,-0.188,-0.259,-0.216,-0.187,-0.181
-0.146,-0.182,-0.255,-0.212,-0.182,-0.176
-0.143,-0.176,-0.251,-0.207,-0.177,-0.171
-0.14,-0.171,-0.247,-0.202,-0.173,-0.167
-0.137,-0.165,-0.243,-0.198,-0.169,-0.162
-0.134,-0.16,-0.239,-0.193,-0.165,-0.158
-0.13,-0.155,-0.235,-0.189,-0.161,-0.154
-0.127,-0.15,-0.231,-0.185,-0.158,-0.15
-0.123,-0.146,-0.227,-0.181,-0.155,-0.147
-0.119,-0.142,-0.223,-0.177,-0.152,-0.144
-0.116,-0.138,-0.219,-0.173,-0.15,-0.141
-0.112,-0.135,-0.215,-0.17,-0.148,-0.138
-0.108,-0.132,-0.212,-0.167,-0.146,-0.136
-0.104,-0.13,-0.208,-0.165,-0.145,-0.135
-0.1,-0.128,-0.205,-0.162,-0.144,-0.133
-0.096,-0.127,-0.202,-0.16,-0.143,-0.132
-0.092,-0.126,-0.199,-0.158,-0.143,-0.132
-0.088,-0.126,-0.196,-0.157,-0.143,-0.131
-0.084,-0.126,-0.193,-0.156,-0.143,-0.131
-0.081,-0.127,-0.191,-0.155,-0.143,-0.131
-0.077,-0.127,-0.189,-0.154,-0.143,-0.132
-0.074,-0.128,-0.187,-0.153,-0.144,-0.133
-0.071,-0.13,-0.185,-0.153,-0.144,-0.133
-0.068,-0.131,-0.184,-0.152,-0.145,-0.134
-0.065,-0.133,-0.182,-0.152,-0.146,-0.136
-0.062,-0.135,-0.181,-0.152,-0.146,-0.137
-0.06,-0.137,-0.18,-0.152,-0.147,-0.138
-0.058,-0.139,-0.179,-0.153,-0.148,-0.139
-0.056,-0.141,-0.178,-0.153,-0.149,-0.141
-0.055,-0.143,-0.178,-0.153,-0.149,-0.142
-0.053,-0.144,-0.177,-0.153,-0.15,-0.143
-0.052,-0.146,-0.177,-0.153,-0.15,-0.144
-0.052,-0.148,-0.176,-0.153,-0.15,-0.145
-0.051,-0.149,-0.176,-0.153,-0.15,-0.145
-0.051,-0.15,-0.175,-0.152,-0.15,-0.146
-0.051,-0.15,-0.175,-0.152,-0.15,-0.146
-0.051,-0.151,-0.174,-0.152,-0.15,-0.146
-0.052,-0.151,-0.174,-0.151,-0.149,-0.146
-0.053,-0.151,-0.173,-0.15,-0.149,-0.146
-0.054,-0.15,-0.172,-0.149,-0.148,-0.145
-0.055,-0.15,-0.172,-0.148,-0.147,-0.145
-0.056,-0.149,-0.171,-0.147,-0.146,-0.144
-0.057,-0.147,-0.17,-0.145,-0.144,-0.143
-0.059,-0.146,-0.17,-0.144,-0.143,-0.142
-0.06,-0.144,-0.169,-0.143,-0.142,-0.14
-0.062,-0.142,-0.168,-0.141,-0.14,-0.139
-0.063,-0.14,-0.167,-0.139,-0.138,-0.137
-0.064,-0.137,-0.167,-0.138,-0.137,-0.135
-0.066,-0.135,-0.166,-0.136,-0.135,-0.134
-0.067,-0.132,-0.165,-0.135,-0.134,-0.132
-0.068,-0.13,-0.165,-0.134,-0.132,-0.13
-0.069,-0.127,-0.164,-0.132,-0.131,-0.128
-0.07,-0.125,-0.164,-0.131,-0.129,-0.127
-0.071,-0.123,-0.163,-0.13,-0.128,-0.125
-0.071,-0.12,-0.163,-0.129,-0.127,-0.124
-0.071,-0.118,-0.163,-0.129,-0.126,-0.122
-0.071,-0.116,-0.163,-0.128,-0.125,-0.121
-0.071,-0.115,-0.163,-0.128,-0.125,-0.12
-0.071,-0.113,-0.163,-0.128,-0.124,-0.12
-0.071,-0.112,-0.163,-0.128,-0.124,-0.119
-0.07,-0.111,-0.164,-0.128,-0.124,-0.118
-0.069,-0.11,-0.164,-0.129,-0.124,-0.118
-0.068,-0.11,-0.165,-0.13,-0.124,-0.118
-0.067,-0.11,-0.165,-0.13,-0.124,-0.118
-0.066,-0.11,-0.166,-0.131,-0.124,-0.118
-0.064,-0.11,-0.167,-0.132,-0.125,-0.119
-0.063,-0.111,-0.168,-0.134,-0.125,-0.119
-0.061,-0.111,-0.168,-0.135,-0.126,-0.12
-0.06,-0.112,-0.169,-0.136,-0.127,-0.12
-0.058,-0.113,-0.17,-0.137,-0.127,-0.121
-0.057,-0.114,-0.17,-0.139,-0.128,-0.122
-0.055,-0.115,-0.171,-0.14,-0.128,-0.123
-0.053,-0.116,-0.171,-0.141,-0.129,-0.124
-0.052,-0.118,-0.171,-0.142,-0.129,-0.124
-0.05,-0.119,-0.171,-0.142,-0.129,-0.125
-0.049,-0.12,-0.171,-0.143,-0.129,-0.126
-0.047,-0.121,-0.171,-0.143,-0.129,-0.126
-0.046,-0.121,-0.171,-0.143,-0.129,-0.127
-0.044,-0.122,-0.17,-0.143,-0.129,-0.127
-0.043,-0.122,-0.169,-0.143,-0.128,-0.127
-0.042,-0.123,-0.168,-0.142,-0.128,-0.127
-0.041,-0.123,-0.167,-0.142,-0.127,-0.127
-0.04,-0.123,-0.165,-0.14,-0.126,-0.127
-0.039,-0.122,-0.164,-0.139,-0.125,-0.127
-0.038,-0.122,-0.162,-0.137,-0.124,-0.126
-0.037,-0.121,-0.16,-0.136,-0.123,-0.125
-0.037,-0.12,-0.158,-0.134,-0.121,-0.124
-0.037,-0.119,-0.156,-0.131,-0.12,-0.124
-0.036,-0.117,-0.154,-0.129,-0.119,-0.123
-0.036,-0.116,-0.151,-0.127,-0.118,-0.121
-0.036,-0.114,-0.149,-0.124,-0.116,-0.12
-0.037,-0.113,-0.146,-0.122,-0.115,-0.119
-0.037,-0.111,-0.144,-0.12,-0.114,-0.118
-0.037,-0.109,-0.141,-0.118,-0.113,-0.116
-0.038,-0.107,-0.139,-0.116,-0.112,-0.115
-0.039,-0.106,-0.136,-0.114,-0.112,-0.114
-0.039,-0.104,-0.134,-0.112,-0.111,-0.113
-0.04,-0.103,-0.132,-0.111,-0.111,-0.111
-0.041,-0.101,-0.13,-0.109,-0.11,-0.11
-0.042,-0.1,-0.128,-0.108,-0.11,-0.11
-0.043,-0.099,-0.126,-0.108,-0.11,-0.109
-0.043,-0.098,-0.124,-0.108,-0.11,-0.108
-0.044,-0.097,-0.123,-0.108,-0.11,-0.108
-0.045,-0.097,-0.122,-0.108,-0.111,-0.107
-0.046,-0.097,-0.121,-0.109,-0.111,-0.107
-0.047,-0.097,-0.12,-0.11,-0.112,-0.107
-0.047,-0.097,-0.119,-0.111,-0.112,-0.107
-0.048,-0.097,-0.118,-0.112,-0.113,-0.108
-0.048,-0.098,-0.118,-0.114,-0.114,-0.108
-0.048,-0.099,-0.117,-0.116,-0.114,-0.108
-0.049,-0.1,-0.117,-0.118,-0.115,-0.109
-0.049,-0.101,-0.117,-0.119,-0.116,-0.11
-0.049,-0.102,-0.117,-0.121,-0.117,-0.11
-0.049,-0.103,-0.117,-0.123,-0.117,-0.111
-0.049,-0.104,-0.117,-0.125,-0.118,-0.111
-0.048,-0.105,-0.118,-0.127,-0.119,-0.112
-0.048,-0.107,-0.118,-0.128,-0.119,-0.112
-0.047,-0.108,-0.118,-0.129,-0.119,-0.113
-0.046,-0.109,-0.119,-0.13,-0.12,-0.113
-0.046,-0.11,-0.119,-0.131,-0.12,-0.113
-0.045,-0.11,-0.12,-0.132,-0.12,-0.113
-0.043,-0.111,-0.12,-0.132,-0.12,-0.113
-0.042,-0.111,-0.12,-0.132,-0.119,-0.113
-0.041,-0.111,-0.121,-0.131,-0.119,-0.112
-0.039,-0.111,-0.121,-0.131,-0.118,-0.112
-0.038,-0.111,-0.121,-0.13,-0.118,-0.111
-0.036,-0.11,-0.122,-0.128,-0.117,-0.11
-0.034,-0.109,-0.122,-0.127,-0.116,-0.109
-0.033,-0.108,-0.122,-0.125,-0.115,-0.108
-0.031,-0.107,-0.122,-0.123,-0.114,-0.107
-0.029,-0.105,-0.122,-0.121,-0.113,-0.105
-0.027,-0.104,-0.122,-0.119,-0.112,-0.104
-0.024,-0.102,-0.122,-0.116,-0.11,-0.103
-0.022,-0.1,-0.122,-0.114,-0.109,-0.101
-0.02,-0.098,-0.122,-0.111,-0.108,-0.1
-0.018,-0.096,-0.122,-0.109,-0.107,-0.098
-0.016,-0.094,-0.121,-0.106,-0.105,-0.097
-0.014,-0.092,-0.121,-0.104,-0.104,-0.096
-0.012,-0.091,-0.121,-0.101,-0.103,-0.095
-0.01,-0.089,-0.12,-0.099,-0.102,-0.094
-0.008,-0.087,-0.12,-0.097,-0.101,-0.093
-0.007,-0.086,-0.119,-0.096,-0.1,-0.092
-0.005,-0.084,-0.119,-0.094,-0.1,-0.092
-0.004,-0.083,-0.118,-0.093,-0.099,-0.091
-0.003,-0.082,-0.117,-0.092,-0.099,-0.091
-0.002,-0.082,-0.117,-0.092,-0.099,-0.091
-0.002,-0.081,-0.116,-0.091,-0.099,-0.091
-0.001,-0.081,-0.115,-0.091,-0.099,-0.091
-0.001,-0.081,-0.114,-0.092,-0.099,-0.091
-0.001,-0.081,-0.114,-0.092,-0.099,-0.091
-0.001,-0.081,-0.113,-0.093,-0.099,-0.092
-0.002,-0.081,-0.112,-0.093,-0.1,-0.092
-0.003,-0.082,-0.111,-0.094,-0.1,-0.093
-0.004,-0.082,-0.11,-0.096,-0.1,-0.093
-0.005,-0.083,-0.109,-0.097,-0.101,-0.094
-0.006,-0.084,-0.108,-0.098,-0.101,-0.094
-0.007,-0.084,-0.107,-0.099,-0.101,-0.095
-0.009,-0.085,-0.106,-0.1,-0.102,-0.095
-0.011,-0.086,-0.105,-0.101,-0.102,-0.095
-0.012,-0.086,-0.104,-0.102,-0.102,-0.096
-0.014,-0.087,-0.103,-0.103,-0.102,-0.096
-0.016,-0.087,-0.102,-0.104,-0.102,-0.096
-0.018,-0.088,-0.101,-0.105,-0.101,-0.096
-0.019,-0.088,-0.1,-0.105,-0.101,-0.095
-0.021,-0.088,-0.1,-0.105,-0.1,-0.095
-0.023,-0.088,-0.099,-0.105,-0.1,-0.094
-0.024,-0.087,-0.098,-0.105,-0.099,-0.094
-0.026,-0.087,-0.097,-0.104,-0.098,-0.093
-0.027,-0.086,-0.097,-0.103,-0.097,-0.092
-0.028,-0.086,-0.096,-0.102,-0.096,-0.091
-0.029,-0.085,-0.096,-0.101,-0.095,-0.089
-0.03,-0.084,-0.095,-0.1,-0.094,-0.088
-0.031,-0.083,-0.095,-0.099,-0.092,-0.087
-0.031,-0.082,-0.094,-0.097,-0.091,-0.086
-0.032,-0.081,-0.094,-0.096,-0.09,-0.084
-0.032,-0.08,-0.094,-0.094,-0.089,-0.083
-0.032,-0.079,-0.094,-0.092,-0.088,-0.082
-0.032,-0.078,-0.094,-0.091,-0.087,-0.08
-0.032,-0.077,-0.094,-0.089,-0.086,-0.079
-0.032,-0.076,-0.094,-0.088,-0.085,-0.078
-0.032,-0.076,-0.094,-0.087,-0.085,-0.077
-0.032,-0.075,-0.094,-0.085,-0.084,-0.076
-0.031,-0.075,-0.095,-0.084,-0.084,-0.076
-0.031,-0.074,-0.095,-0.083,-0.083,-0.075
-0.03,-0.074,-0.095,-0.083,-0.083,-0.075
-0.03,-0.074,-0.096,-0.082,-0.083,-0.075
-0.029,-0.074,-0.096,-0.081,-0.083,-0.075
-0.029,-0.074,-0.097,-0.081,-0.083,-0.075
-0.028,-0.075,-0.097,-0.081,-0.084,-0.075
-0.027,-0.075,-0.098,-0.081,-0.084,-0.076
-0.027,-0.075,-0.098,-0.081,-0.085,-0.076
-0.026,-0.076,-0.099,-0.082,-0.085,-0.077
-0.025,-0.077,-0.099,-0.082,-0.085,-0.078
-0.024,-0.077,-0.1,-0.083,-0.086,-0.078
-0.023,-0.078,-0.1,-0.083,-0.086,-0.079
-0.022,-0.079,-0.1,-0.084,-0.087,-0.08
-0.022,-0.079,-0.1,-0.085,-0.087,-0.081
-0.021,-0.08,-0.1,-0.085,-0.087,-0.082
-0.02,-0.08,-0.1,-0.086,-0.088,-0.083
-0.018,-0.08,-0.1,-0.087,-0.088,-0.083
-0.017,-0.081,-0.1,-0.087,-0.088,-0.084
-0.016,-0.081,-0.099,-0.088,-0.087,-0.084
-0.015,-0.081,-0.098,-0.088,-0.087,-0.085
-0.013,-0.08,-0.097,-0.089,-0.087,-0.085
-0.012,-0.08,-0.096,-0.089,-0.086,-0.085
-0.01,-0.079,-0.095,-0.09,-0.085,-0.085
-0.009,-0.079,-0.094,-0.09,-0.084,-0.085
-0.007,-0.078,-0.092,-0.09,-0.083,-0.084
-0.006,-0.077,-0.091,-0.09,-0.082,-0.084
-0.004,-0.076,-0.089,-0.09,-0.081,-0.083
-0.002,-0.075,-0.087,-0.089,-0.08,-0.082
0,-0.074,-0.085,-0.089,-0.078,-0.081
0.002,-0.072,-0.083,-0.089,-0.077,-0.08
0.004,-0.071,-0.081,-0.088,-0.075,-0.079
0.005,-0.069,-0.078,-0.088,-0.074,-0.077
0.007,-0.068,-0.076,-0.087,-0.072,-0.076
0.009,-0.066,-0.074,-0.086,-0.071,-0.074
0.011,-0.065,-0.071,-0.085,-0.07,-0.073
0.013,-0.063,-0.069,-0.084,-0.068,-0.072
0.014,-0.062,-0.067,-0.083,-0.067,-0.07
0.016,-0.061,-0.065,-0.082,-0.066,-0.069
0.017,-0.059,-0.063,-0.081,-0.065,-0.068
0.019,-0.058,-0.061,-0.08,-0.064,-0.066
0.02,-0.057,-0.059,-0.079,-0.064,-0.065
0.022,-0.056,-0.058,-0.077,-0.063,-0.064
0.023,-0.055,-0.057,-0.076,-0.063,-0.063
0.024,-0.055,-0.055,-0.075,-0.062,-0.062
0.025,-0.054,-0.054,-0.073,-0.062,-0.061
0.026,-0.053,-0.053,-0.072,-0.062,-0.061
0.027,-0.053,-0.053,-0.07,-0.062,-0.06
0.028,-0.053,-0.052,-0.068,-0.063,-0.059
0.029,-0.052,-0.052,-0.067,-0.063,-0.059
0.03,-0.052,-0.052,-0.065,-0.063,-0.058
0.031,-0.052,-0.051,-0.063,-0.064,-0.058
0.032,-0.052,-0.051,-0.062,-0.064,-0.058
0.033,-0.052,-0.051,-0.06,-0.065,-0.057
0.034,-0.052,-0.051,-0.058,-0.065,-0.057
0.035,-0.052,-0.051,-0.056,-0.066,-0.057
0.036,-0.052,-0.051,-0.054,-0.066,-0.057
0.037,-0.052,-0.051,-0.052,-0.067,-0.056
0.039,-0.053,-0.05,-0.049,-0.067,-0.056
0.04,-0.053,-0.05,-0.047,-0.067,-0.056
0.041,-0.053,-0.049,-0.045,-0.067,-0.056
0.043,-0.052,-0.048,-0.042,-0.067,-0.055
0.045,-0.052,-0.047,-0.04,-0.067,-0.055
0.047,-0.052,-0.046,-0.037,-0.067,-0.055
0.049,-0.052,-0.045,-0.035,-0.066,-0.054
0.051,-0.051,-0.043,-0.032,-0.066,-0.054
0.053,-0.051,-0.042,-0.029,-0.065,-0.053
0.055,-0.05,-0.04,-0.027,-0.064,-0.053
0.057,-0.05,-0.038,-0.024,-0.063,-0.052
0.06,-0.049,-0.035,-0.021,-0.062,-0.052
0.062,-0.049,-0.033,-0.018,-0.061,-0.051
0.065,-0.048,-0.031,-0.015,-0.059,-0.05
0.068,-0.047,-0.028,-0.012,-0.058,-0.049
0.07,-0.046,-0.025,-0.01,-0.056,-0.048
0.073,-0.046,-0.023,-0.007,-0.055,-0.048
0.075,-0.045,-0.02,-0.004,-0.053,-0.047
0.078,-0.044,-0.017,-0.002,-0.051,-0.046
0.08,-0.043,-0.014,0.001,-0.05,-0.045
0.083,-0.042,-0.012,0.003,-0.048,-0.044
0.085,-0.041,-0.009,0.006,-0.047,-0.043
0.087,-0.04,-0.006,0.008,-0.045,-0.042
0.089,-0.04,-0.004,0.01,-0.044,-0.041
0.091,-0.039,-0.001,0.011,-0.043,-0.04
0.092,-0.038,0.002,0.013,-0.042,-0.039
0.094,-0.037,0.004,0.015,-0.041,-0.038
0.095,-0.036,0.006,0.016,-0.04,-0.038
0.096,-0.036,0.009,0.017,-0.039,-0.037
0.097,-0.035,0.011,0.019,-0.038,-0.036
0.098,-0.034,0.013,0.02,-0.038,-0.035
0.099,-0.033,0.015,0.02,-0.037,-0.035
0.099,-0.033,0.017,0.021,-0.036,-0.034
0.1,-0.032,0.019,0.022,-0.036,-0.033
0.1,-0.031,0.022,0.022,-0.036,-0.033
0.101,-0.03,0.024,0.023,-0.035,-0.032
0.101,-0.029,0.026,0.023,-0.035,-0.032
0.101,-0.028,0.028,0.024,-0.035,-0.031
0.102,-0.027,0.03,0.024,-0.034,-0.03
0.102,-0.026,0.032,0.024,-0.034,-0.03
0.103,-0.025,0.034,0.025,-0.033,-0.029
0.103,-0.024,0.036,0.025,-0.033,-0.029
0.104,-0.022,0.038,0.025,-0.032,-0.028
0.105,-0.021,0.041,0.026,-0.032,-0.027
0.106,-0.019,0.043,0.026,-0.031,-0.027
0.107,-0.018,0.045,0.027,-0.03,-0.026
0.109,-0.016,0.047,0.027,-0.029,-0.025
0.11,-0.015,0.05,0.028,-0.028,-0.024
0.112,-0.013,0.052,0.029,-0.027,-0.023
0.114,-0.011,0.054,0.03,-0.026,-0.022
0.115,-0.009,0.056,0.031,-0.025,-0.021
0.117,-0.007,0.059,0.032,-0.023,-0.02
0.119,-0.005,0.061,0.033,-0.022,-0.018
0.121,-0.003,0.063,0.034,-0.02,-0.017
0.124,-0.001,0.065,0.035,-0.019,-0.015
0.126,0.002,0.067,0.037,-0.017,-0.014
0.128,0.004,0.069,0.038,-0.016,-0.012
0.13,0.006,0.07,0.04,-0.014,-0.011
0.131,0.008,0.072,0.041,-0.013,-0.009
0.133,0.01,0.073,0.042,-0.011,-0.007
0.135,0.012,0.075,0.044,-0.01,-0.006
0.136,0.014,0.076,0.045,-0.008,-0.004
0.137,0.016,0.077,0.046,-0.007,-0.002
0.138,0.018,0.078,0.047,-0.005,-0.001
0.139,0.02,0.079,0.048,-0.004,0.001
0.14,0.022,0.079,0.049,-0.003,0.002
0.14,0.024,0.08,0.05,-0.001,0.003
0.14,0.025,0.081,0.05,0,0.004
0.14,0.027,0.081,0.05,0.001,0.005
0.14,0.028,0.081,0.05,0.002,0.006
0.14,0.029,0.081,0.05,0.003,0.007
0.139,0.031,0.082,0.05,0.004,0.008
0.139,0.032,0.082,0.049,0.005,0.008
0.138,0.033,0.082,0.048,0.006,0.009
0.138,0.034,0.082,0.047,0.007,0.009
0.137,0.035,0.082,0.046,0.008,0.009
0.136,0.036,0.082,0.045,0.009,0.009
0.136,0.037,0.082,0.043,0.009,0.009
0.136,0.037,0.082,0.042,0.01,0.009
0.135,0.038,0.082,0.04,0.011,0.009
0.135,0.039,0.083,0.038,0.012,0.009
0.136,0.04,0.083,0.036,0.013,0.008
0.136,0.041,0.083,0.035,0.014,0.008
0.136,0.042,0.084,0.033,0.014,0.008
0.137,0.042,0.084,0.032,0.015,0.008
0.138,0.043,0.085,0.03,0.016,0.008
0.139,0.044,0.085,0.029,0.017,0.007
0.141,0.045,0.086,0.028,0.018,0.007
0.142,0.046,0.086,0.027,0.019,0.008
0.144,0.047,0.087,0.026,0.02,0.008
0.145,0.048,0.088,0.025,0.021,0.008
0.147,0.049,0.088,0.025,0.022,0.008
0.149,0.05,0.089,0.025,0.023,0.009
0.151,0.051,0.09,0.025,0.023,0.01
0.152,0.052,0.09,0.025,0.024,0.01
0.154,0.053,0.09,0.026,0.025,0.011
0.155,0.053,0.091,0.026,0.026,0.012
0.157,0.054,0.091,0.027,0.027,0.013
0.158,0.055,0.091,0.028,0.027,0.015
0.159,0.056,0.091,0.029,0.028,0.016
0.159,0.056,0.091,0.03,0.029,0.017
0.16,0.057,0.091,0.031,0.029,0.018
0.16,0.058,0.09,0.032,0.03,0.019
0.16,0.058,0.09,0.034,0.03,0.021
0.16,0.058,0.089,0.035,0.03,0.022
0.159,0.058,0.088,0.036,0.031,0.023
0.158,0.059,0.087,0.037,0.031,0.024
0.157,0.059,0.086,0.038,0.031,0.025
0.156,0.059,0.085,0.039,0.031,0.026
0.154,0.058,0.084,0.039,0.031,0.027
0.152,0.058,0.082,0.04,0.031,0.028
0.15,0.058,0.081,0.04,0.031,0.028
0.148,0.057,0.079,0.04,0.031,0.029
0.146,0.057,0.078,0.041,0.031,0.029
0.144,0.056,0.076,0.04,0.031,0.029
0.142,0.055,0.075,0.04,0.031,0.029
0.14,0.055,0.073,0.04,0.031,0.03
0.138,0.054,0.072,0.039,0.031,0.03
0.136,0.053,0.07,0.038,0.031,0.03
0.134,0.052,0.069,0.037,0.031,0.029
0.133,0.051,0.067,0.037,0.031,0.029
0.131,0.05,0.066,0.035,0.031,0.029
0.13,0.049,0.064,0.034,0.031,0.029
0.129,0.049,0.063,0.033,0.031,0.029
0.128,0.048,0.062,0.032,0.031,0.029
0.127,0.047,0.061,0.03,0.031,0.029
0.127,0.047,0.059,0.029,0.032,0.029
0.127,0.046,0.058,0.027,0.032,0.029
0.127,0.046,0.057,0.026,0.032,0.029
0.127,0.045,0.056,0.025,0.033,0.029
0.127,0.045,0.054,0.023,0.033,0.029
0.127,0.045,0.053,0.022,0.034,0.029
0.127,0.045,0.052,0.02,0.035,0.03
0.127,0.045,0.051,0.019,0.035,0.03
0.127,0.045,0.05,0.018,0.036,0.03
0.127,0.046,0.049,0.016,0.037,0.031
0.126,0.046,0.047,0.015,0.038,0.031
0.126,0.047,0.046,0.014,0.038,0.032
0.125,0.048,0.045,0.013,0.039,0.033
0.124,0.048,0.044,0.012,0.04,0.033
0.123,0.049,0.042,0.01,0.04,0.034
0.121,0.05,0.041,0.009,0.041,0.034
0.119,0.051,0.04,0.008,0.041,0.035
0.116,0.052,0.038,0.007,0.042,0.035
0.114,0.053,0.037,0.006,0.042,0.036
0.111,0.054,0.036,0.005,0.042,0.036
0.108,0.054,0.034,0.003,0.042,0.036
0.104,0.055,0.033,0.002,0.042,0.036
0.1,0.056,0.032,0.001,0.042,0.037
0.096,0.056,0.031,0,0.042,0.037
0.092,0.057,0.029,-0.002,0.041,0.037
0.088,0.057,0.028,-0.003,0.041,0.036
0.084,0.057,0.027,-0.004,0.04,0.036
0.08,0.057,0.026,-0.006,0.04,0.036
0.076,0.057,0.025,-0.007,0.039,0.035
0.072,0.056,0.023,-0.009,0.038,0.035
0.068,0.056,0.022,-0.01,0.038,0.034
0.065,0.055,0.021,-0.012,0.037,0.034
0.062,0.055,0.02,-0.013,0.036,0.033
0.059,0.054,0.019,-0.015,0.035,0.032
0.056,0.053,0.018,-0.016,0.035,0.032
0.054,0.052,0.017,-0.018,0.034,0.031
0.052,0.051,0.015,-0.019,0.034,0.031
0.051,0.05,0.014,-0.021,0.033,0.03
0.05,0.049,0.013,-0.022,0.033,0.029
0.049,0.048,0.012,-0.024,0.033,0.029
0.049,0.047,0.01,-0.025,0.032,0.028
0.049,0.046,0.009,-0.027,0.032,0.028
0.049,0.045,0.008,-0.028,0.032,0.028
0.05,0.044,0.006,-0.029,0.032,0.028
0.05,0.043,0.005,-0.031,0.032,0.027
0.051,0.042,0.003,-0.032,0.032,0.027
0.053,0.041,0.001,-0.033,0.032,0.027
0.054,0.041,-0.001,-0.034,0.033,0.027
0.055,0.04,-0.002,-0.035,0.033,0.027
0.057,0.04,-0.004,-0.036,0.033,0.028
0.058,0.039,-0.006,-0.037,0.033,0.028
0.059,0.039,-0.008,-0.039,0.033,0.028
0.06,0.038,-0.01,-0.04,0.033,0.028
0.061,0.038,-0.012,-0.041,0.033,0.028
0.061,0.037,-0.014,-0.042,0.033,0.029
0.062,0.037,-0.015,-0.043,0.033,0.029
0.062,0.037,-0.017,-0.044,0.033,0.029
0.061,0.036,-0.019,-0.045,0.033,0.029
0.061,0.036,-0.021,-0.046,0.032,0.029
0.06,0.035,-0.022,-0.047,0.032,0.029
0.058,0.034,-0.024,-0.048,0.031,0.028
0.057,0.034,-0.025,-0.05,0.03,0.028
0.055,0.033,-0.026,-0.051,0.029,0.028
0.052,0.032,-0.027,-0.052,0.028,0.027
0.05,0.031,-0.028,-0.054,0.027,0.026
0.047,0.03,-0.029,-0.055,0.025,0.026
0.044,0.029,-0.03,-0.057,0.024,0.025
0.041,0.028,-0.03,-0.058,0.022,0.024
0.038,0.027,-0.031,-0.06,0.021,0.023
0.035,0.025,-0.031,-0.061,0.019,0.022
0.032,0.024,-0.031,-0.063,0.017,0.021
0.028,0.022,-0.031,-0.064,0.016,0.019
0.025,0.021,-0.031,-0.065,0.014,0.018
0.022,0.019,-0.031,-0.067,0.012,0.017
0.019,0.017,-0.031,-0.068,0.011,0.015
0.017,0.016,-0.031,-0.069,0.009,0.014
0.014,0.014,-0.031,-0.071,0.008,0.013
0.012,0.012,-0.031,-0.072,0.006,0.012
0.01,0.011,-0.03,-0.073,0.005,0.01
0.008,0.009,-0.03,-0.074,0.004,0.009
0.006,0.008,-0.029,-0.075,0.002,0.008
0.005,0.006,-0.029,-0.076,0.001,0.007
0.004,0.005,-0.029,-0.077,0,0.006
0.003,0.003,-0.028,-0.077,0,0.005
0.002,0.002,-0.028,-0.078,-0.001,0.004
0.002,0.001,-0.028,-0.079,-0.002,0.003
0.002,0,-0.027,-0.079,-0.002,0.002
0.001,-0.001,-0.027,-0.08,-0.003,0.001
0.002,-0.002,-0.027,-0.081,-0.003,0
0.002,-0.003,-0.026,-0.081,-0.004,-0.001
0.002,-0.004,-0.026,-0.082,-0.004,-0.001
0.002,-0.004,-0.026,-0.083,-0.005,-0.002
0.003,-0.005,-0.026,-0.084,-0.005,-0.003
0.003,-0.006,-0.026,-0.085,-0.005,-0.003
0.004,-0.006,-0.026,-0.086,-0.006,-0.004
0.005,-0.007,-0.027,-0.087,-0.006,-0.005
0.005,-0.007,-0.027,-0.089,-0.006,-0.006
0.005,-0.008,-0.028,-0.09,-0.007,-0.006
0.006,-0.009,-0.028,-0.092,-0.007,-0.007
0.006,-0.009,-0.029,-0.093,-0.008,-0.008
0.007,-0.01,-0.03,-0.095,-0.008,-0.009
0.007,-0.01,-0.031,-0.097,-0.009,-0.01
0.007,-0.011,-0.032,-0.099,-0.01,-0.012
0.007,-0.012,-0.033,-0.101,-0.011,-0.013
0.007,-0.013,-0.034,-0.103,-0.012,-0.014
0.007,-0.013,-0.036,-0.105,-0.013,-0.016
0.007,-0.014,-0.037,-0.107,-0.013,-0.017
0.007,-0.015,-0.039,-0.109,-0.015,-0.018
0.007,-0.016,-0.04,-0.111,-0.016,-0.02
0.007,-0.016,-0.042,-0.113,-0.017,-0.022
0.007,-0.017,-0.043,-0.114,-0.018,-0.023
0.007,-0.018,-0.044,-0.116,-0.019,-0.025
0.006,-0.019,-0.046,-0.117,-0.02,-0.026
0.006,-0.02,-0.047,-0.118,-0.021,-0.028
0.006,-0.021,-0.048,-0.119,-0.022,-0.029
0.005,-0.022,-0.049,-0.119,-0.024,-0.03
0.005,-0.022,-0.05,-0.12,-0.025,-0.032
0.004,-0.023,-0.051,-0.12,-0.026,-0.033
0.003,-0.024,-0.052,-0.12,-0.027,-0.034
0.003,-0.025,-0.052,-0.119,-0.028,-0.035
0.002,-0.025,-0.052,-0.118,-0.029,-0.035
0.001,-0.026,-0.052,-0.117,-0.03,-0.036
0.001,-0.027,-0.052,-0.116,-0.031,-0.036
0,-0.028,-0.052,-0.114,-0.032,-0.037
-0.001,-0.028,-0.052,-0.113,-0.033,-0.037
-0.002,-0.029,-0.051,-0.111,-0.034,-0.037
-0.003,-0.029,-0.051,-0.109,-0.035,-0.037
-0.004,-0.03,-0.05,-0.107,-0.035,-0.037
-0.005,-0.031,-0.049,-0.105,-0.036,-0.037
-0.007,-0.031,-0.049,-0.103,-0.037,-0.037
-0.008,-0.032,-0.048,-0.101,-0.038,-0.037
-0.009,-0.032,-0.047,-0.099,-0.039,-0.037
-0.01,-0.033,-0.046,-0.097,-0.039,-0.037
-0.011,-0.034,-0.045,-0.096,-0.04,-0.036
-0.012,-0.034,-0.045,-0.094,-0.041,-0.036
-0.013,-0.035,-0.044,-0.093,-0.041,-0.036
-0.014,-0.036,-0.043,-0.092,-0.042,-0.036
-0.015,-0.037,-0.043,-0.092,-0.043,-0.036
-0.016,-0.037,-0.042,-0.091,-0.043,-0.037
-0.017,-0.038,-0.042,-0.091,-0.044,-0.037
-0.018,-0.039,-0.042,-0.091,-0.044,-0.037
-0.018,-0.04,-0.042,-0.092,-0.045,-0.038
-0.019,-0.041,-0.042,-0.092,-0.046,-0.038
-0.019,-0.042,-0.042,-0.093,-0.046,-0.039
-0.02,-0.043,-0.042,-0.094,-0.047,-0.04
-0.02,-0.043,-0.042,-0.095,-0.047,-0.04
-0.02,-0.044,-0.043,-0.096,-0.048,-0.041
-0.02,-0.045,-0.043,-0.098,-0.048,-0.042
-0.02,-0.046,-0.043,-0.099,-0.049,-0.043
-0.02,-0.047,-0.044,-0.1,-0.049,-0.044
-0.02,-0.048,-0.044,-0.102,-0.049,-0.045
-0.02,-0.049,-0.045,-0.103,-0.05,-0.046
-0.02,-0.05,-0.045,-0.105,-0.05,-0.047
-0.02,-0.05,-0.046,-0.106,-0.05,-0.048
-0.019,-0.051,-0.046,-0.107,-0.05,-0.048
-0.019,-0.052,-0.047,-0.108,-0.05,-0.049
-0.018,-0.052,-0.047,-0.109,-0.05,-0.05
-0.018,-0.052,-0.047,-0.11,-0.05,-0.05
-0.017,-0.053,-0.047,-0.111,-0.05,-0.051
-0.017,-0.053,-0.047,-0.111,-0.05,-0.051
-0.016,-0.053,-0.047,-0.111,-0.05,-0.051
-0.015,-0.053,-0.047,-0.111,-0.05,-0.052
-0.014,-0.053,-0.047,-0.111,-0.05,-0.052
-0.013,-0.053,-0.046,-0.111,-0.049,-0.052
-0.012,-0.053,-0.045,-0.111,-0.049,-0.052
-0.011,-0.052,-0.045,-0.11,-0.049,-0.052
-0.01,-0.052,-0.044,-0.109,-0.049,-0.052
-0.009,-0.051,-0.043,-0.109,-0.049,-0.051
-0.008,-0.05,-0.042,-0.108,-0.048,-0.051
-0.007,-0.05,-0.04,-0.107,-0.048,-0.051
-0.006,-0.049,-0.039,-0.106,-0.048,-0.051
-0.004,-0.048,-0.038,-0.105,-0.048,-0.051
-0.003,-0.047,-0.037,-0.103,-0.048,-0.05
-0.002,-0.046,-0.036,-0.102,-0.048,-0.05
-0.001,-0.045,-0.034,-0.101,-0.048,-0.05
0,-0.044,-0.033,-0.1,-0.048,-0.05
0.002,-0.043,-0.032,-0.099,-0.049,-0.05
0.003,-0.042,-0.032,-0.098,-0.049,-0.049
0.004,-0.042,-0.031,-0.097,-0.049,-0.049
0.004,-0.041,-0.03,-0.096,-0.049,-0.049
0.005,-0.04,-0.03,-0.095,-0.05,-0.049
0.006,-0.04,-0.03,-0.095,-0.05,-0.049
0.006,-0.039,-0.03,-0.094,-0.051,-0.049
0.006,-0.039,-0.03,-0.093,-0.051,-0.049
0.006,-0.039,-0.03,-0.093,-0.052,-0.049
0.006,-0.039,-0.031,-0.092,-0.052,-0.049
0.006,-0.039,-0.031,-0.092,-0.053,-0.049
0.005,-0.039,-0.032,-0.092,-0.053,-0.049
0.004,-0.039,-0.033,-0.091,-0.054,-0.049
0.003,-0.039,-0.034,-0.091,-0.055,-0.049
0.002,-0.04,-0.036,-0.092,-0.055,-0.049
0.001,-0.04,-0.037,-0.092,-0.056,-0.049
0,-0.041,-0.038,-0.092,-0.056,-0.049
-0.002,-0.042,-0.04,-0.093,-0.056,-0.049
-0.003,-0.043,-0.041,-0.093,-0.057,-0.049
-0.005,-0.044,-0.043,-0.094,-0.057,-0.05
-0.007,-0.045,-0.044,-0.095,-0.057,-0.05
-0.008,-0.046,-0.046,-0.096,-0.057,-0.05
-0.01,-0.046,-0.047,-0.098,-0.057,-0.05
-0.012,-0.047,-0.048,-0.099,-0.057,-0.05
-0.013,-0.048,-0.049,-0.101,-0.057,-0.05
-0.015,-0.049,-0.05,-0.103,-0.057,-0.051
-0.016,-0.05,-0.051,-0.104,-0.057,-0.051
-0.018,-0.051,-0.051,-0.106,-0.056,-0.051
-0.019,-0.051,-0.052,-0.109,-0.056,-0.051
-0.02,-0.052,-0.052,-0.111,-0.055,-0.051
-0.021,-0.052,-0.052,-0.113,-0.055,-0.051
-0.022,-0.052,-0.052,-0.115,-0.054,-0.052
-0.022,-0.052,-0.051,-0.118,-0.054,-0.052
-0.023,-0.052,-0.051,-0.12,-0.053,-0.052
-0.023,-0.052,-0.05,-0.122,-0.053,-0.052
-0.024,-0.052,-0.049,-0.124,-0.052,-0.052
-0.024,-0.051,-0.048,-0.126,-0.051,-0.052
-0.024,-0.05,-0.047,-0.128,-0.051,-0.051
-0.024,-0.05,-0.046,-0.13,-0.05,-0.051
-0.024,-0.049,-0.045,-0.131,-0.05,-0.051
-0.024,-0.048,-0.043,-0.133,-0.05,-0.051
-0.024,-0.047,-0.042,-0.134,-0.049,-0.05
-0.024,-0.046,-0.041,-0.135,-0.049,-0.05
-0.024,-0.045,-0.04,-0.135,-0.049,-0.049
-0.024,-0.044,-0.038,-0.136,-0.049,-0.048
-0.024,-0.043,-0.037,-0.136,-0.048,-0.048
-0.024,-0.042,-0.036,-0.136,-0.048,-0.047
-0.024,-0.04,-0.036,-0.136,-0.048,-0.046
-0.024,-0.039,-0.035,-0.135,-0.048,-0.045
-0.024,-0.038,-0.034,-0.135,-0.049,-0.044
-0.024,-0.038,-0.034,-0.134,-0.049,-0.043
-0.025,-0.037,-0.034,-0.133,-0.049,-0.042
-0.025,-0.036,-0.034,-0.132,-0.049,-0.041
-0.025,-0.035,-0.034,-0.13,-0.049,-0.04
-0.025,-0.035,-0.034,-0.129,-0.049,-0.039
-0.025,-0.034,-0.035,-0.127,-0.049,-0.038
-0.026,-0.034,-0.035,-0.126,-0.05,-0.038
-0.026,-0.033,-0.036,-0.124,-0.05,-0.037
-0.026,-0.033,-0.037,-0.123,-0.05,-0.036
-0.026,-0.033,-0.038,-0.121,-0.05,-0.036
-0.026,-0.033,-0.039,-0.119,-0.05,-0.036
-0.027,-0.033,-0.039,-0.118,-0.05,-0.036
-0.027,-0.033,-0.04,-0.116,-0.05,-0.036
-0.027,-0.033,-0.041,-0.115,-0.05,-0.036
-0.027,-0.033,-0.042,-0.113,-0.05,-0.036
-0.027,-0.033,-0.043,-0.112,-0.05,-0.037
-0.027,-0.033,-0.044,-0.111,-0.05,-0.037
-0.027,-0.033,-0.044,-0.109,-0.05,-0.038
-0.027,-0.034,-0.045,-0.108,-0.05,-0.039
-0.027,-0.034,-0.045,-0.107,-0.05,-0.04
-0.027,-0.034,-0.045,-0.107,-0.05,-0.041
-0.027,-0.035,-0.045,-0.106,-0.05,-0.042
-0.027,-0.035,-0.045,-0.105,-0.05,-0.043
-0.027,-0.035,-0.045,-0.105,-0.05,-0.044
-0.027,-0.036,-0.045,-0.104,-0.05,-0.045
-0.027,-0.036,-0.045,-0.104,-0.051,-0.047
-0.027,-0.036,-0.044,-0.104,-0.051,-0.048
-0.026,-0.037,-0.044,-0.104,-0.051,-0.048
-0.026,-0.037,-0.043,-0.104,-0.051,-0.049
-0.026,-0.037,-0.042,-0.104,-0.052,-0.05
-0.026,-0.038,-0.042,-0.104,-0.052,-0.05
-0.025,-0.038,-0.041,-0.104,-0.052,-0.051
-0.025,-0.039,-0.04,-0.104,-0.053,-0.051
-0.025,-0.039,-0.04,-0.104,-0.053,-0.051
-0.024,-0.039,-0.039,-0.105,-0.053,-0.051
-0.024,0,-0.038,-0.105,-0.054,-0.051
-0.024,0,-0.037,-0.105,-0.054,-0.05
-0.023,0,-0.037,-0.105,-0.055,-0.05
-0.023,0,-0.036,-0.106,-0.055,-0.049
-0.023,0,-0.035,-0.106,-0.055,-0.049
-0.023,0,-0.035,-0.106,-0.056,-0.048
-0.023,0,-0.034,-0.107,-0.056,-0.047
-0.023,0,-0.034,-0.107,-0.056,-0.046
-0.022,0,-0.033,-0.107,-0.056,-0.045
-0.022,0,-0.033,-0.108,-0.056,-0.045
-0.022,0,-0.032,-0.108,-0.056,-0.044
-0.022,0,-0.032,-0.108,-0.056,-0.043
-0.022,0,-0.031,-0.109,-0.055,-0.043
-0.022,0,-0.03,-0.109,-0.055,-0.042
-0.022,0,-0.03,-0.11,-0.054,-0.041
-0.022,0,-0.029,-0.11,-0.054,-0.041
-0.022,0,-0.029,-0.111,-0.053,-0.041
-0.022,0,-0.028,-0.111,-0.052,-0.041
-0.022,0,-0.027,-0.112,-0.051,-0.041
-0.021,0,-0.026,-0.112,-0.051,-0.041
-0.021,0,-0.026,-0.113,-0.05,-0.041
-0.021,0,-0.025,-0.113,-0.048,-0.041
-0.02,0,-0.024,-0.114,-0.047,-0.041
-0.02,0,-0.023,-0.114,-0.046,-0.042
-0.019,0,-0.022,-0.115,-0.045,-0.042
-0.019,0,-0.021,-0.116,-0.044,-0.042
-0.018,0,-0.02,-0.116,-0.043,-0.043
-0.017,0,-0.019,-0.117,-0.042,-0.043
-0.016,0,-0.018,-0.117,-0.041,-0.043
-0.015,0,-0.017,-0.117,-0.04,0
-0.014,0,-0.016,-0.118,-0.039,0
-0.014,0,-0.016,-0.118,-0.038,0
-0.012,0,-0.015,-0.118,-0.037,0
-0.011,0,-0.014,-0.118,0,0
-0.01,0,-0.014,-0.118,0,0
-0.009,0,-0.013,-0.118,0,0
-0.008,0,-0.013,-0.118,0,0
-0.007,0,-0.013,-0.117,0,0
-0.006,0,-0.013,-0.117,0,0
-0.004,0,-0.013,-0.116,0,0
-0.003,0,-0.013,-0.116,0,0
-0.002,0,-0.014,-0.115,0,0
-0.001,0,-0.014,-0.114,0,0
0,0,-0.015,-0.114,0,0
0.002,0,-0.015,-0.113,0,0
0.003,0,0,-0.112,0,0
0.004,0,0,0,0,0
0,0,0,0,0,0
0,0,0,0,0,0
0,0,0,0,0,0
0,0,0,0,0,0
0,0,0,0,0,0
0,0,0,0,0,0
0,0,0,0,0,0
0,0,0,0,0,0
0,0,0,0,0,0
0,0,0,0,0,0
0,0,0,0,0,0
0,0,0,0,0,0
0,0,0,0,0,0
0,0,0,0,0,0
0,0,0,0,0,0
0,0,0,0,0,0
0,0,0,0,0,0
0,0,0,0,0,0
0,0,0,0,0,0
0,0,0,0,0,0
0,0,0,0,0,0
0,0,0,0,0,0
0,0,0,0,0,0
0,0,0,0,0,0
0,0,0,0,0,0
0,0,0,0,0,0
0,0,0,0,0,0
0,0,0,0,0,0
0,0,0,0,0,0
0,0,0,0,0,0
0,0,0,0,0,0
0,0,0,0,0,0
0,0,0,0,0,0
0,0,0,0,0,0
0,0,0,0,0,0
0,0,0,0,0,0
0,0,0,0,0,0
0,0,0,0,0,0
0,0,0,0,0,0
0,0,0,0,0,0
0,0,0,0,0,0
0,0,0,0,0,0
0,0,0,0,0,0
0,0,0,0,0,0
0,0,0,0,0,0
0,0,0,0,0,0
0,0,0,0,0,0
0,0,0,0,0,0
0,0,0,0,0,0
0,0,0,0,0,0
0,0,0,0,0,0
0,0,0,0,0,0
0,0,0,0,0,0
0,0,0,0,0,0
0,0,0,0,0,0
0,0,0,0,0,0
0,0,0,0,0,0
0,0,0,0,0,0
0,0,0,0,0,0
0,0,0,0,0,0
0,0,0,0,0,0
0,0,0,0,0,0
0,0,0,0,0,0
0,0,0,0,0,0
0,0,0,0,0,0
0,0,0,0,0,0
0,0,0,0,0,0
0,0,0,0,0,0
0,0,0,0,0,0
0,0,0,0,0,0
0,0,0,0,0,0
0,0,0,0,0,0
0,0,0,0,0,0
0,0,0,0,0,0
0,0,0,0,0,0
0,0,0,0,0,0
0,0,0,0,0,0
0,0,0,0,0,0
0,0,0,0,0,0
0,0,0,0,0,0
0,0,0,0,0,0
0,0,0,0,0,0
0,0,0,0,0,0
0,0,0,0,0,0
0,0,0,0,0,0
0,0,0,0,0,0
0,0,0,0,0,0
0,0,0,0,0,0
0,0,0,0,0,0
0,0,0,0,0,0
0,0,0,0,0,0
0,0,0,0,0,0
0,0,0,0,0,0
0,0,0,0,0,0
0,0,0,0,0,0
0,0,0,0,0,0
0,0,0,0,0,0
0,0,0,0,0,0
0,0,0,0,0,0
0,0,0,0,0,0
0,0,0,0,0,0
0,0,0,0,0,0
0,0,0,0,0,0
0,0,0,0,0,0
0,0,0,0,0,0
0,0,0,0,0,0
0,0,0,0,0,0
0,0,0,0,0,0
0,0,0,0,0,0
0,0,0,0,0,0
0,0,0,0,0,0
0,0,0,0,0,0
0,0,0,0,0,0
0,0,0,0,0,0
0,0,0,0,0,0
0,0,0,0,0,0
0,0,0,0,0,0
0,0,0,0,0,0
0,0,0,0,0,0
0,0,0,0,0,0
0,0,0,0,0,0
0,0,0,0,0,0
0,0,0,0,0,0
0,0,0,0,0,0
0,0,0,0,0,0
0,0,0,0,0,0
0,0,0,0,0,0
0,0,0,0,0,0
0,0,0,0,0,0
0,0,0,0,0,0
0,0,0,0,0,0
0,0,0,0,0,0
0,0,0,0,0,0
0,0,0,0,0,0
0,0,0,0,0,0
0,0,0,0,0,0
0,0,0,0,0,0
0,0,0,0,0,0
0,0,0,0,0,0
0,0,0,0,0,0
0,0,0,0,0,0
0,0,0,0,0,0
0,0,0,0,0,0
0,0,0,0,0,0
0,0,0,0,0,0
0,0,0,0,0,0
0,0,0,0,0,0
0,0,0,0,0,0
0,0,0,0,0,0
0,0,0,0,0,0
0,0,0,0,0,0
0,0,0,0,0,0
0,0,0,0,0,0
0,0,0,0,0,0
0,0,0,0,0,0
0,0,0,0,0,0
0,0,0,0,0,0
0,0,0,0,0,0
0,0,0,0,0,0
0,0,0,0,0,0
0,0,0,0,0,0
0,0,0,0,0,0
0,0,0,0,0,0
0,0,0,0,0,0
0,0,0,0,0,0
0,0,0,0,0,0
0,0,0,0,0,0
0,0,0,0,0,0
0,0,0,0,0,0
0,0,0,0,0,0
0,0,0,0,0,0
0,0,0,0,0,0
0,0,0,0,0,0
0,0,0,0,0,0
0,0,0,0,0,0
0,0,0,0,0,0
0,0,0,0,0,0
0,0,0,0,0,0
0,0,0,0,0,0
0,0,0,0,0,0
0,0,0,0,0,0
0,0,0,0,0,0
0,0,0,0,0,0
0,0,0,0,0,0
0,0,0,0,0,0
0,0,0,0,0,0
0,0,0,0,0,0
0,0,0,0,0,0
0,0,0,0,0,0
0,0,0,0,0,0
0,0,0,0,0,0
0,0,0,0,0,0
0,0,0,0,0,0
0,0,0,0,0,0
0,0,0,0,0,0
0,0,0,0,0,0
0,0,0,0,0,0
0,0,0,0,0,0
0,0,0,0,0,0
0,0,0,0,0,0
0,0,0,0,0,0
0,0,0,0,0,0
0,0,0,0,0,0
0,0,0,0,0,0
0,0,0,0,0,0
0,0,0,0,0,0
0,0,0,0,0,0
0,0,0,0,0,0
0,0,0,0,0,0
0,0,0,0,0,0
0,0,0,0,0,0
0,0,0,0,0,0
0,0,0,0,0,0
0,0,0,0,0,0
0,0,0,0,0,0
0,0,0,0,0,0
0,0,0,0,0,0
0,0,0,0,0,0
0,0,0,0,0,0
0,0,0,0,0,0
0,0,0,0,0,0
0,0,0,0,0,0
0,0,0,0,0,0
0,0,0,0,0,0
0,0,0,0,0,0
0,0,0,0,0,0
0,0,0,0,0,0
0,0,0,0,0,0
0,0,0,0,0,0
0,0,0,0,0,0
0,0,0,0,0,0
0,0,0,0,0,0
0,0,0,0,0,0
0,0,0,0,0,0
0,0,0,0,0,0
0,0,0,0,0,0
0,0,0,0,0,0
0,0,0,0,0,0
0,0,0,0,0,0
0,0,0,0,0,0
0,0,0,0,0,0
0,0,0,0,0,0
0,0,0,0,0,0
0,0,0,0,0,0
0,0,0,0,0,0
0,0,0,0,0,0
0,0,0,0,0,0
0,0,0,0,0,0
0,0,0,0,0,0
0,0,0,0,0,0
0,0,0,0,0,0
0,0,0,0,0,0
0,0,0,0,0,0
0,0,0,0,0,0
0,0,0,0,0,0
