-0.06,-0.032,-0.06,-0.046,-0.087,0.086,-0.134
-0.059,-0.03,-0.059,-0.044,-0.087,0.087,-0.133
-0.058,-0.028,-0.058,-0.043,-0.087,0.088,-0.132
-0.057,-0.026,-0.057,-0.043,-0.087,0.089,-0.13
-0.056,-0.024,-0.056,-0.042,-0.087,0.09,-0.129
-0.055,-0.022,-0.055,-0.041,-0.087,0.091,-0.127
-0.054,-0.02,-0.054,-0.04,-0.087,0.092,-0.125
-0.053,-0.018,-0.053,-0.04,-0.087,0.094,-0.123
-0.052,-0.017,-0.052,-0.039,-0.087,0.095,-0.121
-0.05,-0.015,-0.05,-0.039,-0.087,0.096,-0.119
-0.049,-0.014,-0.049,-0.039,-0.086,0.097,-0.116
-0.047,-0.013,-0.047,-0.038,-0.086,0.098,-0.114
-0.046,-0.012,-0.046,-0.038,-0.086,0.099,-0.111
-0.044,-0.011,-0.044,-0.038,-0.085,0.1,-0.108
-0.042,-0.01,-0.042,-0.038,-0.085,0.101,-0.105
-0.041,-0.01,-0.041,-0.037,-0.084,0.101,-0.102
-0.039,-0.009,-0.039,-0.037,-0.083,0.102,-0.099
-0.037,-0.008,-0.037,-0.037,-0.082,0.103,-0.096
-0.036,-0.008,-0.036,-0.037,-0.081,0.103,-0.093
-0.034,-0.007,-0.034,-0.037,-0.08,0.104,-0.09
-0.032,-0.006,-0.032,-0.037,-0.079,0.104,-0.088
-0.031,-0.006,-0.031,-0.038,-0.078,0.104,-0.085
-0.03,-0.005,-0.03,-0.038,-0.077,0.104,-0.082
-0.028,-0.004,-0.028,-0.038,-0.076,0.104,-0.079
-0.027,-0.003,-0.027,-0.038,-0.075,0.104,-0.076
-0.026,-0.002,-0.026,-0.039,-0.073,0.104,-0.073
-0.025,-0.001,-0.025,-0.039,-0.072,0.104,-0.071
-0.024,0.001,-0.024,-0.04,-0.071,0.104,-0.068
-0.023,0.002,-0.023,-0.041,-0.07,0.104,-0.066
-0.022,0.004,-0.022,-0.041,-0.069,0.104,-0.064
-0.022,0.005,-0.022,-0.042,-0.068,0.104,-0.062
-0.021,0.007,-0.021,-0.043,-0.067,0.103,-0.059
-0.021,0.009,-0.021,-0.044,-0.066,0.103,-0.058
-0.021,0.011,-0.021,-0.045,-0.065,0.103,-0.056
-0.021,0.012,-0.021,-0.045,-0.064,0.103,-0.054
-0.021,0.014,-0.021,-0.046,-0.063,0.103,-0.052
-0.021,0.016,-0.021,-0.047,-0.062,0.103,-0.05
-0.021,0.018,-0.021,-0.048,-0.062,0.103,-0.049
-0.021,0.02,-0.021,-0.048,-0.061,0.103,-0.047
-0.022,0.021,-0.022,-0.049,-0.061,0.103,-0.045
-0.022,0.023,-0.022,-0.049,-0.06,0.103,-0.044
-0.022,0.024,-0.022,-0.05,-0.06,0.103,-0.042
-0.023,0.026,-0.023,-0.05,-0.059,0.103,-0.04
-0.023,0.027,-0.023,-0.05,-0.059,0.104,-0.039
-0.023,0.028,-0.023,-0.05,-0.058,0.104,-0.037
-0.023,0.029,-0.023,-0.05,-0.058,0.104,-0.035
-0.023,0.03,-0.023,-0.05,-0.057,0.105,-0.033
-0.024,0.031,-0.024,-0.05,-0.057,0.105,-0.032
-0.024,0.031,-0.024,-0.05,-0.056,0.105,-0.03
-0.023,0.032,-0.023,-0.05,-0.055,0.105,-0.028
-0.023,0.032,-0.023,-0.049,-0.054,0.106,-0.026
-0.023,0.032,-0.023,-0.049,-0.053,0.106,-0.024
-0.023,0.033,-0.023,-0.049,-0.052,0.106,-0.022
-0.023,0.033,-0.023,-0.048,-0.051,0.106,-0.02
-0.023,0.033,-0.023,-0.048,-0.05,0.106,-0.019
-0.022,0.033,-0.022,-0.048,-0.049,0.106,-0.017
-0.022,0.033,-0.022,-0.048,-0.047,0.106,-0.015
-0.022,0.034,-0.022,-0.048,-0.046,0.106,-0.013
-0.022,0.034,-0.022,-0.048,-0.044,0.105,-0.012
-0.021,0.034,-0.021,-0.048,-0.043,0.105,-0.01
-0.021,0.035,-0.021,-0.049,-0.041,0.105,-0.009
-0.021,0.035,-0.021,-0.049,-0.039,0.104,-0.007
-0.021,0.036,-0.021,-0.05,-0.038,0.104,-0.006
-0.021,0.036,-0.021,-0.051,-0.036,0.104,-0.005
-0.022,0.037,-0.022,-0.052,-0.034,0.103,-0.003
-0.022,0.038,-0.022,-0.053,-0.032,0.103,-0.002
-0.022,0.038,-0.022,-0.054,-0.03,0.102,-0.001
-0.023,0.039,-0.023,-0.056,-0.029,0.102,-0.001
-0.023,0.04,-0.023,-0.057,-0.027,0.101,0
-0.024,0.041,-0.024,-0.059,-0.025,0.101,0.001
-0.025,0.042,-0.025,-0.06,-0.023,0.1,0.001
-0.026,0.043,-0.026,-0.062,-0.021,0.1,0.002
-0.027,0.044,-0.027,-0.064,-0.02,0.1,0.002
-0.028,0.045,-0.028,-0.065,-0.018,0.1,0.002
-0.029,0.046,-0.029,-0.067,-0.016,0.099,0.003
-0.03,0.047,-0.03,-0.069,-0.014,0.099,0.003
-0.031,0.048,-0.031,-0.07,-0.013,0.099,0.003
-0.032,0.049,-0.032,-0.071,-0.011,0.099,0.003
-0.033,0.05,-0.033,-0.073,-0.009,0.099,0.003
-0.034,0.051,-0.034,-0.074,-0.008,0.1,0.003
-0.035,0.052,-0.035,-0.075,-0.006,0.1,0.003
-0.036,0.053,-0.036,-0.076,-0.005,0.1,0.004
-0.037,0.053,-0.037,-0.076,-0.003,0.1,0.004
-0.037,0.054,-0.037,-0.077,-0.001,0.101,0.004
-0.038,0.054,-0.038,-0.078,0,0.101,0.004
-0.039,0.055,-0.039,-0.078,0.002,0.101,0.004
-0.04,0.055,-0.04,-0.078,0.003,0.102,0.005
-0.041,0.055,-0.041,-0.078,0.005,0.102,0.005
-0.042,0.055,-0.042,-0.078,0.007,0.102,0.005
-0.043,0.056,-0.043,-0.078,0.008,0.102,0.005
-0.044,0.056,-0.044,-0.078,0.009,0.103,0.006
-0.045,0.056,-0.045,-0.078,0.011,0.103,0.006
-0.045,0.056,-0.045,-0.078,0.012,0.103,0.006
-0.046,0.056,-0.046,-0.078,0.013,0.103,0.007
-0.047,0.056,-0.047,-0.078,0.015,0.103,0.007
-0.048,0.056,-0.048,-0.078,0.016,0.102,0.007
-0.049,0.056,-0.049,-0.079,0.017,0.102,0.007
-0.05,0.056,-0.05,-0.079,0.018,0.102,0.008
-0.051,0.056,-0.051,-0.08,0.019,0.101,0.008
-0.052,0.056,-0.052,-0.08,0.019,0.101,0.008
-0.053,0.056,-0.053,-0.081,0.02,0.1,0.008
-0.054,0.056,-0.054,-0.082,0.02,0.099,0.008
-0.054,0.056,-0.054,-0.084,0.021,0.099,0.007
-0.055,0.057,-0.055,-0.085,0.021,0.098,0.007
-0.056,0.057,-0.056,-0.087,0.021,0.097,0.007
-0.057,0.057,-0.057,-0.089,0.021,0.096,0.006
-0.057,0.057,-0.057,-0.091,0.021,0.095,0.006
-0.058,0.058,-0.058,-0.093,0.021,0.094,0.005
-0.059,0.058,-0.059,-0.095,0.021,0.093,0.004
-0.059,0.058,-0.059,-0.097,0.021,0.092,0.004
-0.06,0.059,-0.06,-0.1,0.02,0.092,0.003
-0.06,0.059,-0.06,-0.102,0.02,0.091,0.002
-0.061,0.059,-0.061,-0.104,0.02,0.09,0.001
-0.061,0.059,-0.061,-0.107,0.019,0.089,0
-0.062,0.059,-0.062,-0.109,0.019,0.088,-0.001
-0.062,0.059,-0.062,-0.111,0.019,0.088,-0.003
-0.063,0.059,-0.063,-0.113,0.018,0.087,-0.004
-0.063,0.059,-0.063,-0.115,0.018,0.086,-0.005
-0.063,0.059,-0.063,-0.117,0.018,0.086,-0.006
-0.064,0.059,-0.064,-0.119,0.018,0.086,-0.007
-0.064,0.058,-0.064,-0.12,0.018,0.085,-0.009
-0.065,0.058,-0.065,-0.122,0.018,0.085,-0.01
-0.065,0.057,-0.065,-0.123,0.018,0.085,-0.011
-0.066,0.056,-0.066,-0.124,0.019,0.085,-0.012
-0.066,0.055,-0.066,-0.125,0.019,0.086,-0.013
-0.067,0.054,-0.067,-0.125,0.02,0.086,-0.014
-0.068,0.052,-0.068,-0.126,0.021,0.086,-0.015
-0.069,0.051,-0.069,-0.126,0.021,0.087,-0.016
-0.07,0.049,-0.07,-0.126,0.022,0.088,-0.017
-0.071,0.047,-0.071,-0.126,0.023,0.088,-0.018
-0.072,0.046,-0.072,-0.126,0.024,0.089,-0.018
-0.073,0.044,-0.073,-0.126,0.025,0.09,-0.019
-0.075,0.042,-0.075,-0.126,0.026,0.091,-0.02
-0.076,0.04,-0.076,-0.126,0.027,0.092,-0.021
-0.077,0.038,-0.077,-0.126,0.028,0.093,-0.022
-0.079,0.036,-0.079,-0.127,0.029,0.094,-0.022
-0.081,0.035,-0.081,-0.127,0.03,0.095,-0.023
-0.083,0.033,-0.083,-0.127,0.031,0.096,-0.024
-0.084,0.031,-0.084,-0.128,0.032,0.097,-0.025
-0.086,0.03,-0.086,-0.128,0.033,0.098,-0.026
-0.088,0.028,-0.088,-0.129,0.033,0.098,-0.027
-0.09,0.027,-0.09,-0.13,0.034,0.099,-0.028
-0.092,0.026,-0.092,-0.131,0.034,0.1,-0.029
-0.094,0.025,-0.094,-0.133,0.034,0.1,-0.03
-0.096,0.024,-0.096,-0.134,0.034,0.101,-0.032
-0.098,0.024,-0.098,-0.136,0.034,0.101,-0.033
-0.1,0.023,-0.1,-0.137,0.034,0.101,-0.034
-0.102,0.023,-0.102,-0.139,0.033,0.101,-0.036
-0.104,0.023,-0.104,-0.141,0.033,0.101,-0.037
-0.106,0.022,-0.106,-0.143,0.032,0.101,-0.039
-0.107,0.022,-0.107,-0.146,0.031,0.101,-0.04
-0.109,0.022,-0.109,-0.148,0.03,0.1,-0.042
-0.11,0.023,-0.11,-0.15,0.029,0.1,-0.044
-0.112,0.023,-0.112,-0.152,0.028,0.1,-0.045
-0.113,0.023,-0.113,-0.154,0.027,0.099,-0.047
-0.114,0.023,-0.114,-0.156,0.026,0.099,-0.048
-0.115,0.023,-0.115,-0.158,0.024,0.098,-0.05
-0.116,0.023,-0.116,-0.16,0.023,0.098,-0.051
-0.117,0.023,-0.117,-0.161,0.021,0.097,-0.053
-0.118,0.023,-0.118,-0.162,0.02,0.097,-0.054
-0.118,0.022,-0.118,-0.164,0.019,0.097,-0.056
-0.119,0.022,-0.119,-0.164,0.017,0.096,-0.057
-0.119,0.021,-0.119,-0.165,0.016,0.096,-0.058
-0.119,0.02,-0.119,-0.166,0.015,0.096,-0.059
-0.119,0.019,-0.119,-0.166,0.014,0.096,-0.06
-0.119,0.018,-0.119,-0.166,0.013,0.096,-0.061
-0.12,0.016,-0.12,-0.166,0.012,0.096,-0.062
-0.12,0.014,-0.12,-0.165,0.011,0.096,-0.062
-0.12,0.012,-0.12,-0.164,0.01,0.097,-0.063
-0.12,0.01,-0.12,-0.164,0.01,0.097,-0.064
-0.121,0.008,-0.121,-0.163,0.009,0.098,-0.064
-0.121,0.006,-0.121,-0.162,0.009,0.099,-0.065
-0.121,0.003,-0.121,-0.16,0.009,0.099,-0.065
-0.122,0.001,-0.122,-0.159,0.009,0.1,-0.066
-0.123,-0.002,-0.123,-0.158,0.009,0.101,-0.066
-0.123,-0.004,-0.123,-0.157,0.009,0.103,-0.066
-0.124,-0.007,-0.124,-0.155,0.009,0.104,-0.067
-0.125,-0.009,-0.125,-0.154,0.009,0.105,-0.067
-0.126,-0.012,-0.126,-0.153,0.01,0.106,-0.068
-0.128,-0.014,-0.128,-0.152,0.01,0.108,-0.068
-0.129,-0.016,-0.129,-0.151,0.011,0.109,-0.069
-0.13,-0.018,-0.13,-0.15,0.011,0.111,-0.07
-0.132,-0.02,-0.132,-0.15,0.012,0.112,-0.071
-0.134,-0.022,-0.134,-0.149,0.012,0.113,-0.072
-0.135,-0.023,-0.135,-0.149,0.013,0.115,-0.073
-0.137,-0.025,-0.137,-0.149,0.013,0.116,-0.074
-0.139,-0.026,-0.139,-0.149,0.013,0.117,-0.076
-0.14,-0.027,-0.14,-0.15,0.014,0.118,-0.078
-0.142,-0.027,-0.142,-0.15,0.014,0.119,-0.079
-0.144,-0.028,-0.144,-0.151,0.014,0.12,-0.081
-0.146,-0.028,-0.146,-0.152,0.014,0.12,-0.083
-0.147,-0.028,-0.147,-0.153,0.013,0.121,-0.085
-0.149,-0.029,-0.149,-0.154,0.013,0.121,-0.088
-0.15,-0.028,-0.15,-0.155,0.012,0.121,-0.09
-0.152,-0.028,-0.152,-0.156,0.011,0.121,-0.092
-0.153,-0.028,-0.153,-0.157,0.011,0.121,-0.094
-0.154,-0.028,-0.154,-0.159,0.009,0.121,-0.097
-0.155,-0.028,-0.155,-0.16,0.008,0.121,-0.099
-0.156,-0.028,-0.156,-0.161,0.007,0.12,-0.101
-0.157,-0.028,-0.157,-0.163,0.005,0.12,-0.104
-0.157,-0.027,-0.157,-0.164,0.004,0.119,-0.106
-0.158,-0.027,-0.158,-0.165,0.002,0.119,-0.108
-0.158,-0.028,-0.158,-0.166,0,0.118,-0.11
-0.159,-0.028,-0.159,-0.168,-0.002,0.117,-0.111
-0.159,-0.028,-0.159,-0.168,-0.004,0.116,-0.113
-0.159,-0.029,-0.159,-0.169,-0.006,0.116,-0.114
-0.159,-0.029,-0.159,-0.17,-0.008,0.115,-0.116
-0.159,-0.03,-0.159,-0.171,-0.01,0.114,-0.117
-0.158,-0.031,-0.158,-0.171,-0.012,0.114,-0.117
-0.158,-0.031,-0.158,-0.172,-0.014,0.114,-0.118
-0.158,-0.032,-0.158,-0.172,-0.016,0.113,-0.118
-0.157,-0.033,-0.157,-0.172,-0.018,0.113,-0.119
-0.157,-0.034,-0.157,-0.173,-0.02,0.113,-0.119
-0.156,-0.035,-0.156,-0.173,-0.022,0.113,-0.118
-0.155,-0.036,-0.155,-0.173,-0.023,0.114,-0.118
-0.155,-0.037,-0.155,-0.173,-0.025,0.114,-0.118
-0.154,-0.038,-0.154,-0.173,-0.027,0.114,-0.117
-0.153,-0.039,-0.153,-0.173,-0.028,0.115,-0.116
-0.153,-0.039,-0.153,-0.173,-0.029,0.116,-0.116
-0.152,-0.04,-0.152,-0.173,-0.03,0.117,-0.115
-0.151,-0.04,-0.151,-0.174,-0.032,0.117,-0.114
-0.151,-0.04,-0.151,-0.174,-0.033,0.118,-0.113
-0.15,-0.04,-0.15,-0.174,-0.033,0.119,-0.112
-0.149,-0.039,-0.149,-0.174,-0.034,0.12,-0.112
-0.149,-0.039,-0.149,-0.174,-0.035,0.121,-0.111
-0.148,-0.038,-0.148,-0.175,-0.036,0.122,-0.11
-0.148,-0.037,-0.148,-0.175,-0.037,0.123,-0.11
-0.147,-0.036,-0.147,-0.176,-0.037,0.124,-0.109
-0.147,-0.035,-0.147,-0.176,-0.038,0.124,-0.109
-0.147,-0.034,-0.147,-0.177,-0.039,0.125,-0.109
-0.147,-0.033,-0.147,-0.177,-0.04,0.125,-0.109
-0.146,-0.031,-0.146,-0.178,-0.04,0.125,-0.109
-0.146,-0.03,-0.146,-0.178,-0.041,0.126,-0.109
-0.146,-0.029,-0.146,-0.179,-0.042,0.126,-0.11
-0.147,-0.028,-0.147,-0.18,-0.043,0.125,-0.11
-0.147,-0.027,-0.147,-0.18,-0.044,0.125,-0.111
-0.147,-0.026,-0.147,-0.181,-0.045,0.125,-0.111
-0.147,-0.025,-0.147,-0.181,-0.046,0.124,-0.112
-0.148,-0.024,-0.148,-0.182,-0.047,0.123,-0.113
-0.149,-0.024,-0.149,-0.182,-0.049,0.123,-0.113
-0.149,-0.024,-0.149,-0.183,-0.05,0.122,-0.114
-0.15,-0.024,-0.15,-0.183,-0.051,0.121,-0.115
-0.151,-0.025,-0.151,-0.184,-0.053,0.119,-0.116
-0.152,-0.026,-0.152,-0.184,-0.054,0.118,-0.116
-0.153,-0.027,-0.153,-0.184,-0.056,0.117,-0.117
-0.154,-0.028,-0.154,-0.184,-0.058,0.116,-0.117
-0.156,-0.03,-0.156,-0.184,-0.059,0.115,-0.118
-0.157,-0.032,-0.157,-0.184,-0.061,0.113,-0.118
-0.158,-0.034,-0.158,-0.184,-0.062,0.112,-0.118
-0.16,-0.037,-0.16,-0.184,-0.064,0.111,-0.118
-0.161,-0.039,-0.161,-0.183,-0.066,0.109,-0.118
-0.163,-0.042,-0.163,-0.183,-0.067,0.108,-0.118
-0.164,-0.045,-0.164,-0.182,-0.068,0.107,-0.118
-0.166,-0.047,-0.166,-0.182,-0.07,0.106,-0.118
-0.168,-0.05,-0.168,-0.181,-0.071,0.105,-0.118
-0.169,-0.053,-0.169,-0.181,-0.072,0.104,-0.117
-0.171,-0.055,-0.171,-0.18,-0.073,0.104,-0.117
-0.172,-0.058,-0.172,-0.179,-0.073,0.103,-0.116
-0.174,-0.06,-0.174,-0.178,-0.074,0.102,-0.116
-0.175,-0.062,-0.175,-0.177,-0.074,0.102,-0.115
-0.177,-0.063,-0.177,-0.176,-0.075,0.102,-0.115
-0.178,-0.065,-0.178,-0.175,-0.075,0.101,-0.114
-0.179,-0.066,-0.179,-0.174,-0.075,0.101,-0.114
-0.18,-0.067,-0.18,-0.172,-0.075,0.101,-0.113
-0.181,-0.068,-0.181,-0.171,-0.075,0.101,-0.113
-0.181,-0.068,-0.181,-0.17,-0.074,0.101,-0.112
-0.182,-0.068,-0.182,-0.169,-0.074,0.102,-0.112
-0.182,-0.067,-0.182,-0.167,-0.074,0.102,-0.111
-0.182,-0.067,-0.182,-0.166,-0.073,0.102,-0.111
-0.182,-0.066,-0.182,-0.165,-0.073,0.103,-0.111
-0.182,-0.065,-0.182,-0.164,-0.073,0.103,-0.111
-0.182,-0.064,-0.182,-0.163,-0.072,0.104,-0.111
-0.181,-0.062,-0.181,-0.162,-0.072,0.104,-0.111
-0.181,-0.061,-0.181,-0.161,-0.072,0.105,-0.111
-0.18,-0.059,-0.18,-0.16,-0.072,0.105,-0.11
-0.179,-0.057,-0.179,-0.159,-0.072,0.106,-0.11
-0.177,-0.055,-0.177,-0.159,-0.072,0.107,-0.11
-0.176,-0.054,-0.176,-0.158,-0.072,0.107,-0.11
-0.175,-0.052,-0.175,-0.158,-0.072,0.108,-0.11
-0.173,-0.05,-0.173,-0.158,-0.073,0.109,-0.11
-0.172,-0.049,-0.172,-0.158,-0.073,0.109,-0.11
-0.17,-0.048,-0.17,-0.158,-0.074,0.11,-0.11
-0.168,-0.046,-0.168,-0.159,-0.074,0.111,-0.11
-0.166,-0.045,-0.166,-0.159,-0.075,0.111,-0.11
-0.165,-0.045,-0.165,-0.16,-0.076,0.112,-0.109
-0.163,-0.044,-0.163,-0.161,-0.076,0.112,-0.109
-0.161,-0.044,-0.161,-0.163,-0.077,0.113,-0.109
-0.16,-0.044,-0.16,-0.164,-0.078,0.114,-0.108
-0.158,-0.044,-0.158,-0.166,-0.079,0.114,-0.108
-0.157,-0.044,-0.157,-0.167,-0.079,0.115,-0.107
-0.156,-0.044,-0.156,-0.169,-0.08,0.116,-0.107
-0.154,-0.045,-0.154,-0.171,-0.081,0.116,-0.106
-0.153,-0.046,-0.153,-0.173,-0.081,0.117,-0.106
-0.153,-0.047,-0.153,-0.174,-0.082,0.117,-0.105
-0.152,-0.048,-0.152,-0.176,-0.082,0.118,-0.105
-0.151,-0.05,-0.151,-0.178,-0.082,0.118,-0.104
-0.151,-0.051,-0.151,-0.18,-0.083,0.119,-0.104
-0.15,-0.053,-0.15,-0.181,-0.083,0.119,-0.103
-0.15,-0.055,-0.15,-0.183,-0.083,0.12,-0.103
-0.15,-0.056,-0.15,-0.184,-0.083,0.12,-0.102
-0.151,-0.058,-0.151,-0.185,-0.083,0.121,-0.102
-0.151,-0.06,-0.151,-0.186,-0.082,0.121,-0.102
-0.152,-0.062,-0.152,-0.187,-0.082,0.121,-0.101
-0.153,-0.063,-0.153,-0.188,-0.082,0.121,-0.101
-0.154,-0.065,-0.154,-0.188,-0.082,0.122,-0.101
-0.155,-0.067,-0.155,-0.188,-0.082,0.122,-0.1
-0.156,-0.068,-0.156,-0.188,-0.081,0.121,-0.1
-0.157,-0.069,-0.157,-0.188,-0.081,0.121,-0.1
-0.159,-0.071,-0.159,-0.188,-0.081,0.121,-0.1
-0.16,-0.072,-0.16,-0.187,-0.081,0.12,-0.1
-0.162,-0.073,-0.162,-0.186,-0.081,0.12,-0.1
-0.164,-0.073,-0.164,-0.185,-0.081,0.119,-0.1
-0.166,-0.074,-0.166,-0.184,-0.081,0.118,-0.1
-0.167,-0.074,-0.167,-0.183,-0.082,0.117,-0.1
-0.169,-0.075,-0.169,-0.181,-0.082,0.116,-0.1
-0.171,-0.075,-0.171,-0.18,-0.083,0.114,-0.1
-0.173,-0.075,-0.173,-0.178,-0.083,0.113,-0.1
-0.174,-0.074,-0.174,-0.177,-0.084,0.111,-0.1
-0.176,-0.074,-0.176,-0.175,-0.084,0.11,-0.1
-0.178,-0.073,-0.178,-0.174,-0.085,0.108,-0.1
-0.179,-0.072,-0.179,-0.172,-0.086,0.106,-0.099
-0.18,-0.071,-0.18,-0.171,-0.087,0.104,-0.099
-0.181,-0.07,-0.181,-0.17,-0.088,0.103,-0.099
-0.182,-0.068,-0.182,-0.168,-0.089,0.101,-0.099
-0.183,-0.067,-0.183,-0.167,-0.09,0.099,-0.099
-0.183,-0.065,-0.183,-0.166,-0.09,0.097,-0.098
-0.184,-0.063,-0.184,-0.165,-0.091,0.096,-0.098
-0.184,-0.062,-0.184,-0.164,-0.092,0.094,-0.098
-0.184,-0.06,-0.184,-0.163,-0.093,0.093,-0.097
-0.184,-0.058,-0.184,-0.162,-0.093,0.092,-0.097
-0.183,-0.056,-0.183,-0.161,-0.094,0.091,-0.096
-0.183,-0.055,-0.183,-0.16,-0.094,0.09,-0.096
-0.182,-0.053,-0.182,-0.159,-0.094,0.089,-0.095
-0.181,-0.051,-0.181,-0.158,-0.094,0.089,-0.095
-0.18,-0.05,-0.18,-0.158,-0.094,0.088,-0.094
-0.178,-0.049,-0.178,-0.157,-0.094,0.088,-0.094
-0.177,-0.048,-0.177,-0.156,-0.094,0.088,-0.093
-0.175,-0.047,-0.175,-0.155,-0.093,0.088,-0.093
-0.174,-0.046,-0.174,-0.154,-0.092,0.089,-0.092
-0.172,-0.045,-0.172,-0.153,-0.092,0.089,-0.092
-0.17,-0.045,-0.17,-0.152,-0.091,0.09,-0.092
-0.168,-0.045,-0.168,-0.151,-0.09,0.091,-0.092
-0.166,-0.045,-0.166,-0.151,-0.089,0.092,-0.092
-0.164,-0.045,-0.164,-0.15,-0.088,0.093,-0.092
-0.162,-0.046,-0.162,-0.148,-0.087,0.094,-0.092
-0.16,-0.046,-0.16,-0.147,-0.086,0.095,-0.092
-0.158,-0.047,-0.158,-0.146,-0.085,0.096,-0.092
-0.156,-0.048,-0.156,-0.145,-0.084,0.097,-0.093
-0.154,-0.049,-0.154,-0.144,-0.083,0.098,-0.093
-0.152,-0.05,-0.152,-0.143,-0.082,0.099,-0.094
-0.15,-0.051,-0.15,-0.142,-0.081,0.1,-0.095
-0.148,-0.051,-0.148,-0.141,-0.081,0.101,-0.095
-0.146,-0.052,-0.146,-0.14,-0.08,0.101,-0.096
-0.145,-0.053,-0.145,-0.14,-0.08,0.102,-0.097
-0.143,-0.054,-0.143,-0.139,-0.079,0.102,-0.098
-0.142,-0.054,-0.142,-0.138,-0.079,0.103,-0.099
-0.14,-0.055,-0.14,-0.137,-0.079,0.103,-0.1
-0.139,-0.055,-0.139,-0.137,-0.078,0.103,-0.101
-0.138,-0.055,-0.138,-0.136,-0.078,0.103,-0.102
-0.137,-0.055,-0.137,-0.135,-0.079,0.103,-0.102
-0.136,-0.055,-0.136,-0.135,-0.079,0.102,-0.103
-0.135,-0.054,-0.135,-0.135,-0.079,0.102,-0.104
-0.135,-0.054,-0.135,-0.134,-0.079,0.101,-0.104
-0.134,-0.053,-0.134,-0.134,-0.08,0.101,-0.105
-0.134,-0.052,-0.134,-0.134,-0.08,0.1,-0.105
-0.134,-0.051,-0.134,-0.133,-0.081,0.099,-0.105
-0.133,-0.05,-0.133,-0.133,-0.081,0.098,-0.105
-0.133,-0.049,-0.133,-0.133,-0.082,0.098,-0.105
-0.133,-0.048,-0.133,-0.133,-0.082,0.097,-0.105
-0.134,-0.047,-0.134,-0.133,-0.083,0.096,-0.105
-0.134,-0.046,-0.134,-0.133,-0.083,0.096,-0.104
-0.134,-0.044,-0.134,-0.133,-0.084,0.095,-0.104
-0.135,-0.043,-0.135,-0.133,-0.084,0.095,-0.104
-0.136,-0.042,-0.136,-0.133,-0.085,0.094,-0.103
-0.136,-0.041,-0.136,-0.133,-0.085,0.094,-0.103
-0.137,-0.04,-0.137,-0.134,-0.085,0.094,-0.102
-0.138,-0.04,-0.138,-0.134,-0.086,0.094,-0.102
-0.139,-0.039,-0.139,-0.134,-0.086,0.094,-0.101
-0.14,-0.038,-0.14,-0.135,-0.086,0.094,-0.1
-0.141,-0.038,-0.141,-0.135,-0.086,0.094,-0.1
-0.142,-0.038,-0.142,-0.136,-0.085,0.095,-0.099
-0.143,-0.038,-0.143,-0.136,-0.085,0.095,-0.099
-0.144,-0.037,-0.144,-0.137,-0.085,0.095,-0.098
-0.145,-0.038,-0.145,-0.138,-0.084,0.096,-0.098
-0.146,-0.038,-0.146,-0.139,-0.084,0.096,-0.097
-0.147,-0.038,-0.147,-0.139,-0.083,0.097,-0.097
-0.148,-0.039,-0.148,-0.14,-0.083,0.097,-0.096
-0.149,-0.039,-0.149,-0.141,-0.082,0.097,-0.096
-0.149,-0.04,-0.149,-0.142,-0.082,0.098,-0.095
-0.15,-0.041,-0.15,-0.143,-0.081,0.098,-0.095
-0.151,-0.041,-0.151,-0.144,-0.08,0.098,-0.095
-0.151,-0.042,-0.151,-0.144,-0.08,0.098,-0.095
-0.152,-0.043,-0.152,-0.145,-0.079,0.098,-0.094
-0.152,-0.044,-0.152,-0.146,-0.078,0.098,-0.094
-0.152,-0.045,-0.152,-0.146,-0.078,0.098,-0.094
-0.152,-0.046,-0.152,-0.146,-0.077,0.098,-0.094
-0.152,-0.047,-0.152,-0.147,-0.077,0.097,-0.094
-0.152,-0.048,-0.152,-0.147,-0.076,0.097,-0.094
-0.152,-0.048,-0.152,-0.147,-0.076,0.096,-0.094
-0.152,-0.049,-0.152,-0.146,-0.076,0.096,-0.093
-0.151,-0.05,-0.151,-0.146,-0.075,0.095,-0.093
-0.151,-0.05,-0.151,-0.146,-0.075,0.095,-0.093
-0.15,-0.051,-0.15,-0.145,-0.075,0.094,-0.093
-0.149,-0.051,-0.149,-0.144,-0.075,0.093,-0.093
-0.149,-0.051,-0.149,-0.143,-0.075,0.093,-0.093
-0.148,-0.051,-0.148,-0.142,-0.075,0.092,-0.093
-0.147,-0.051,-0.147,-0.141,-0.075,0.092,-0.093
-0.146,-0.051,-0.146,-0.139,-0.075,0.091,-0.092
-0.145,-0.05,-0.145,-0.138,-0.075,0.091,-0.092
-0.144,-0.05,-0.144,-0.136,-0.075,0.09,-0.092
-0.143,-0.049,-0.143,-0.134,-0.075,0.09,-0.092
-0.142,-0.048,-0.142,-0.133,-0.075,0.09,-0.091
-0.142,-0.047,-0.142,-0.131,-0.074,0.089,-0.091
-0.141,-0.046,-0.141,-0.129,-0.074,0.089,-0.091
-0.14,-0.045,-0.14,-0.127,-0.074,0.089,-0.09
-0.139,-0.043,-0.139,-0.125,-0.074,0.089,-0.09
-0.139,-0.042,-0.139,-0.124,-0.073,0.089,-0.089
-0.138,-0.04,-0.138,-0.122,-0.073,0.089,-0.089
-0.138,-0.038,-0.138,-0.12,-0.073,0.089,-0.088
-0.137,-0.037,-0.137,-0.119,-0.072,0.089,-0.088
-0.137,-0.035,-0.137,-0.118,-0.071,0.089,-0.087
-0.137,-0.033,-0.137,-0.116,-0.071,0.089,-0.087
-0.137,-0.032,-0.137,-0.115,-0.07,0.09,-0.086
-0.137,-0.03,-0.137,-0.115,-0.069,0.09,-0.085
-0.136,-0.028,-0.136,-0.114,-0.068,0.09,-0.085
-0.136,-0.027,-0.136,-0.114,-0.068,0.09,-0.084
-0.136,-0.025,-0.136,-0.113,-0.067,0.09,-0.084
-0.136,-0.024,-0.136,-0.113,-0.066,0.09,-0.084
-0.136,-0.022,-0.136,-0.113,-0.065,0.09,-0.083
-0.136,-0.021,-0.136,-0.114,-0.064,0.091,-0.083
-0.136,-0.02,-0.136,-0.114,-0.063,0.091,-0.082
-0.136,-0.02,-0.136,-0.115,-0.062,0.091,-0.082
-0.135,-0.019,-0.135,-0.116,-0.061,0.091,-0.082
-0.135,-0.018,-0.135,-0.117,-0.061,0.091,-0.081
-0.135,-0.018,-0.135,-0.118,-0.06,0.091,-0.081
-0.134,-0.018,-0.134,-0.119,-0.059,0.091,-0.081
-0.134,-0.018,-0.134,-0.12,-0.058,0.09,-0.081
-0.133,-0.019,-0.133,-0.122,-0.058,0.09,-0.081
-0.133,-0.019,-0.133,-0.124,-0.057,0.09,-0.081
-0.132,-0.02,-0.132,-0.125,-0.056,0.09,-0.081
-0.131,-0.021,-0.131,-0.127,-0.056,0.09,-0.08
-0.13,-0.022,-0.13,-0.129,-0.055,0.09,-0.08
-0.13,-0.023,-0.13,-0.131,-0.055,0.09,-0.08
-0.129,-0.025,-0.129,-0.133,-0.055,0.09,-0.08
-0.128,-0.026,-0.128,-0.135,-0.054,0.091,-0.08
-0.127,-0.028,-0.127,-0.137,-0.054,0.091,-0.08
-0.126,-0.029,-0.126,-0.139,-0.054,0.091,-0.08
-0.126,-0.031,-0.126,-0.14,-0.053,0.091,-0.08
-0.125,-0.033,-0.125,-0.142,-0.053,0.091,-0.08
-0.124,-0.034,-0.124,-0.144,-0.053,0.091,-0.08
-0.124,-0.036,-0.124,-0.145,-0.053,0.092,-0.08
-0.124,-0.037,-0.124,-0.146,-0.053,0.092,-0.08
-0.123,-0.038,-0.123,-0.147,-0.053,0.092,-0.08
-0.123,-0.039,-0.123,-0.148,-0.053,0.093,-0.08
-0.123,-0.04,-0.123,-0.149,-0.053,0.093,-0.08
-0.123,-0.041,-0.123,-0.15,-0.053,0.093,-0.08
-0.123,-0.042,-0.123,-0.15,-0.054,0.094,-0.08
-0.124,-0.042,-0.124,-0.15,-0.054,0.094,-0.08
-0.124,-0.043,-0.124,-0.15,-0.054,0.095,-0.08
-0.125,-0.043,-0.125,-0.15,-0.055,0.095,-0.08
-0.126,-0.043,-0.126,-0.149,-0.055,0.095,-0.08
-0.127,-0.042,-0.127,-0.149,-0.055,0.096,-0.08
-0.128,-0.042,-0.128,-0.148,-0.056,0.096,-0.08
-0.129,-0.041,-0.129,-0.147,-0.056,0.097,-0.08
-0.13,-0.04,-0.13,-0.146,-0.057,0.097,-0.08
-0.131,-0.04,-0.131,-0.144,-0.057,0.097,-0.08
-0.132,-0.039,-0.132,-0.143,-0.058,0.098,-0.08
-0.134,-0.038,-0.134,-0.142,-0.058,0.098,-0.08
-0.135,-0.036,-0.135,-0.14,-0.059,0.098,-0.08
-0.136,-0.035,-0.136,-0.139,-0.059,0.098,-0.08
-0.138,-0.034,-0.138,-0.138,-0.06,0.099,-0.08
-0.139,-0.032,-0.139,-0.136,-0.06,0.099,-0.08
-0.14,-0.031,-0.14,-0.135,-0.06,0.099,-0.08
-0.141,-0.03,-0.141,-0.134,-0.061,0.099,-0.081
-0.143,-0.028,-0.143,-0.133,-0.061,0.099,-0.081
-0.143,-0.027,-0.143,-0.132,-0.061,0.099,-0.081
-0.144,-0.026,-0.144,-0.131,-0.061,0.099,-0.081
-0.145,-0.024,-0.145,-0.13,-0.061,0.098,-0.082
-0.145,-0.023,-0.145,-0.13,-0.061,0.098,-0.082
-0.146,-0.022,-0.146,-0.129,-0.061,0.098,-0.083
-0.146,-0.021,-0.146,-0.129,-0.06,0.097,-0.083
-0.146,-0.02,-0.146,-0.129,-0.06,0.097,-0.084
-0.146,-0.019,-0.146,-0.129,-0.06,0.096,-0.084
-0.145,-0.018,-0.145,-0.129,-0.059,0.096,-0.085
-0.145,-0.017,-0.145,-0.13,-0.059,0.095,-0.085
-0.144,-0.017,-0.144,-0.13,-0.058,0.095,-0.086
-0.143,-0.016,-0.143,-0.131,-0.057,0.094,-0.086
-0.142,-0.015,-0.142,-0.131,-0.057,0.093,-0.087
-0.141,-0.015,-0.141,-0.132,-0.056,0.092,-0.087
-0.14,-0.015,-0.14,-0.133,-0.055,0.091,-0.088
-0.139,-0.014,-0.139,-0.134,-0.055,0.091,-0.088
-0.138,-0.014,-0.138,-0.134,-0.054,0.09,-0.088
-0.136,-0.014,-0.136,-0.135,-0.053,0.089,-0.089
-0.135,-0.014,-0.135,-0.135,-0.052,0.088,-0.089
-0.134,-0.014,-0.134,-0.136,-0.052,0.087,-0.09
-0.133,-0.014,-0.133,-0.136,-0.051,0.087,-0.09
-0.132,-0.015,-0.132,-0.136,-0.05,0.086,-0.09
-0.131,-0.015,-0.131,-0.136,-0.049,0.085,-0.091
-0.13,-0.015,-0.13,-0.135,-0.049,0.084,-0.091
-0.13,-0.016,-0.13,-0.135,-0.048,0.084,-0.091
-0.129,-0.016,-0.129,-0.134,-0.047,0.083,-0.092
-0.129,-0.017,-0.129,-0.133,-0.047,0.083,-0.092
-0.129,-0.017,-0.129,-0.132,-0.046,0.082,-0.092
-0.129,-0.018,-0.129,-0.131,-0.045,0.082,-0.093
-0.13,-0.019,-0.13,-0.13,-0.045,0.081,-0.093
-0.13,-0.019,-0.13,-0.128,-0.044,0.081,-0.093
-0.131,-0.02,-0.131,-0.127,-0.043,0.081,-0.094
-0.132,-0.021,-0.132,-0.125,-0.043,0.08,-0.094
-0.134,-0.021,-0.134,-0.124,-0.042,0.08,-0.094
-0.135,-0.022,-0.135,-0.122,-0.041,0.08,-0.095
-0.137,-0.023,-0.137,-0.12,-0.041,0.08,-0.095
-0.138,-0.024,-0.138,-0.119,-0.04,0.08,-0.095
-0.14,-0.024,-0.14,-0.117,-0.04,0.08,-0.096
-0.142,-0.025,-0.142,-0.116,-0.04,0.08,-0.096
-0.144,-0.025,-0.144,-0.114,-0.039,0.08,-0.096
-0.146,-0.026,-0.146,-0.113,-0.039,0.08,-0.097
-0.148,-0.026,-0.148,-0.112,-0.039,0.08,-0.097
-0.15,-0.027,-0.15,-0.112,-0.038,0.08,-0.097
-0.152,-0.027,-0.152,-0.111,-0.038,0.081,-0.098
-0.153,-0.027,-0.153,-0.111,-0.038,0.081,-0.098
-0.155,-0.028,-0.155,-0.111,-0.038,0.081,-0.098
-0.156,-0.028,-0.156,-0.111,-0.038,0.082,-0.099
-0.158,-0.028,-0.158,-0.111,-0.039,0.082,-0.099
-0.159,-0.029,-0.159,-0.111,-0.039,0.082,-0.099
-0.159,-0.029,-0.159,-0.112,-0.039,0.083,-0.099
-0.16,-0.029,-0.16,-0.113,-0.04,0.083,-0.099
-0.161,-0.029,-0.161,-0.113,-0.04,0.084,-0.099
-0.161,-0.03,-0.161,-0.114,-0.041,0.084,-0.099
-0.161,-0.03,-0.161,-0.116,-0.041,0.085,-0.099
-0.161,-0.03,-0.161,-0.117,-0.042,0.086,-0.099
-0.16,-0.03,-0.16,-0.118,-0.043,0.086,-0.099
-0.16,-0.031,-0.16,-0.119,-0.043,0.087,-0.099
-0.159,-0.031,-0.159,-0.12,-0.044,0.088,-0.099
-0.158,-0.031,-0.158,-0.122,-0.045,0.089,-0.099
-0.157,-0.032,-0.157,-0.123,-0.046,0.09,-0.099
-0.156,-0.032,-0.156,-0.124,-0.046,0.09,-0.1
-0.154,-0.033,-0.154,-0.125,-0.047,0.091,-0.1
-0.153,-0.033,-0.153,-0.126,-0.048,0.092,-0.1
-0.151,-0.034,-0.151,-0.127,-0.048,0.093,-0.1
-0.15,-0.035,-0.15,-0.128,-0.049,0.094,-0.1
-0.148,-0.036,-0.148,-0.128,-0.049,0.094,-0.1
-0.147,-0.036,-0.147,-0.129,-0.05,0.095,-0.1
-0.146,-0.037,-0.146,-0.129,-0.05,0.095,-0.1
-0.144,-0.038,-0.144,-0.129,-0.051,0.096,-0.1
-0.143,-0.039,-0.143,-0.129,-0.051,0.096,-0.1
-0.142,-0.04,-0.142,-0.129,-0.051,0.097,-0.101
-0.141,-0.041,-0.141,-0.129,-0.051,0.097,-0.101
-0.14,-0.042,-0.14,-0.128,-0.051,0.097,-0.101
-0.139,-0.043,-0.139,-0.128,-0.051,0.097,-0.101
-0.139,-0.044,-0.139,-0.127,-0.051,0.097,-0.102
-0.138,-0.045,-0.138,-0.126,-0.051,0.097,-0.102
-0.138,-0.046,-0.138,-0.125,-0.051,0.096,-0.102
-0.138,-0.046,-0.138,-0.123,-0.051,0.096,-0.103
-0.138,-0.047,-0.138,-0.122,-0.05,0.096,-0.103
-0.138,-0.048,-0.138,-0.12,-0.05,0.095,-0.103
-0.138,-0.048,-0.138,-0.119,-0.05,0.095,-0.104
-0.139,-0.049,-0.139,-0.117,-0.049,0.094,-0.104
-0.139,-0.049,-0.139,-0.115,-0.049,0.093,-0.104
-0.14,-0.049,-0.14,-0.114,-0.048,0.093,-0.104
-0.14,-0.049,-0.14,-0.112,-0.048,0.092,-0.105
-0.141,-0.048,-0.141,-0.11,-0.047,0.092,-0.105
-0.142,-0.048,-0.142,-0.108,-0.047,0.091,-0.105
-0.142,-0.047,-0.142,-0.107,-0.047,0.091,-0.105
-0.143,-0.046,-0.143,-0.105,-0.046,0.09,-0.105
-0.144,-0.045,-0.144,-0.104,-0.046,0.09,-0.105
-0.144,-0.044,-0.144,-0.103,-0.046,0.09,-0.105
-0.144,-0.043,-0.144,-0.102,-0.046,0.09,-0.105
-0.145,-0.041,-0.145,-0.101,-0.046,0.09,-0.104
-0.145,-0.04,-0.145,-0.101,-0.046,0.09,-0.104
-0.145,-0.038,-0.145,-0.1,-0.046,0.09,-0.104
-0.145,-0.037,-0.145,-0.1,-0.046,0.09,-0.103
-0.145,-0.035,-0.145,-0.1,-0.046,0.091,-0.103
-0.145,-0.033,-0.145,-0.1,-0.046,0.091,-0.103
-0.144,-0.032,-0.144,-0.101,-0.046,0.092,-0.102
-0.144,-0.03,-0.144,-0.101,-0.046,0.093,-0.102
-0.143,-0.029,-0.143,-0.102,-0.047,0.093,-0.101
-0.142,-0.027,-0.142,-0.103,-0.047,0.094,-0.101
-0.141,-0.026,-0.141,-0.104,-0.047,0.095,-0.1
-0.14,-0.025,-0.14,-0.105,-0.047,0.096,-0.1
-0.139,-0.025,-0.139,-0.106,-0.048,0.097,-0.099
-0.138,-0.024,-0.138,-0.107,-0.048,0.097,-0.099
-0.137,-0.024,-0.137,-0.109,-0.048,0.098,-0.098
-0.135,-0.024,-0.135,-0.11,-0.048,0.098,-0.098
-0.134,-0.024,-0.134,-0.111,-0.048,0.099,-0.098
-0.132,-0.024,-0.132,-0.112,-0.048,0.099,-0.097
-0.131,-0.025,-0.131,-0.113,-0.048,0.1,-0.097
-0.13,-0.025,-0.13,-0.114,-0.047,0.1,-0.096
-0.128,-0.026,-0.128,-0.115,-0.047,0.1,-0.096
-0.127,-0.027,-0.127,-0.116,-0.047,0.1,-0.096
-0.126,-0.028,-0.126,-0.116,-0.046,0.1,-0.095
-0.124,-0.03,-0.124,-0.117,-0.046,0.099,-0.095
-0.123,-0.031,-0.123,-0.118,-0.045,0.099,-0.095
-0.122,-0.032,-0.122,-0.118,-0.044,0.099,-0.094
-0.122,-0.034,-0.122,-0.119,-0.044,0.098,-0.094
-0.121,-0.035,-0.121,-0.119,-0.043,0.097,-0.093
-0.121,-0.037,-0.121,-0.12,-0.042,0.097,-0.093
-0.121,-0.038,-0.121,-0.12,-0.041,0.096,-0.093
-0.121,-0.039,-0.121,-0.12,-0.041,0.095,-0.092
-0.121,-0.04,-0.121,-0.12,-0.04,0.094,-0.092
-0.121,-0.041,-0.121,-0.121,-0.039,0.093,-0.091
-0.122,-0.041,-0.122,-0.121,-0.039,0.092,-0.09
-0.123,-0.042,-0.123,-0.121,-0.038,0.092,-0.09
-0.124,-0.042,-0.124,-0.121,-0.038,0.091,-0.089
-0.125,-0.042,-0.125,-0.121,-0.037,0.09,-0.088
-0.126,-0.042,-0.126,-0.121,-0.037,0.089,-0.087
-0.128,-0.042,-0.128,-0.121,-0.037,0.089,-0.086
-0.129,-0.042,-0.129,-0.121,-0.037,0.088,-0.085
-0.131,-0.041,-0.131,-0.121,-0.037,0.088,-0.084
-0.132,-0.041,-0.132,-0.121,-0.038,0.088,-0.083
-0.134,-0.04,-0.134,-0.121,-0.038,0.087,-0.082
-0.135,-0.039,-0.135,-0.121,-0.039,0.087,-0.081
-0.137,-0.039,-0.137,-0.121,-0.039,0.087,-0.08
-0.138,-0.038,-0.138,-0.12,-0.04,0.088,-0.079
-0.14,-0.037,-0.14,-0.12,-0.041,0.088,-0.078
-0.141,-0.037,-0.141,-0.12,-0.042,0.088,-0.076
-0.142,-0.036,-0.142,-0.119,-0.043,0.089,-0.075
-0.143,-0.036,-0.143,-0.119,-0.044,0.089,-0.074
-0.143,-0.035,-0.143,-0.118,-0.044,0.09,-0.073
-0.144,-0.035,-0.144,-0.118,-0.045,0.09,-0.072
-0.144,-0.035,-0.144,-0.117,-0.046,0.091,-0.071
-0.144,-0.035,-0.144,-0.117,-0.047,0.092,-0.07
-0.143,-0.036,-0.143,-0.116,-0.048,0.093,-0.069
-0.143,-0.036,-0.143,-0.115,-0.048,0.093,-0.068
-0.142,-0.037,-0.142,-0.115,-0.049,0.094,-0.067
-0.141,-0.037,-0.141,-0.114,-0.049,0.095,-0.066
-0.14,-0.038,-0.14,-0.113,-0.049,0.096,-0.065
-0.138,-0.039,-0.138,-0.113,-0.049,0.097,-0.064
-0.137,-0.04,-0.137,-0.112,-0.049,0.097,-0.063
-0.135,-0.041,-0.135,-0.111,-0.048,0.098,-0.062
-0.133,-0.042,-0.133,-0.111,-0.048,0.099,-0.062
-0.132,-0.043,-0.132,-0.11,-0.047,0.1,-0.061
-0.13,-0.044,-0.13,-0.11,-0.046,0.1,-0.06
-0.128,-0.044,-0.128,-0.109,-0.045,0.101,-0.059
-0.126,-0.045,-0.126,-0.108,-0.044,0.102,-0.058
-0.124,-0.046,-0.124,-0.108,-0.043,0.102,-0.057
-0.122,-0.046,-0.122,-0.107,-0.041,0.103,-0.056
-0.121,-0.047,-0.121,-0.107,-0.04,0.103,-0.056
-0.119,-0.047,-0.119,-0.106,-0.038,0.104,-0.055
-0.118,-0.047,-0.118,-0.106,-0.037,0.104,-0.054
-0.117,-0.047,-0.117,-0.105,-0.035,0.105,-0.053
-0.116,-0.046,-0.116,-0.105,-0.034,0.105,-0.052
-0.116,-0.046,-0.116,-0.104,-0.032,0.106,-0.051
-0.115,-0.046,-0.115,-0.104,-0.031,0.106,-0.05
-0.115,-0.045,-0.115,-0.103,-0.03,0.106,-0.049
-0.115,-0.044,-0.115,-0.103,-0.029,0.107,-0.048
-0.116,-0.043,-0.116,-0.102,-0.028,0.107,-0.047
-0.116,-0.042,-0.116,-0.102,-0.027,0.107,-0.046
-0.117,-0.041,-0.117,-0.101,-0.026,0.108,-0.045
-0.118,-0.04,-0.118,-0.1,-0.025,0.108,-0.044
-0.119,-0.038,-0.119,-0.1,-0.025,0.108,-0.043
-0.121,-0.037,-0.121,-0.099,-0.025,0.109,-0.042
-0.122,-0.036,-0.122,-0.098,-0.024,0.109,-0.042
-0.124,-0.034,-0.124,-0.097,-0.024,0.109,-0.041
-0.125,-0.033,-0.125,-0.097,-0.024,0.109,-0.04
-0.126,-0.032,-0.126,-0.096,-0.024,0.11,-0.04
-0.128,-0.03,-0.128,-0.095,-0.025,0.11,-0.039
-0.129,-0.029,-0.129,-0.094,-0.025,0.111,-0.039
-0.13,-0.028,-0.13,-0.092,-0.025,0.111,-0.038
-0.131,-0.026,-0.131,-0.091,-0.026,0.111,-0.038
-0.132,-0.025,-0.132,-0.09,-0.026,0.112,-0.038
-0.133,-0.024,-0.133,-0.089,-0.026,0.112,-0.038
-0.133,-0.023,-0.133,-0.087,-0.026,0.113,-0.037
-0.133,-0.022,-0.133,-0.086,-0.027,0.113,-0.037
-0.133,-0.02,-0.133,-0.084,-0.027,0.114,-0.037
-0.132,-0.019,-0.132,-0.083,-0.027,0.114,-0.037
-0.132,-0.018,-0.132,-0.081,-0.027,0.115,-0.037
-0.131,-0.017,-0.131,-0.08,-0.026,0.116,-0.037
-0.13,-0.016,-0.13,-0.078,-0.026,0.116,-0.038
-0.129,-0.015,-0.129,-0.076,-0.026,0.117,-0.038
-0.127,-0.014,-0.127,-0.075,-0.025,0.118,-0.038
-0.125,-0.013,-0.125,-0.073,-0.024,0.118,-0.038
-0.123,-0.013,-0.123,-0.071,-0.023,0.119,-0.038
-0.122,-0.012,-0.122,-0.069,-0.022,0.12,-0.039
-0.12,-0.011,-0.12,-0.068,-0.021,0.12,-0.039
-0.117,-0.011,-0.117,-0.066,-0.02,0.121,-0.039
-0.115,-0.01,-0.115,-0.064,-0.019,0.121,-0.039
-0.113,-0.01,-0.113,-0.063,-0.017,0.122,-0.039
-0.111,-0.01,-0.111,-0.061,-0.016,0.122,-0.039
-0.109,-0.009,-0.109,-0.06,-0.015,0.122,-0.039
-0.108,-0.009,-0.108,-0.058,-0.013,0.123,-0.039
-0.106,-0.009,-0.106,-0.057,-0.012,0.123,-0.039
-0.105,-0.009,-0.105,-0.055,-0.01,0.123,-0.039
-0.103,-0.01,-0.103,-0.054,-0.009,0.123,-0.039
-0.102,-0.01,-0.102,-0.053,-0.008,0.123,-0.039
-0.101,-0.01,-0.101,-0.052,-0.006,0.123,-0.038
-0.1,-0.01,-0.1,-0.051,-0.005,0.123,-0.038
-0.1,-0.011,-0.1,-0.05,-0.004,0.123,-0.037
-0.099,-0.011,-0.099,-0.049,-0.003,0.123,-0.037
-0.099,-0.012,-0.099,-0.048,-0.002,0.122,-0.036
-0.099,-0.012,-0.099,-0.047,-0.001,0.122,-0.035
-0.099,-0.012,-0.099,-0.046,-0.001,0.122,-0.034
-0.099,-0.013,-0.099,-0.046,0,0.122,-0.033
-0.1,-0.013,-0.1,-0.045,0.001,0.121,-0.032
-0.1,-0.013,-0.1,-0.045,0.001,0.121,-0.031
-0.101,-0.013,-0.101,-0.044,0.001,0.121,-0.03
-0.101,-0.013,-0.101,-0.044,0.002,0.121,-0.028
-0.102,-0.013,-0.102,-0.043,0.002,0.121,-0.027
-0.103,-0.012,-0.103,-0.043,0.002,0.121,-0.026
-0.103,-0.012,-0.103,-0.043,0.003,0.121,-0.024
-0.104,-0.011,-0.104,-0.043,0.003,0.121,-0.023
-0.104,-0.01,-0.104,-0.042,0.003,0.121,-0.021
-0.105,-0.01,-0.105,-0.042,0.003,0.122,-0.02
-0.105,-0.009,-0.105,-0.042,0.004,0.122,-0.019
-0.105,-0.007,-0.105,-0.042,0.004,0.123,-0.017
-0.105,-0.006,-0.105,-0.042,0.004,0.123,-0.016
-0.105,-0.005,-0.105,-0.042,0.004,0.124,-0.015
-0.105,-0.004,-0.105,-0.041,0.004,0.125,-0.014
-0.105,-0.002,-0.105,-0.041,0.005,0.126,-0.013
-0.104,-0.001,-0.104,-0.041,0.005,0.127,-0.012
-0.103,0.001,-0.103,-0.04,0.005,0.129,-0.011
-0.102,0.002,-0.102,-0.04,0.005,0.13,-0.01
-0.101,0.004,-0.101,-0.039,0.006,0.131,-0.009
-0.1,0.005,-0.1,-0.039,0.006,0.133,-0.008
-0.099,0.006,-0.099,-0.038,0.006,0.134,-0.007
-0.097,0.007,-0.097,-0.038,0.006,0.136,-0.006
-0.096,0.008,-0.096,-0.037,0.007,0.137,-0.006
-0.094,0.009,-0.094,-0.036,0.007,0.139,-0.005
-0.092,0.01,-0.092,-0.035,0.007,0.14,-0.004
-0.09,0.011,-0.09,-0.035,0.007,0.142,-0.003
-0.088,0.012,-0.088,-0.034,0.008,0.143,-0.003
-0.085,0.013,-0.085,-0.033,0.008,0.145,-0.002
-0.083,0.013,-0.083,-0.032,0.008,0.146,-0.001
-0.081,0.014,-0.081,-0.031,0.008,0.147,-0.001
-0.078,0.014,-0.078,-0.03,0.008,0.149,0
-0.076,0.015,-0.076,-0.029,0.008,0.15,0.001
-0.073,0.015,-0.073,-0.028,0.008,0.151,0.001
-0.071,0.016,-0.071,-0.028,0.008,0.152,0.002
-0.068,0.016,-0.068,-0.027,0.008,0.153,0.003
-0.065,0.016,-0.065,-0.026,0.008,0.153,0.003
-0.063,0.017,-0.063,-0.025,0.008,0.154,0.004
-0.06,0.017,-0.06,-0.025,0.007,0.155,0.004
-0.058,0.018,-0.058,-0.024,0.007,0.155,0.005
-0.056,0.018,-0.056,-0.023,0.007,0.155,0.005
-0.054,0.019,-0.054,-0.023,0.007,0.156,0.006
-0.052,0.019,-0.052,-0.023,0.007,0.156,0.006
-0.05,0.02,-0.05,-0.022,0.006,0.155,0.006
-0.049,0.02,-0.049,-0.022,0.006,0.155,0.006
-0.048,0.021,-0.048,-0.022,0.006,0.155,0.006
-0.047,0.021,-0.047,-0.022,0.005,0.154,0.007
-0.046,0.021,-0.046,-0.022,0.005,0.154,0.006
-0.046,0.022,-0.046,-0.022,0.004,0.153,0.006
-0.046,0.022,-0.046,-0.023,0.004,0.152,0.006
-0.046,0.022,-0.046,-0.023,0.004,0.151,0.006
-0.047,0.022,-0.047,-0.023,0.003,0.15,0.006
-0.048,0.022,-0.048,-0.023,0.003,0.149,0.005
-0.05,0.022,-0.05,-0.024,0.002,0.148,0.005
-0.051,0.021,-0.051,-0.024,0.001,0.146,0.005
-0.053,0.021,-0.053,-0.025,0.001,0.145,0.005
-0.056,0.02,-0.056,-0.025,0,0.143,0.004
-0.058,0.019,-0.058,-0.025,0,0.142,0.004
-0.061,0.018,-0.061,-0.026,-0.001,0.14,0.004
-0.064,0.017,-0.064,-0.026,-0.002,0.138,0.003
-0.067,0.016,-0.067,-0.026,-0.002,0.137,0.003
-0.07,0.015,-0.07,-0.027,-0.003,0.135,0.003
-0.073,0.013,-0.073,-0.027,-0.004,0.134,0.002
-0.076,0.012,-0.076,-0.027,-0.004,0.132,0.002
-0.079,0.01,-0.079,-0.027,-0.005,0.131,0.002
-0.082,0.009,-0.082,-0.028,-0.006,0.13,0.002
-0.084,0.007,-0.084,-0.028,-0.006,0.129,0.001
-0.087,0.006,-0.087,-0.028,-0.007,0.128,0.001
-0.088,0.004,-0.088,-0.028,-0.007,0.127,0.001
-0.09,0.003,-0.09,-0.028,-0.008,0.126,0.001
-0.091,0.001,-0.091,-0.028,-0.009,0.126,0.001
-0.092,0,-0.092,-0.028,-0.009,0.126,0
-0.092,-0.001,-0.092,-0.028,-0.009,0.126,0
-0.092,-0.003,-0.092,-0.028,-0.01,0.126,0
-0.091,-0.004,-0.091,-0.028,-0.01,0.126,-0.001
-0.09,-0.004,-0.09,-0.028,-0.011,0.126,-0.001
-0.088,-0.005,-0.088,-0.028,-0.011,0.127,-0.001
-0.086,-0.006,-0.086,-0.028,-0.011,0.127,-0.002
-0.084,-0.006,-0.084,-0.028,-0.011,0.128,-0.002
-0.081,-0.006,-0.081,-0.028,-0.012,0.129,-0.003
-0.079,-0.006,-0.079,-0.028,-0.012,0.13,-0.003
-0.076,-0.006,-0.076,-0.028,-0.012,0.13,-0.004
-0.073,-0.006,-0.073,-0.028,-0.013,0.131,-0.004
-0.069,-0.006,-0.069,-0.029,-0.013,0.132,-0.005
-0.066,-0.006,-0.066,-0.029,-0.014,0.133,-0.005
-0.063,-0.005,-0.063,-0.029,-0.014,0.134,-0.006
-0.061,-0.005,-0.061,-0.029,-0.014,0.134,-0.006
-0.058,-0.004,-0.058,-0.029,-0.015,0.135,-0.007
-0.056,-0.004,-0.056,-0.029,-0.016,0.135,-0.007
-0.054,-0.003,-0.054,-0.029,-0.016,0.136,-0.008
-0.053,-0.003,-0.053,-0.03,-0.017,0.136,-0.008
-0.052,-0.002,-0.052,-0.03,-0.017,0.136,-0.009
-0.052,-0.002,-0.052,-0.03,-0.018,0.136,-0.009
-0.052,-0.002,-0.052,-0.03,-0.019,0.136,-0.01
-0.053,-0.002,-0.053,-0.031,-0.02,0.135,-0.01
-0.055,-0.002,-0.055,-0.031,-0.02,0.135,-0.01
-0.057,-0.002,-0.057,-0.032,-0.021,0.134,-0.011
-0.059,-0.002,-0.059,-0.033,-0.022,0.133,-0.011
-0.062,-0.002,-0.062,-0.033,-0.023,0.132,-0.012
-0.066,-0.002,-0.066,-0.034,-0.023,0.131,-0.012
-0.07,-0.003,-0.07,-0.035,-0.024,0.129,-0.013
-0.074,-0.004,-0.074,-0.036,-0.025,0.128,-0.013
-0.078,-0.004,-0.078,-0.037,-0.026,0.126,-0.014
-0.083,-0.005,-0.083,-0.039,-0.026,0.125,-0.014
-0.088,-0.006,-0.088,-0.04,-0.027,0.123,-0.015
-0.093,-0.007,-0.093,-0.041,-0.027,0.121,-0.015
-0.097,-0.009,-0.097,-0.043,-0.028,0.119,-0.016
-0.102,-0.01,-0.102,-0.044,-0.028,0.117,-0.017
-0.106,-0.011,-0.106,-0.046,-0.029,0.116,-0.018
-0.11,-0.013,-0.11,-0.047,-0.029,0.114,-0.019
-0.114,-0.014,-0.114,-0.049,-0.03,0.112,-0.02
-0.118,-0.016,-0.118,-0.051,-0.03,0.11,-0.021
-0.121,-0.018,-0.121,-0.052,-0.03,0.108,-0.022
-0.123,-0.019,-0.123,-0.054,-0.031,0.107,-0.023
-0.125,-0.021,-0.125,-0.055,-0.031,0.105,-0.024
-0.127,-0.023,-0.127,-0.057,-0.032,0.103,-0.025
-0.128,-0.024,-0.128,-0.058,-0.032,0.102,-0.027
-0.128,-0.026,-0.128,-0.059,-0.033,0.1,-0.028
-0.128,-0.028,-0.128,-0.06,-0.033,0.099,-0.029
-0.128,-0.03,-0.128,-0.061,-0.034,0.097,-0.031
-0.127,-0.031,-0.127,-0.062,-0.034,0.096,-0.032
-0.126,-0.033,-0.126,-0.063,-0.035,0.094,-0.034
-0.124,-0.035,-0.124,-0.063,-0.035,0.093,-0.035
-0.123,-0.037,-0.123,-0.064,-0.036,0.092,-0.037
-0.121,-0.038,-0.121,-0.064,-0.037,0.091,-0.038
-0.119,-0.04,-0.119,-0.064,-0.038,0.089,-0.04
-0.116,-0.041,-0.116,-0.064,-0.039,0.088,-0.042
-0.114,-0.043,-0.114,-0.064,-0.04,0.087,-0.043
-0.112,-0.044,-0.112,-0.063,-0.041,0.085,-0.045
-0.11,-0.046,-0.11,-0.063,-0.042,0.084,-0.046
-0.108,-0.047,-0.108,-0.062,-0.043,0.082,-0.048
-0.106,-0.049,-0.106,-0.062,-0.044,0.081,-0.049
-0.105,-0.05,-0.105,-0.061,-0.045,0.08,-0.051
-0.103,-0.051,-0.103,-0.06,-0.047,0.078,-0.052
-0.102,-0.052,-0.102,-0.059,-0.048,0.077,-0.054
-0.102,-0.054,-0.102,-0.059,-0.049,0.075,-0.055
-0.101,-0.055,-0.101,-0.058,-0.051,0.074,-0.056
-0.101,-0.056,-0.101,-0.057,-0.052,0.072,-0.058
-0.101,-0.057,-0.101,-0.057,-0.053,0.071,-0.059
-0.102,-0.058,-0.102,-0.057,-0.055,0.069,-0.06
-0.102,-0.059,-0.102,-0.056,-0.056,0.068,-0.061
-0.103,-0.06,-0.103,-0.056,-0.057,0.066,-0.062
-0.104,-0.061,-0.104,-0.057,-0.059,0.065,-0.063
-0.106,-0.061,-0.106,-0.057,-0.06,0.064,-0.064
-0.107,-0.062,-0.107,-0.057,-0.061,0.063,-0.065
-0.109,-0.063,-0.109,-0.058,-0.062,0.062,-0.066
-0.111,-0.063,-0.111,-0.059,-0.064,0.061,-0.066
-0.113,-0.064,-0.113,-0.06,-0.065,0.06,-0.067
-0.115,-0.065,-0.115,-0.062,-0.066,0.059,-0.068
-0.117,-0.065,-0.117,-0.063,-0.067,0.059,-0.068
-0.118,-0.066,-0.118,-0.065,-0.068,0.059,-0.068
-0.12,-0.066,-0.12,-0.067,-0.069,0.058,-0.069
-0.122,-0.066,-0.122,-0.069,-0.07,0.058,-0.069
-0.123,-0.067,-0.123,-0.071,-0.07,0.058,-0.069
-0.125,-0.067,-0.125,-0.073,-0.071,0.059,-0.069
-0.126,-0.067,-0.126,-0.075,-0.072,0.059,-0.069
-0.127,-0.068,-0.127,-0.077,-0.072,0.059,-0.069
-0.128,-0.068,-0.128,-0.079,-0.073,0.06,-0.069
-0.129,-0.068,-0.129,-0.081,-0.073,0.06,-0.069
-0.13,-0.069,-0.13,-0.084,-0.074,0.061,-0.069
-0.13,-0.069,-0.13,-0.086,-0.074,0.062,-0.068
-0.131,-0.069,-0.131,-0.087,-0.074,0.063,-0.068
-0.131,-0.069,-0.131,-0.089,-0.074,0.063,-0.068
-0.131,-0.069,-0.131,-0.091,-0.074,0.064,-0.068
-0.131,-0.069,-0.131,-0.092,-0.074,0.064,-0.067
-0.131,-0.069,-0.131,-0.094,-0.074,0.065,-0.067
-0.131,-0.069,-0.131,-0.095,-0.074,0.065,-0.067
-0.131,-0.069,-0.131,-0.096,-0.074,0.066,-0.067
-0.131,-0.069,-0.131,-0.096,-0.073,0.066,-0.066
-0.131,-0.069,-0.131,-0.097,-0.073,0.066,-0.066
-0.131,-0.069,-0.131,-0.097,-0.072,0.066,-0.066
-0.131,-0.069,-0.131,-0.097,-0.072,0.065,-0.066
-0.131,-0.069,-0.131,-0.097,-0.071,0.065,-0.065
-0.131,-0.068,-0.131,-0.097,-0.071,0.065,-0.065
-0.131,-0.068,-0.131,-0.096,-0.07,0.064,-0.065
-0.131,-0.068,-0.131,-0.096,-0.07,0.064,-0.065
-0.132,-0.068,-0.132,-0.095,-0.069,0.063,-0.065
-0.132,-0.067,-0.132,-0.094,-0.069,0.062,-0.064
-0.133,-0.067,-0.133,-0.093,-0.068,0.061,-0.064
-0.133,-0.067,-0.133,-0.091,-0.068,0.06,-0.064
-0.134,-0.066,-0.134,-0.09,-0.067,0.06,-0.064
-0.135,-0.066,-0.135,-0.088,-0.067,0.059,-0.063
-0.136,-0.066,-0.136,-0.087,-0.066,0.058,-0.063
-0.137,-0.065,-0.137,-0.085,-0.066,0.058,-0.063
-0.138,-0.065,-0.138,-0.084,-0.066,0.057,-0.062
-0.139,-0.065,-0.139,-0.082,-0.065,0.057,-0.062
-0.14,-0.065,-0.14,-0.081,-0.065,0.056,-0.061
-0.141,-0.065,-0.141,-0.079,-0.065,0.056,-0.061
-0.142,-0.065,-0.142,-0.078,-0.064,0.056,-0.06
-0.142,-0.065,-0.142,-0.076,-0.064,0.056,-0.059
-0.143,-0.065,-0.143,-0.075,-0.064,0.057,-0.059
-0.144,-0.065,-0.144,-0.074,-0.064,0.057,-0.058
-0.144,-0.065,-0.144,-0.073,-0.063,0.058,-0.057
-0.145,-0.065,-0.145,-0.072,-0.063,0.058,-0.057
-0.145,-0.066,-0.145,-0.071,-0.063,0.059,-0.056
-0.145,-0.066,-0.145,-0.071,-0.062,0.06,-0.055
-0.145,-0.066,-0.145,-0.07,-0.062,0.061,-0.054
-0.145,-0.067,-0.145,-0.07,-0.062,0.062,-0.054
-0.145,-0.067,-0.145,-0.07,-0.061,0.063,-0.053
-0.145,-0.067,-0.145,-0.07,-0.061,0.065,-0.052
-0.144,-0.067,-0.144,-0.07,-0.061,0.066,-0.052
-0.144,-0.068,-0.144,-0.07,-0.06,0.067,-0.051
-0.143,-0.068,-0.143,-0.071,-0.06,0.068,-0.051
-0.142,-0.068,-0.142,-0.071,-0.059,0.069,-0.051
-0.142,-0.068,-0.142,-0.072,-0.059,0.07,-0.05
-0.141,-0.068,-0.141,-0.073,-0.059,0.071,-0.05
-0.14,-0.069,-0.14,-0.073,-0.058,0.072,-0.05
-0.139,-0.069,-0.139,-0.074,-0.058,0.073,-0.05
-0.138,-0.069,-0.138,-0.075,-0.058,0.074,-0.05
-0.137,-0.069,-0.137,-0.076,-0.058,0.074,-0.05
-0.135,-0.069,-0.135,-0.076,-0.057,0.075,-0.05
-0.134,-0.069,-0.134,-0.077,-0.057,0.075,-0.05
-0.133,-0.069,-0.133,-0.078,-0.057,0.075,-0.05
-0.132,-0.069,-0.132,-0.079,-0.057,0.076,-0.051
-0.13,-0.069,-0.13,-0.079,-0.057,0.076,-0.051
-0.129,-0.069,-0.129,-0.08,-0.057,0.076,-0.051
-0.128,-0.069,-0.128,-0.08,-0.058,0.076,-0.052
-0.126,-0.07,-0.126,-0.081,-0.058,0.075,-0.052
-0.125,-0.07,-0.125,-0.082,-0.058,0.075,-0.053
-0.124,-0.07,-0.124,-0.082,-0.059,0.075,-0.053
-0.122,-0.07,-0.122,-0.082,-0.059,0.074,-0.053
-0.121,-0.07,-0.121,-0.083,-0.06,0.074,-0.054
-0.12,-0.071,-0.12,-0.083,-0.06,0.074,-0.054
-0.118,-0.071,-0.118,-0.083,-0.061,0.073,-0.055
-0.117,-0.072,-0.117,-0.083,-0.062,0.073,-0.056
-0.116,-0.072,-0.116,-0.084,-0.063,0.072,-0.056
-0.115,-0.073,-0.115,-0.084,-0.064,0.071,-0.057
-0.114,-0.074,-0.114,-0.084,-0.064,0.071,-0.058
-0.114,-0.075,-0.114,-0.084,-0.065,0.07,-0.059
-0.113,-0.076,-0.113,-0.084,-0.067,0.069,-0.06
-0.113,-0.078,-0.113,-0.084,-0.068,0.068,-0.061
-0.113,-0.079,-0.113,-0.085,-0.069,0.068,-0.063
-0.113,-0.081,-0.113,-0.085,-0.07,0.067,-0.064
-0.114,-0.083,-0.114,-0.085,-0.072,0.065,-0.066
-0.115,-0.085,-0.115,-0.086,-0.073,0.064,-0.068
-0.116,-0.087,-0.116,-0.087,-0.075,0.063,-0.07
-0.117,-0.09,-0.117,-0.087,-0.076,0.061,-0.072
-0.119,-0.092,-0.119,-0.088,-0.078,0.06,-0.074
-0.121,-0.095,-0.121,-0.089,-0.08,0.058,-0.077
-0.123,-0.098,-0.123,-0.09,-0.081,0.056,-0.08
-0.126,-0.102,-0.126,-0.091,-0.083,0.054,-0.083
-0.129,-0.105,-0.129,-0.093,-0.085,0.051,-0.086
-0.132,-0.108,-0.132,-0.094,-0.087,0.049,-0.089
-0.135,-0.112,-0.135,-0.096,-0.089,0.046,-0.092
-0.138,-0.116,-0.138,-0.098,-0.091,0.044,-0.096
-0.142,-0.119,-0.142,-0.1,-0.094,0.041,-0.099
-0.146,-0.123,-0.146,-0.102,-0.096,0.038,-0.103
-0.15,-0.126,-0.15,-0.105,-0.098,0.035,-0.106
-0.153,-0.13,-0.153,-0.107,-0.1,0.032,-0.11
-0.157,-0.133,-0.157,-0.109,-0.102,0.029,-0.113
-0.161,-0.136,-0.161,-0.112,-0.103,0.026,-0.116
-0.164,-0.139,-0.164,-0.114,-0.105,0.024,-0.119
-0.168,-0.141,-0.168,-0.116,-0.106,0.021,-0.122
-0.171,-0.144,-0.171,-0.119,-0.108,0.019,-0.124
-0.173,-0.145,-0.173,-0.121,-0.109,0.017,-0.126
-0.175,-0.147,-0.175,-0.123,-0.11,0.015,-0.127
-0.177,-0.148,-0.177,-0.124,-0.11,0.013,-0.129
-0.178,-0.148,-0.178,-0.125,-0.11,0.012,-0.129
-0.179,-0.148,-0.179,-0.126,-0.11,0.012,-0.129
-0.179,-0.147,-0.179,-0.126,-0.109,0.011,-0.128
-0.179,-0.145,-0.179,-0.126,-0.108,0.012,-0.127
-0.178,-0.143,-0.178,-0.125,-0.106,0.013,-0.125
-0.176,-0.14,-0.176,-0.124,-0.104,0.015,-0.122
-0.173,-0.137,-0.173,-0.122,-0.101,0.017,-0.118
-0.17,-0.132,-0.17,-0.119,-0.098,0.02,-0.114
-0.166,-0.127,-0.166,-0.115,-0.094,0.024,-0.108
-0.161,-0.121,-0.161,-0.111,-0.089,0.029,-0.102
-0.155,-0.115,-0.155,-0.105,-0.084,0.034,-0.095
-0.149,-0.107,-0.149,-0.099,-0.078,0.041,-0.088
-0.142,-0.099,-0.142,-0.092,-0.072,0.048,-0.079
-0.134,-0.09,-0.134,-0.084,-0.064,0.056,-0.07
-0.126,-0.08,-0.126,-0.075,-0.056,0.065,-0.06
-0.116,-0.07,-0.116,-0.065,-0.048,0.075,-0.049
-0.106,-0.059,-0.106,-0.054,-0.038,0.086,-0.038
-0.096,-0.047,-0.096,-0.042,-0.028,0.097,-0.025
-0.084,-0.034,-0.084,-0.029,-0.017,0.11,-0.012
-0.072,-0.021,-0.072,-0.015,-0.005,0.123,0.001
-0.059,-0.007,-0.059,0,0.007,0.137,0.016
-0.045,0.007,-0.045,0.015,0.02,0.152,0.031
-0.031,0.023,-0.031,0.032,0.034,0.168,0.046
-0.016,0.039,-0.016,0.049,0.049,0.184,0.063
0,0.055,0,0.067,0.064,0.202,0.079
0.017,0.073,0.017,0.086,0.08,0.22,0.097
0.034,0.09,0.034,0.106,0.098,0.239,0.115
0.052,0.109,0.052,0.127,0.115,0.259,0.134
0.072,0.128,0.072,0.149,0.134,0.28,0.154
0.092,0.148,0.092,0.171,0.154,0.301,0.174
0.112,0.169,0.112,0.194,0.174,0.323,0.195
0.134,0.19,0.134,0.218,0.195,0.346,0.217
0.157,0.212,0.157,0.243,0.218,0.37,0.239
0.18,0.235,0.18,0.269,0.241,0.395,0.262
0.205,0.259,0.205,0.295,0.265,0.42,0.286
0.231,0.283,0.231,0.323,0.289,0.446,0.311
0.257,0.308,0.257,0.351,0.315,0.473,0.337
0.284,0.334,0.284,0.38,0.342,0.501,0.363
0.313,0.361,0.313,0.409,0.369,0.529,0.391
0.342,0.389,0.342,0.44,0.397,0.559,0.419
0.372,0.417,0.372,0.47,0.426,0.588,0.448
0.403,0.446,0.403,0.502,0.456,0.619,0.477
0.434,0.475,0.434,0.534,0.486,0.65,0.507
0.466,0.505,0.466,0.567,0.517,0.681,0.538
0.499,0.536,0.499,0.599,0.548,0.713,0.57
0.532,0.567,0.532,0.633,0.58,0.745,0.602
0.565,0.599,0.565,0.666,0.612,0.778,0.634
0.599,0.631,0.599,0.7,0.645,0.81,0.667
0.633,0.663,0.633,0.733,0.677,0.843,0.699
0.666,0.695,0.666,0.767,0.71,0.875,0.732
0.7,0.727,0.7,0.8,0.742,0.908,0.765
0.733,0.759,0.733,0.833,0.774,0.94,0.798
0.765,0.791,0.765,0.865,0.806,0.972,0.83
0.797,0.822,0.797,0.897,0.837,1.003,0.861
0.829,0.853,0.829,0.927,0.867,1.033,0.892
0.859,0.882,0.859,0.957,0.896,1.062,0.923
0.888,0.911,0.888,0.986,0.924,1.09,0.952
0.915,0.938,0.915,1.013,0.951,1.117,0.979
0.941,0.964,0.941,1.039,0.977,1.143,1.006
0.966,0.988,0.966,1.064,1.001,1.167,1.03
0.988,1.011,0.988,1.086,1.023,1.189,1.053
1.009,1.031,1.009,1.107,1.043,1.209,1.074
1.027,1.05,1.027,1.126,1.06,1.228,1.092
1.043,1.066,1.043,1.142,1.076,1.243,1.108
1.056,1.079,1.056,1.156,1.089,1.257,1.122
1.067,1.09,1.067,1.167,1.099,1.267,1.132
1.075,1.097,1.075,1.176,1.107,1.275,1.14
1.08,1.102,1.08,1.181,1.111,1.28,1.144
1.082,1.103,1.082,1.184,1.113,1.282,1.146
1.08,1.102,1.08,1.184,1.111,1.28,1.143
1.076,1.096,1.076,1.18,1.106,1.276,1.138
1.068,1.088,1.068,1.173,1.097,1.268,1.129
1.056,1.076,1.056,1.162,1.085,1.256,1.116
1.042,1.06,1.042,1.149,1.07,1.241,1.1
1.024,1.041,1.024,1.132,1.052,1.223,1.08
1.003,1.019,1.003,1.111,1.03,1.201,1.057
0.978,0.993,0.978,1.087,1.005,1.177,1.031
0.951,0.964,0.951,1.06,0.976,1.149,1.001
0.921,0.932,0.921,1.03,0.945,1.118,0.969
0.888,0.898,0.888,0.997,0.912,1.084,0.933
0.852,0.86,0.852,0.962,0.875,1.047,0.895
0.814,0.821,0.814,0.923,0.837,1.009,0.855
0.774,0.779,0.774,0.883,0.796,0.968,0.813
0.732,0.736,0.732,0.841,0.754,0.925,0.77
0.689,0.691,0.689,0.796,0.71,0.881,0.725
0.644,0.645,0.644,0.751,0.665,0.835,0.679
0.599,0.598,0.599,0.704,0.619,0.789,0.632
0.553,0.551,0.553,0.657,0.573,0.742,0.585
0.507,0.504,0.507,0.609,0.527,0.695,0.538
0.46,0.457,0.46,0.562,0.481,0.648,0.491
0.414,0.411,0.414,0.514,0.435,0.602,0.445
0.369,0.365,0.369,0.467,0.391,0.556,0.4
0.325,0.321,0.325,0.421,0.347,0.511,0.356
0.282,0.278,0.282,0.376,0.305,0.467,0.314
0.241,0.237,0.241,0.333,0.264,0.425,0.273
0.201,0.198,0.201,0.291,0.225,0.385,0.234
0.163,0.16,0.163,0.251,0.188,0.347,0.197
0.126,0.125,0.126,0.212,0.153,0.31,0.162
0.093,0.093,0.093,0.177,0.121,0.276,0.13
0.061,0.062,0.061,0.143,0.09,0.245,0.1
0.031,0.034,0.031,0.111,0.062,0.215,0.072
0.004,0.008,0.004,0.082,0.037,0.188,0.046
-0.021,-0.015,-0.021,0.056,0.013,0.163,0.023
-0.044,-0.036,-0.044,0.031,-0.008,0.141,0.001
-0.064,-0.055,-0.064,0.009,-0.027,0.121,-0.018
-0.083,-0.072,-0.083,-0.011,-0.044,0.103,-0.035
-0.099,-0.087,-0.099,-0.029,-0.059,0.087,-0.05
-0.114,-0.101,-0.114,-0.045,-0.073,0.072,-0.063
-0.127,-0.113,-0.127,-0.06,-0.084,0.06,-0.075
-0.138,-0.123,-0.138,-0.072,-0.094,0.049,-0.086
-0.148,-0.132,-0.148,-0.084,-0.103,0.04,-0.095
-0.157,-0.14,-0.157,-0.094,-0.111,0.031,-0.103
-0.165,-0.147,-0.165,-0.102,-0.118,0.024,-0.11
-0.172,-0.154,-0.172,-0.11,-0.124,0.018,-0.117
-0.178,-0.16,-0.178,-0.118,-0.13,0.012,-0.123
-0.184,-0.166,-0.184,-0.124,-0.135,0.007,-0.128
-0.189,-0.171,-0.189,-0.13,-0.139,0.002,-0.133
-0.194,-0.176,-0.194,-0.136,-0.144,-0.003,-0.138
-0.198,-0.182,-0.198,-0.141,-0.148,-0.008,-0.143
-0.203,-0.187,-0.203,-0.147,-0.153,-0.013,-0.148
-0.208,-0.193,-0.208,-0.152,-0.157,-0.018,-0.152
-0.213,-0.199,-0.213,-0.157,-0.162,-0.023,-0.157
-0.217,-0.205,-0.217,-0.163,-0.166,-0.028,-0.162
-0.222,-0.211,-0.222,-0.168,-0.171,-0.034,-0.167
-0.228,-0.218,-0.228,-0.174,-0.177,-0.039,-0.172
-0.233,-0.224,-0.233,-0.18,-0.182,-0.046,-0.178
-0.238,-0.231,-0.238,-0.186,-0.187,-0.052,-0.183
-0.244,-0.238,-0.244,-0.192,-0.193,-0.059,-0.189
-0.25,-0.245,-0.25,-0.199,-0.199,-0.066,-0.194
-0.255,-0.252,-0.255,-0.205,-0.205,-0.073,-0.2
-0.261,-0.259,-0.261,-0.211,-0.21,-0.08,-0.206
-0.266,-0.265,-0.266,-0.217,-0.216,-0.087,-0.211
-0.272,-0.272,-0.272,-0.224,-0.222,-0.094,-0.217
-0.277,-0.278,-0.277,-0.229,-0.227,-0.101,-0.222
-0.282,-0.283,-0.282,-0.235,-0.232,-0.108,-0.227
-0.287,-0.288,-0.287,-0.241,-0.237,-0.114,-0.231
-0.291,-0.292,-0.291,-0.246,-0.241,-0.12,-0.236
-0.295,-0.296,-0.295,-0.25,-0.245,-0.126,-0.239
-0.298,-0.299,-0.298,-0.254,-0.248,-0.13,-0.243
-0.301,-0.302,-0.301,-0.258,-0.251,-0.135,-0.246
-0.303,-0.304,-0.303,-0.261,-0.253,-0.138,-0.248
-0.305,-0.305,-0.305,-0.263,-0.255,-0.141,-0.25
-0.306,-0.305,-0.306,-0.265,-0.256,-0.143,-0.251
-0.306,-0.305,-0.306,-0.266,-0.257,-0.145,-0.251
-0.306,-0.304,-0.306,-0.267,-0.256,-0.146,-0.251
-0.305,-0.302,-0.305,-0.267,-0.256,-0.146,-0.251
-0.304,-0.3,-0.304,-0.266,-0.254,-0.145,-0.249
-0.302,-0.298,-0.302,-0.264,-0.253,-0.143,-0.248
-0.3,-0.294,-0.3,-0.262,-0.25,-0.141,-0.245
-0.297,-0.291,-0.297,-0.259,-0.248,-0.139,-0.243
-0.293,-0.287,-0.293,-0.256,-0.244,-0.135,-0.239
-0.289,-0.283,-0.289,-0.252,-0.241,-0.131,-0.235
-0.285,-0.279,-0.285,-0.247,-0.237,-0.127,-0.231
-0.28,-0.274,-0.28,-0.242,-0.232,-0.123,-0.227
-0.275,-0.269,-0.275,-0.237,-0.228,-0.118,-0.222
-0.27,-0.265,-0.27,-0.231,-0.223,-0.112,-0.217
-0.265,-0.26,-0.265,-0.225,-0.219,-0.107,-0.211
-0.259,-0.255,-0.259,-0.219,-0.214,-0.102,-0.206
-0.254,-0.251,-0.254,-0.212,-0.209,-0.096,-0.2
-0.248,-0.247,-0.248,-0.206,-0.204,-0.091,-0.195
-0.243,-0.243,-0.243,-0.199,-0.199,-0.086,-0.189
-0.237,-0.239,-0.237,-0.193,-0.194,-0.081,-0.183
-0.232,-0.235,-0.232,-0.187,-0.19,-0.076,-0.178
-0.227,-0.231,-0.227,-0.18,-0.186,-0.071,-0.172
-0.222,-0.228,-0.222,-0.174,-0.181,-0.067,-0.167
-0.218,-0.225,-0.218,-0.169,-0.177,-0.063,-0.163
-0.213,-0.223,-0.213,-0.163,-0.174,-0.06,-0.158
-0.209,-0.22,-0.209,-0.158,-0.17,-0.057,-0.154
-0.205,-0.218,-0.205,-0.153,-0.167,-0.054,-0.15
-0.202,-0.217,-0.202,-0.149,-0.164,-0.052,-0.147
-0.199,-0.215,-0.199,-0.146,-0.162,-0.051,-0.144
-0.197,-0.214,-0.197,-0.142,-0.16,-0.05,-0.141
-0.194,-0.213,-0.194,-0.14,-0.158,-0.049,-0.139
-0.192,-0.212,-0.192,-0.138,-0.156,-0.049,-0.137
-0.191,-0.211,-0.191,-0.136,-0.155,-0.049,-0.136
-0.19,-0.211,-0.19,-0.135,-0.153,-0.05,-0.135
-0.189,-0.211,-0.189,-0.134,-0.153,-0.051,-0.135
-0.189,-0.211,-0.189,-0.134,-0.152,-0.052,-0.135
-0.188,-0.211,-0.188,-0.134,-0.151,-0.053,-0.135
-0.188,-0.211,-0.188,-0.134,-0.151,-0.055,-0.136
-0.189,-0.212,-0.189,-0.135,-0.151,-0.057,-0.137
-0.189,-0.212,-0.189,-0.136,-0.151,-0.059,-0.138
-0.19,-0.213,-0.19,-0.138,-0.151,-0.061,-0.139
-0.191,-0.213,-0.191,-0.139,-0.151,-0.064,-0.141
-0.191,-0.214,-0.191,-0.14,-0.152,-0.066,-0.142
-0.192,-0.215,-0.192,-0.142,-0.152,-0.068,-0.144
-0.193,-0.216,-0.193,-0.143,-0.152,-0.07,-0.146
-0.194,-0.216,-0.194,-0.145,-0.153,-0.072,-0.148
-0.195,-0.217,-0.195,-0.146,-0.153,-0.073,-0.15
-0.196,-0.218,-0.196,-0.147,-0.153,-0.075,-0.151
-0.196,-0.218,-0.196,-0.148,-0.154,-0.076,-0.153
-0.197,-0.218,-0.197,-0.148,-0.154,-0.077,-0.154
-0.197,-0.219,-0.197,-0.149,-0.154,-0.077,-0.155
-0.197,-0.219,-0.197,-0.148,-0.154,-0.077,-0.156
-0.197,-0.219,-0.197,-0.148,-0.153,-0.077,-0.156
-0.197,-0.218,-0.197,-0.147,-0.153,-0.076,-0.156
-0.196,-0.218,-0.196,-0.146,-0.152,-0.076,-0.156
-0.195,-0.217,-0.195,-0.145,-0.151,-0.074,-0.156
-0.195,-0.216,-0.195,-0.143,-0.15,-0.073,-0.155
-0.193,-0.215,-0.193,-0.141,-0.149,-0.071,-0.154
-0.192,-0.214,-0.192,-0.139,-0.148,-0.069,-0.153
-0.191,-0.212,-0.191,-0.137,-0.147,-0.066,-0.151
-0.189,-0.21,-0.189,-0.134,-0.145,-0.064,-0.15
-0.187,-0.208,-0.187,-0.132,-0.143,-0.061,-0.148
-0.186,-0.206,-0.186,-0.129,-0.141,-0.058,-0.146
-0.184,-0.204,-0.184,-0.127,-0.14,-0.055,-0.143
-0.182,-0.202,-0.182,-0.124,-0.138,-0.053,-0.141
-0.18,-0.2,-0.18,-0.122,-0.136,-0.05,-0.139
-0.178,-0.197,-0.178,-0.12,-0.134,-0.047,-0.136
-0.177,-0.195,-0.177,-0.118,-0.132,-0.044,-0.134
-0.175,-0.193,-0.175,-0.116,-0.131,-0.042,-0.132
-0.174,-0.19,-0.174,-0.114,-0.129,-0.039,-0.13
-0.173,-0.188,-0.173,-0.113,-0.128,-0.037,-0.127
-0.172,-0.186,-0.172,-0.112,-0.126,-0.035,-0.125
-0.171,-0.184,-0.171,-0.112,-0.125,-0.033,-0.124
-0.171,-0.183,-0.171,-0.112,-0.124,-0.032,-0.122
-0.17,-0.181,-0.17,-0.112,-0.124,-0.031,-0.121
-0.17,-0.18,-0.17,-0.112,-0.123,-0.03,-0.119
-0.17,-0.179,-0.17,-0.113,-0.123,-0.03,-0.118
-0.171,-0.178,-0.171,-0.114,-0.123,-0.029,-0.118
-0.171,-0.177,-0.171,-0.116,-0.123,-0.03,-0.117
-0.172,-0.177,-0.172,-0.117,-0.123,-0.03,-0.116
-0.173,-0.177,-0.173,-0.119,-0.124,-0.03,-0.116
-0.174,-0.177,-0.174,-0.121,-0.125,-0.031,-0.116
-0.175,-0.177,-0.175,-0.123,-0.125,-0.032,-0.116
-0.176,-0.178,-0.176,-0.125,-0.126,-0.033,-0.116
-0.177,-0.178,-0.177,-0.126,-0.127,-0.034,-0.116
-0.178,-0.179,-0.178,-0.128,-0.128,-0.035,-0.116
-0.18,-0.18,-0.18,-0.13,-0.129,-0.036,-0.116
-0.181,-0.181,-0.181,-0.131,-0.13,-0.037,-0.116
-0.182,-0.181,-0.182,-0.132,-0.131,-0.038,-0.116
-0.182,-0.182,-0.182,-0.133,-0.132,-0.039,-0.116
-0.183,-0.183,-0.183,-0.133,-0.133,-0.04,-0.116
-0.183,-0.184,-0.183,-0.134,-0.134,-0.04,-0.116
-0.183,-0.184,-0.183,-0.133,-0.134,-0.04,-0.115
-0.183,-0.184,-0.183,-0.133,-0.134,-0.041,-0.114
-0.183,-0.185,-0.183,-0.132,-0.134,-0.041,-0.113
-0.182,-0.185,-0.182,-0.13,-0.134,-0.04,-0.112
-0.181,-0.184,-0.181,-0.128,-0.133,-0.04,-0.11
-0.18,-0.184,-0.18,-0.126,-0.132,-0.039,-0.109
-0.178,-0.183,-0.178,-0.124,-0.131,-0.038,-0.107
-0.176,-0.183,-0.176,-0.121,-0.13,-0.037,-0.105
-0.174,-0.182,-0.174,-0.118,-0.128,-0.036,-0.102
-0.172,-0.181,-0.172,-0.115,-0.127,-0.035,-0.1
-0.169,-0.179,-0.169,-0.112,-0.125,-0.033,-0.097
-0.167,-0.178,-0.167,-0.108,-0.123,-0.031,-0.095
-0.164,-0.176,-0.164,-0.105,-0.12,-0.03,-0.092
-0.161,-0.175,-0.161,-0.102,-0.118,-0.028,-0.089
-0.159,-0.173,-0.159,-0.099,-0.116,-0.027,-0.086
-0.156,-0.171,-0.156,-0.096,-0.113,-0.025,-0.084
-0.153,-0.17,-0.153,-0.093,-0.111,-0.023,-0.081
-0.151,-0.168,-0.151,-0.09,-0.109,-0.022,-0.078
-0.148,-0.167,-0.148,-0.088,-0.106,-0.021,-0.076
-0.146,-0.165,-0.146,-0.086,-0.104,-0.02,-0.074
-0.144,-0.164,-0.144,-0.084,-0.102,-0.019,-0.072
-0.142,-0.163,-0.142,-0.083,-0.101,-0.018,-0.07
-0.14,-0.163,-0.14,-0.082,-0.099,-0.017,-0.068
-0.139,-0.162,-0.139,-0.081,-0.098,-0.017,-0.067
-0.138,-0.162,-0.138,-0.08,-0.097,-0.017,-0.066
-0.137,-0.162,-0.137,-0.08,-0.096,-0.017,-0.065
-0.136,-0.162,-0.136,-0.08,-0.095,-0.017,-0.065
-0.136,-0.162,-0.136,-0.081,-0.095,-0.018,-0.065
-0.135,-0.163,-0.135,-0.081,-0.095,-0.019,-0.065
-0.135,-0.164,-0.135,-0.082,-0.095,-0.019,-0.065
-0.135,-0.165,-0.135,-0.083,-0.096,-0.02,-0.066
-0.135,-0.166,-0.135,-0.084,-0.096,-0.021,-0.067
-0.136,-0.167,-0.136,-0.085,-0.097,-0.023,-0.067
-0.136,-0.168,-0.136,-0.087,-0.098,-0.024,-0.068
-0.136,-0.169,-0.136,-0.088,-0.099,-0.025,-0.07
-0.136,-0.171,-0.136,-0.089,-0.101,-0.026,-0.071
-0.137,-0.172,-0.137,-0.09,-0.102,-0.027,-0.072
-0.137,-0.173,-0.137,-0.091,-0.103,-0.028,-0.073
-0.137,-0.174,-0.137,-0.092,-0.105,-0.029,-0.074
-0.137,-0.175,-0.137,-0.093,-0.106,-0.03,-0.075
-0.137,-0.175,-0.137,-0.093,-0.107,-0.031,-0.076
-0.136,-0.176,-0.136,-0.094,-0.108,-0.031,-0.076
-0.136,-0.176,-0.136,-0.094,-0.109,-0.032,-0.076
-0.135,-0.176,-0.135,-0.094,-0.11,-0.032,-0.077
-0.135,-0.176,-0.135,-0.094,-0.111,-0.032,-0.076
-0.134,-0.175,-0.134,-0.093,-0.111,-0.032,-0.076
-0.133,-0.174,-0.133,-0.093,-0.111,-0.031,-0.075
-0.132,-0.173,-0.132,-0.092,-0.111,-0.031,-0.074
-0.13,-0.172,-0.13,-0.091,-0.111,-0.03,-0.073
-0.129,-0.171,-0.129,-0.09,-0.111,-0.029,-0.072
-0.127,-0.169,-0.127,-0.089,-0.11,-0.029,-0.07
-0.125,-0.168,-0.125,-0.088,-0.109,-0.028,-0.068
-0.124,-0.166,-0.124,-0.087,-0.108,-0.026,-0.066
-0.122,-0.165,-0.122,-0.085,-0.107,-0.025,-0.064
-0.12,-0.163,-0.12,-0.084,-0.106,-0.024,-0.062
-0.119,-0.161,-0.119,-0.083,-0.105,-0.023,-0.059
-0.117,-0.16,-0.117,-0.081,-0.103,-0.021,-0.057
-0.115,-0.159,-0.115,-0.08,-0.102,-0.02,-0.054
-0.114,-0.158,-0.114,-0.079,-0.1,-0.019,-0.052
-0.112,-0.157,-0.112,-0.078,-0.099,-0.018,-0.05
-0.111,-0.156,-0.111,-0.077,-0.098,-0.017,-0.047
-0.11,-0.156,-0.11,-0.076,-0.096,-0.016,-0.045
-0.109,-0.155,-0.109,-0.075,-0.095,-0.015,-0.043
-0.109,-0.155,-0.109,-0.075,-0.094,-0.014,-0.041
-0.108,-0.156,-0.108,-0.074,-0.093,-0.014,-0.04
-0.108,-0.156,-0.108,-0.074,-0.092,-0.013,-0.038
-0.108,-0.157,-0.108,-0.074,-0.091,-0.013,-0.037
-0.108,-0.158,-0.108,-0.074,-0.091,-0.013,-0.035
-0.108,-0.16,-0.108,-0.074,-0.09,-0.013,-0.034
-0.108,-0.161,-0.108,-0.074,-0.09,-0.013,-0.034
-0.109,-0.163,-0.109,-0.075,-0.09,-0.013,-0.033
-0.11,-0.164,-0.11,-0.075,-0.089,-0.013,-0.032
-0.111,-0.166,-0.111,-0.076,-0.089,-0.014,-0.032
-0.112,-0.168,-0.112,-0.076,-0.09,-0.014,-0.032
-0.113,-0.169,-0.113,-0.077,-0.09,-0.014,-0.031
-0.114,-0.171,-0.114,-0.077,-0.09,-0.015,-0.031
-0.116,-0.173,-0.116,-0.078,-0.09,-0.015,-0.031
-0.117,-0.174,-0.117,-0.078,-0.091,-0.016,-0.03
-0.118,-0.175,-0.118,-0.079,-0.091,-0.016,-0.03
-0.119,-0.176,-0.119,-0.079,-0.091,-0.016,-0.03
-0.12,-0.176,-0.12,-0.079,-0.092,-0.017,-0.029
-0.12,-0.177,-0.12,-0.079,-0.092,-0.017,-0.028
-0.121,-0.176,-0.121,-0.079,-0.092,-0.017,-0.028
-0.121,-0.176,-0.121,-0.079,-0.092,-0.017,-0.027
-0.121,-0.175,-0.121,-0.079,-0.092,-0.016,-0.026
-0.121,-0.174,-0.121,-0.078,-0.092,-0.016,-0.024
-0.12,-0.172,-0.12,-0.077,-0.092,-0.015,-0.023
-0.119,-0.17,-0.119,-0.077,-0.092,-0.014,-0.021
-0.118,-0.168,-0.118,-0.075,-0.092,-0.013,-0.019
-0.117,-0.165,-0.117,-0.074,-0.091,-0.012,-0.017
-0.115,-0.162,-0.115,-0.073,-0.091,-0.011,-0.015
-0.113,-0.159,-0.113,-0.071,-0.09,-0.01,-0.013
-0.11,-0.156,-0.11,-0.069,-0.089,-0.008,-0.011
-0.108,-0.152,-0.108,-0.067,-0.089,-0.007,-0.008
-0.105,-0.149,-0.105,-0.066,-0.088,-0.005,-0.006
-0.102,-0.145,-0.102,-0.063,-0.087,-0.004,-0.003
-0.099,-0.142,-0.099,-0.061,-0.086,-0.002,-0.001
-0.096,-0.138,-0.096,-0.059,-0.085,-0.001,0.001
-0.093,-0.135,-0.093,-0.057,-0.084,0.001,0.004
-0.089,-0.132,-0.089,-0.055,-0.083,0.002,0.006
-0.086,-0.129,-0.086,-0.053,-0.082,0.003,0.008
-0.083,-0.127,-0.083,-0.051,-0.081,0.005,0.009
-0.08,-0.125,-0.08,-0.049,-0.08,0.006,0.011
-0.077,-0.123,-0.077,-0.047,-0.079,0.007,0.012
-0.074,-0.122,-0.074,-0.046,-0.079,0.007,0.013
-0.072,-0.121,-0.072,-0.044,-0.078,0.008,0.014
-0.07,-0.121,-0.07,-0.043,-0.077,0.008,0.015
-0.068,-0.121,-0.068,-0.042,-0.077,0.008,0.016
-0.066,-0.122,-0.066,-0.041,-0.077,0.008,0.016
-0.065,-0.123,-0.065,-0.04,-0.076,0.008,0.016
-0.064,-0.124,-0.064,-0.04,-0.076,0.007,0.016
-0.063,-0.126,-0.063,-0.039,-0.076,0.007,0.015
-0.063,-0.128,-0.063,-0.039,-0.076,0.006,0.015
-0.063,-0.131,-0.063,-0.039,-0.076,0.005,0.014
-0.063,-0.134,-0.063,-0.039,-0.077,0.004,0.013
-0.063,-0.137,-0.063,-0.04,-0.077,0.003,0.013
-0.064,-0.14,-0.064,-0.04,-0.077,0.002,0.012
-0.065,-0.143,-0.065,-0.04,-0.077,0.001,0.011
-0.066,-0.146,-0.066,-0.041,-0.077,0,0.01
-0.067,-0.149,-0.067,-0.042,-0.078,-0.001,0.009
-0.069,-0.152,-0.069,-0.042,-0.078,-0.002,0.008
-0.07,-0.154,-0.07,-0.043,-0.078,-0.003,0.008
-0.071,-0.157,-0.071,-0.043,-0.078,-0.003,0.007
-0.073,-0.159,-0.073,-0.043,-0.078,-0.004,0.007
-0.074,-0.16,-0.074,-0.044,-0.077,-0.004,0.007
-0.076,-0.162,-0.076,-0.044,-0.077,-0.004,0.007
-0.077,-0.162,-0.077,-0.044,-0.076,-0.004,0.007
-0.079,-0.163,-0.079,-0.043,-0.076,-0.003,0.008
-0.08,-0.163,-0.08,-0.043,-0.075,-0.003,0.009
-0.081,-0.162,-0.081,-0.042,-0.074,-0.002,0.009
-0.082,-0.162,-0.082,-0.042,-0.073,-0.001,0.01
-0.083,-0.16,-0.083,-0.041,-0.072,0,0.012
-0.084,-0.159,-0.084,-0.039,-0.07,0.001,0.013
-0.084,-0.157,-0.084,-0.038,-0.069,0.002,0.015
-0.085,-0.155,-0.085,-0.036,-0.068,0.004,0.016
-0.085,-0.152,-0.085,-0.035,-0.066,0.005,0.018
-0.085,-0.15,-0.085,-0.033,-0.065,0.007,0.02
-0.085,-0.147,-0.085,-0.031,-0.063,0.008,0.022
-0.085,-0.144,-0.085,-0.029,-0.062,0.01,0.023
-0.084,-0.141,-0.084,-0.027,-0.06,0.012,0.025
-0.084,-0.138,-0.084,-0.025,-0.059,0.013,0.027
-0.083,-0.136,-0.083,-0.024,-0.058,0.015,0.029
-0.083,-0.133,-0.083,-0.022,-0.057,0.016,0.031
-0.082,-0.131,-0.082,-0.02,-0.056,0.017,0.032
-0.081,-0.128,-0.081,-0.018,-0.055,0.019,0.034
-0.08,-0.126,-0.08,-0.017,-0.054,0.02,0.035
-0.08,-0.124,-0.08,-0.016,-0.054,0.02,0.036
-0.079,-0.123,-0.079,-0.014,-0.053,0.021,0.037
-0.078,-0.122,-0.078,-0.013,-0.053,0.022,0.038
-0.077,-0.12,-0.077,-0.013,-0.053,0.022,0.039
-0.077,-0.12,-0.077,-0.012,-0.053,0.022,0.04
-0.076,-0.119,-0.076,-0.011,-0.054,0.022,0.041
-0.075,-0.119,-0.075,-0.011,-0.054,0.022,0.042
-0.075,-0.118,-0.075,-0.011,-0.054,0.022,0.042
-0.074,-0.118,-0.074,-0.011,-0.055,0.021,0.043
-0.074,-0.119,-0.074,-0.011,-0.055,0.021,0.043
-0.073,-0.119,-0.073,-0.011,-0.056,0.02,0.044
-0.072,-0.119,-0.072,-0.011,-0.057,0.019,0.044
-0.072,-0.12,-0.072,-0.012,-0.057,0.019,0.045
-0.071,-0.12,-0.071,-0.012,-0.058,0.018,0.046
-0.07,-0.121,-0.07,-0.013,-0.058,0.017,0.046
-0.07,-0.121,-0.07,-0.013,-0.058,0.016,0.047
-0.069,-0.122,-0.069,-0.013,-0.059,0.015,0.048
-0.068,-0.122,-0.068,-0.014,-0.059,0.015,0.049
-0.067,-0.123,-0.067,-0.014,-0.059,0.014,0.051
-0.066,-0.123,-0.066,-0.014,-0.058,0.013,0.052
-0.064,-0.123,-0.064,-0.014,-0.058,0.013,0.054
-0.063,-0.123,-0.063,-0.014,-0.057,0.013,0.055
-0.061,-0.123,-0.061,-0.014,-0.056,0.012,0.057
-0.059,-0.123,-0.059,-0.013,-0.055,0.012,0.06
-0.058,-0.122,-0.058,-0.013,-0.054,0.012,0.062
-0.056,-0.122,-0.056,-0.012,-0.053,0.013,0.064
-0.053,-0.121,-0.053,-0.011,-0.051,0.013,0.067
-0.051,-0.121,-0.051,-0.01,-0.049,0.013,0.069
-0.049,-0.12,-0.049,-0.009,-0.048,0.014,0.072
-0.047,-0.119,-0.047,-0.008,-0.046,0.014,0.075
-0.044,-0.118,-0.044,-0.006,-0.044,0.015,0.078
-0.042,-0.117,-0.042,-0.005,-0.041,0.016,0.081
-0.039,-0.115,-0.039,-0.003,-0.039,0.017,0.084
-0.037,-0.114,-0.037,-0.001,-0.037,0.018,0.087
-0.034,-0.113,-0.034,0.001,-0.035,0.018,0.09
-0.032,-0.111,-0.032,0.003,-0.033,0.019,0.092
-0.029,-0.109,-0.029,0.005,-0.031,0.02,0.095
-0.027,-0.108,-0.027,0.008,-0.03,0.021,0.098
-0.025,-0.106,-0.025,0.01,-0.028,0.022,0.1
-0.022,-0.104,-0.022,0.012,-0.027,0.022,0.102
-0.02,-0.102,-0.02,0.014,-0.025,0.023,0.104
-0.018,-0.1,-0.018,0.017,-0.024,0.024,0.107
-0.016,-0.098,-0.016,0.019,-0.023,0.024,0.108
-0.015,-0.096,-0.015,0.021,-0.022,0.025,0.11
-0.013,-0.094,-0.013,0.023,-0.022,0.025,0.112
-0.011,-0.092,-0.011,0.025,-0.021,0.025,0.113
-0.01,-0.09,-0.01,0.027,-0.021,0.026,0.114
-0.008,-0.088,-0.008,0.029,-0.021,0.026,0.116
-0.007,-0.087,-0.007,0.031,-0.021,0.026,0.117
-0.005,-0.085,-0.005,0.033,-0.021,0.026,0.118
-0.004,-0.083,-0.004,0.035,-0.021,0.026,0.119
-0.003,-0.081,-0.003,0.037,-0.021,0.026,0.12
-0.001,-0.079,-0.001,0.038,-0.021,0.026,0.121
0,-0.078,0,0.04,-0.021,0.027,0.122
0.002,-0.076,0.002,0.042,-0.022,0.027,0.123
0.003,-0.075,0.003,0.043,-0.021,0.027,0.124
0.005,-0.073,0.005,0.045,-0.021,0.027,0.125
0.007,-0.072,0.007,0.047,-0.021,0.028,0.127
0.009,-0.071,0.009,0.048,-0.02,0.028,0.128
0.011,-0.069,0.011,0.05,-0.02,0.029,0.13
0.013,-0.068,0.013,0.052,-0.019,0.029,0.132
0.015,-0.067,0.015,0.054,-0.018,0.03,0.134
0.017,-0.067,0.017,0.056,-0.016,0.031,0.136
0.019,-0.066,0.019,0.058,-0.015,0.032,0.138
0.022,-0.065,0.022,0.06,-0.013,0.033,0.141
0.024,-0.064,0.024,0.062,-0.011,0.034,0.143
0.026,-0.063,0.026,0.064,-0.008,0.035,0.146
0.029,-0.063,0.029,0.067,-0.006,0.036,0.149
0.031,-0.062,0.031,0.069,-0.003,0.037,0.152
0.034,-0.061,0.034,0.071,0,0.038,0.155
0.036,-0.06,0.036,0.074,0.003,0.039,0.158
0.038,-0.059,0.038,0.076,0.006,0.04,0.161
0.04,-0.058,0.04,0.078,0.009,0.042,0.164
0.042,-0.057,0.042,0.081,0.012,0.043,0.167
0.044,-0.056,0.044,0.083,0.015,0.044,0.17
0.046,-0.055,0.046,0.085,0.018,0.045,0.172
0.047,-0.054,0.047,0.087,0.022,0.046,0.175
0.049,-0.053,0.049,0.089,0.025,0.046,0.178
0.05,-0.052,0.05,0.091,0.028,0.047,0.18
0.051,-0.05,0.051,0.093,0.031,0.048,0.182
0.052,-0.049,0.052,0.094,0.033,0.048,0.184
0.053,-0.047,0.053,0.096,0.036,0.049,0.186
0.054,-0.046,0.054,0.097,0.038,0.049,0.187
0.054,-0.044,0.054,0.098,0.04,0.049,0.189
0.055,-0.042,0.055,0.099,0.042,0.049,0.19
0.056,-0.041,0.056,0.1,0.044,0.049,0.191
0.056,-0.039,0.056,0.1,0.045,0.049,0.191
0.057,-0.037,0.057,0.101,0.046,0.049,0.192
0.057,-0.036,0.057,0.101,0.047,0.049,0.192
0.058,-0.034,0.058,0.101,0.048,0.048,0.192
0.058,-0.032,0.058,0.102,0.049,0.048,0.192
0.059,-0.031,0.059,0.102,0.049,0.048,0.191
0.059,-0.03,0.059,0.102,0.049,0.048,0.191
0.06,-0.028,0.06,0.102,0.05,0.047,0.19
0.061,-0.027,0.061,0.102,0.05,0.047,0.19
0.062,-0.026,0.062,0.102,0.05,0.047,0.189
0.063,-0.025,0.063,0.102,0.049,0.047,0.188
0.064,-0.024,0.064,0.102,0.049,0.047,0.187
0.065,-0.023,0.065,0.103,0.049,0.047,0.187
0.066,-0.022,0.066,0.103,0.049,0.047,0.186
0.067,-0.022,0.067,0.104,0.049,0.047,0.185
0.069,-0.021,0.069,0.105,0.048,0.047,0.185
0.07,-0.021,0.07,0.106,0.048,0.047,0.184
0.072,-0.021,0.072,0.107,0.048,0.047,0.184
0.073,-0.021,0.073,0.108,0.048,0.048,0.184
0.075,-0.021,0.075,0.109,0.048,0.048,0.184
0.077,-0.021,0.077,0.111,0.048,0.048,0.184
0.079,-0.021,0.079,0.113,0.049,0.049,0.184
0.08,-0.021,0.08,0.115,0.049,0.049,0.184
0.082,-0.022,0.082,0.117,0.049,0.049,0.184
0.084,-0.022,0.084,0.119,0.05,0.05,0.185
0.085,-0.022,0.085,0.121,0.05,0.05,0.186
0.087,-0.023,0.087,0.123,0.051,0.051,0.186
0.088,-0.023,0.088,0.125,0.052,0.052,0.187
0.09,-0.023,0.09,0.128,0.052,0.052,0.188
0.091,-0.023,0.091,0.13,0.053,0.053,0.189
0.092,-0.023,0.092,0.132,0.054,0.053,0.19
0.093,-0.024,0.093,0.134,0.055,0.054,0.191
0.094,-0.024,0.094,0.136,0.055,0.054,0.191
0.095,-0.023,0.095,0.138,0.056,0.055,0.192
0.096,-0.023,0.096,0.14,0.057,0.056,0.193
0.097,-0.023,0.097,0.142,0.058,0.056,0.194
0.097,-0.023,0.097,0.143,0.059,0.057,0.195
0.097,-0.023,0.097,0.144,0.059,0.057,0.195
0.097,-0.023,0.097,0.145,0.06,0.058,0.196
0.097,-0.022,0.097,0.146,0.06,0.058,0.196
0.097,-0.022,0.097,0.147,0.061,0.059,0.196
0.097,-0.022,0.097,0.147,0.061,0.06,0.197
0.096,-0.022,0.096,0.147,0.061,0.06,0.197
0.096,-0.021,0.096,0.147,0.062,0.06,0.197
0.095,-0.021,0.095,0.146,0.062,0.061,0.197
0.095,-0.021,0.095,0.146,0.062,0.061,0.196
0.094,-0.021,0.094,0.145,0.062,0.061,0.196
0.093,-0.021,0.093,0.144,0.062,0.062,0.196
0.092,-0.022,0.092,0.143,0.062,0.062,0.195
0.091,-0.022,0.091,0.142,0.062,0.062,0.195
0.09,-0.022,0.09,0.14,0.062,0.062,0.194
0.089,-0.023,0.089,0.139,0.062,0.062,0.194
0.088,-0.023,0.088,0.138,0.062,0.062,0.193
0.087,-0.024,0.087,0.136,0.063,0.062,0.192
0.086,-0.025,0.086,0.135,0.063,0.062,0.192
0.085,-0.026,0.085,0.134,0.063,0.062,0.191
0.084,-0.027,0.084,0.133,0.064,0.061,0.19
0.083,-0.028,0.083,0.132,0.064,0.061,0.19
0.082,-0.029,0.082,0.131,0.065,0.061,0.189
0.082,-0.03,0.082,0.13,0.066,0.06,0.189
0.081,-0.031,0.081,0.129,0.067,0.06,0.188
0.08,-0.032,0.08,0.128,0.067,0.059,0.188
0.079,-0.033,0.079,0.128,0.069,0.059,0.187
0.079,-0.034,0.079,0.128,0.07,0.058,0.187
0.078,-0.035,0.078,0.128,0.071,0.058,0.186
0.078,-0.036,0.078,0.128,0.072,0.057,0.186
0.077,-0.037,0.077,0.128,0.074,0.056,0.185
0.077,-0.037,0.077,0.128,0.075,0.056,0.185
0.076,-0.038,0.076,0.129,0.077,0.055,0.184
0.076,-0.039,0.076,0.129,0.078,0.054,0.184
0.075,-0.04,0.075,0.13,0.079,0.054,0.183
0.075,-0.041,0.075,0.131,0.081,0.053,0.183
0.074,-0.042,0.074,0.132,0.082,0.052,0.182
0.074,-0.043,0.074,0.132,0.083,0.052,0.181
0.073,-0.044,0.073,0.133,0.084,0.051,0.18
0.072,-0.045,0.072,0.134,0.085,0.05,0.18
0.071,-0.045,0.071,0.135,0.085,0.05,0.179
0.07,-0.046,0.07,0.136,0.085,0.049,0.177
0.069,-0.047,0.069,0.136,0.086,0.049,0.176
0.068,-0.048,0.068,0.137,0.086,0.049,0.175
0.067,-0.049,0.067,0.137,0.085,0.048,0.174
0.066,-0.05,0.066,0.138,0.085,0.048,0.172
0.064,-0.051,0.064,0.138,0.084,0.048,0.171
0.063,-0.052,0.063,0.138,0.083,0.048,0.17
0.061,-0.053,0.061,0.138,0.082,0.048,0.168
0.06,-0.054,0.06,0.138,0.08,0.048,0.166
0.058,-0.054,0.058,0.138,0.079,0.049,0.165
0.056,-0.055,0.056,0.137,0.077,0.049,0.163
0.055,-0.056,0.055,0.136,0.075,0.05,0.162
0.053,-0.057,0.053,0.136,0.073,0.05,0.16
0.051,-0.057,0.051,0.135,0.071,0.051,0.159
0.05,-0.058,0.05,0.133,0.069,0.052,0.157
0.048,-0.059,0.048,0.132,0.066,0.053,0.156
0.047,-0.059,0.047,0.13,0.064,0.054,0.154
0.046,-0.06,0.046,0.129,0.062,0.055,0.153
0.045,-0.06,0.045,0.127,0.059,0.056,0.152
0.044,-0.061,0.044,0.125,0.057,0.057,0.15
0.043,-0.061,0.043,0.123,0.055,0.058,0.149
0.042,-0.062,0.042,0.12,0.053,0.059,0.148
0.042,-0.062,0.042,0.118,0.051,0.06,0.147
0.041,-0.063,0.041,0.116,0.049,0.061,0.146
0.041,-0.063,0.041,0.113,0.047,0.062,0.145
0.041,-0.063,0.041,0.111,0.046,0.062,0.144
0.042,-0.064,0.042,0.108,0.044,0.063,0.143
0.042,-0.064,0.042,0.106,0.043,0.064,0.142
0.043,-0.065,0.043,0.103,0.042,0.064,0.141
0.043,-0.065,0.043,0.101,0.041,0.065,0.14
0.044,-0.066,0.044,0.099,0.04,0.065,0.139
0.045,-0.066,0.045,0.097,0.04,0.065,0.138
0.046,-0.067,0.046,0.095,0.039,0.066,0.136
0.048,-0.068,0.048,0.093,0.039,0.066,0.135
0.049,-0.069,0.049,0.091,0.038,0.065,0.134
0.05,-0.07,0.05,0.09,0.038,0.065,0.132
0.051,-0.071,0.051,0.088,0.038,0.065,0.131
0.052,-0.072,0.052,0.087,0.038,0.065,0.129
0.054,-0.073,0.054,0.086,0.037,0.064,0.127
0.055,-0.075,0.055,0.085,0.037,0.064,0.125
0.056,-0.076,0.056,0.085,0.037,0.063,0.123
0.056,-0.077,0.056,0.084,0.037,0.062,0.121
0.057,-0.079,0.057,0.084,0.037,0.061,0.119
0.057,-0.081,0.057,0.083,0.037,0.061,0.117
0.058,-0.083,0.058,0.083,0.036,0.06,0.114
0.058,-0.084,0.058,0.083,0.036,0.059,0.112
0.058,-0.086,0.058,0.082,0.036,0.058,0.11
0.057,-0.088,0.057,0.082,0.035,0.057,0.107
0.057,-0.09,0.057,0.082,0.035,0.057,0.105
0.056,-0.092,0.056,0.081,0.034,0.056,0.102
0.055,-0.094,0.055,0.081,0.033,0.055,0.1
0.054,-0.096,0.054,0.081,0.033,0.054,0.098
0.053,-0.098,0.053,0.08,0.032,0.054,0.095
0.051,-0.1,0.051,0.079,0.031,0.053,0.093
0.05,-0.102,0.05,0.079,0.03,0.053,0.091
0.048,-0.104,0.048,0.078,0.029,0.052,0.089
0.046,-0.106,0.046,0.076,0.028,0.052,0.087
0.045,-0.107,0.045,0.075,0.027,0.052,0.085
0.043,-0.109,0.043,0.074,0.026,0.051,0.084
0.041,-0.11,0.041,0.072,0.024,0.051,0.082
0.039,-0.112,0.039,0.071,0.023,0.051,0.081
0.037,-0.113,0.037,0.069,0.022,0.051,0.079
0.035,-0.114,0.035,0.067,0.021,0.051,0.078
0.033,-0.115,0.033,0.065,0.019,0.05,0.077
0.031,-0.116,0.031,0.063,0.018,0.05,0.077
0.029,-0.117,0.029,0.061,0.017,0.05,0.076
0.028,-0.118,0.028,0.059,0.016,0.05,0.076
0.026,-0.118,0.026,0.057,0.014,0.05,0.075
0.025,-0.119,0.025,0.055,0.013,0.05,0.075
0.024,-0.119,0.024,0.053,0.012,0.05,0.075
0.023,-0.119,0.023,0.051,0.01,0.05,0.075
0.022,-0.119,0.022,0.049,0.009,0.049,0.075
0.021,-0.119,0.021,0.047,0.008,0.049,0.075
0.02,-0.12,0.02,0.045,0.006,0.049,0.075
0.02,-0.12,0.02,0.044,0.005,0.049,0.075
0.019,-0.12,0.019,0.042,0.004,0.048,0.076
0.019,-0.12,0.019,0.041,0.003,0.048,0.076
0.019,-0.121,0.019,0.04,0.001,0.047,0.076
0.019,-0.121,0.019,0.039,0,0.047,0.076
0.019,-0.121,0.019,0.038,-0.001,0.046,0.077
0.019,-0.122,0.019,0.038,-0.002,0.046,0.077
0.019,-0.123,0.019,0.037,-0.004,0.045,0.077
0.019,-0.123,0.019,0.037,-0.005,0.044,0.077
0.019,-0.124,0.019,0.037,-0.006,0.044,0.077
0.019,-0.125,0.019,0.037,-0.007,0.043,0.077
0.019,-0.126,0.019,0.037,-0.009,0.042,0.077
0.019,-0.128,0.019,0.037,-0.01,0.041,0.077
0.019,-0.129,0.019,0.038,-0.011,0.041,0.077
0.019,-0.13,0.019,0.038,-0.012,0.04,0.077
0.019,-0.132,0.019,0.039,-0.013,0.039,0.077
0.019,-0.134,0.019,0.04,-0.014,0.038,0.077
0.018,-0.135,0.018,0.04,-0.015,0.037,0.076
0.018,-0.137,0.018,0.041,-0.016,0.037,0.076
0.018,-0.139,0.018,0.042,-0.017,0.036,0.076
0.018,-0.14,0.018,0.043,-0.018,0.035,0.076
0.017,-0.142,0.017,0.043,-0.019,0.035,0.076
0.017,-0.144,0.017,0.044,-0.02,0.034,0.076
0.016,-0.146,0.016,0.045,-0.021,0.033,0.076
0.016,-0.147,0.016,0.045,-0.021,0.033,0.076
0.015,-0.149,0.015,0.046,-0.022,0.032,0.076
0.015,-0.15,0.015,0.046,-0.023,0.032,0.076
0.014,-0.152,0.014,0.046,-0.024,0.032,0.076
0.013,-0.153,0.013,0.047,-0.025,0.031,0.076
0.013,-0.154,0.013,0.047,-0.025,0.031,0.077
0.012,-0.155,0.012,0.047,-0.026,0.031,0.077
0.011,-0.156,0.011,0.047,-0.027,0.031,0.077
0.01,-0.157,0.01,0.047,-0.028,0.03,0.078
0.009,-0.157,0.009,0.046,-0.028,0.03,0.078
0.008,-0.158,0.008,0.046,-0.029,0.03,0.079
0.007,-0.158,0.007,0.046,-0.03,0.03,0.079
0.006,-0.159,0.006,0.045,-0.03,0.03,0.079
0.005,-0.159,0.005,0.044,-0.031,0.03,0.08
0.004,-0.159,0.004,0.044,-0.031,0.03,0.08
0.003,-0.159,0.003,0.043,-0.032,0.03,0.08
0.003,-0.159,0.003,0.042,-0.033,0.03,0.08
0.002,-0.158,0.002,0.041,-0.033,0.029,0.08
0.001,-0.158,0.001,0.04,-0.034,0.029,0.08
0,-0.158,0,0.039,-0.034,0.029,0.08
0,-0.157,0,0.038,-0.034,0.029,0.079
-0.001,-0.157,-0.001,0.037,-0.035,0.028,0.079
-0.001,-0.156,-0.001,0.036,-0.035,0.028,0.078
-0.002,-0.155,-0.002,0.034,-0.035,0.027,0.077
-0.002,-0.155,-0.002,0.033,-0.036,0.027,0.076
-0.002,-0.154,-0.002,0.032,-0.036,0.026,0.075
-0.002,-0.153,-0.002,0.031,-0.036,0.025,0.074
-0.003,-0.153,-0.003,0.03,-0.036,0.025,0.072
-0.003,-0.152,-0.003,0.029,-0.036,0.024,0.071
-0.003,-0.151,-0.003,0.028,-0.036,0.023,0.069
-0.003,-0.151,-0.003,0.027,-0.036,0.022,0.067
-0.002,-0.15,-0.002,0.026,-0.036,0.021,0.066
-0.002,-0.149,-0.002,0.026,-0.036,0.021,0.064
-0.002,-0.149,-0.002,0.025,-0.036,0.02,0.062
-0.002,-0.148,-0.002,0.024,-0.036,0.019,0.06
-0.002,-0.148,-0.002,0.024,-0.036,0.018,0.058
-0.002,-0.147,-0.002,0.023,-0.036,0.018,0.056
-0.002,-0.147,-0.002,0.023,-0.036,0.017,0.055
-0.002,-0.147,-0.002,0.023,-0.036,0.017,0.053
-0.003,-0.147,-0.003,0.023,-0.036,0.016,0.051
-0.003,-0.146,-0.003,0.023,-0.036,0.016,0.049
-0.003,-0.146,-0.003,0.023,-0.036,0.016,0.048
-0.004,-0.146,-0.004,0.023,-0.036,0.016,0.046
-0.004,-0.147,-0.004,0.024,-0.036,0.016,0.044
-0.005,-0.147,-0.005,0.024,-0.036,0.016,0.043
-0.006,-0.147,-0.006,0.025,-0.036,0.016,0.041
-0.006,-0.147,-0.006,0.026,-0.036,0.017,0.04
-0.007,-0.148,-0.007,0.026,-0.037,0.017,0.039
-0.008,-0.149,-0.008,0.027,-0.037,0.017,0.037
-0.009,-0.149,-0.009,0.029,-0.037,0.018,0.036
-0.01,-0.15,-0.01,0.03,-0.037,0.018,0.034
-0.011,-0.151,-0.011,0.031,-0.038,0.019,0.033
-0.011,-0.152,-0.011,0.032,-0.038,0.02,0.032
-0.012,-0.153,-0.012,0.034,-0.038,0.02,0.03
-0.013,-0.154,-0.013,0.035,-0.038,0.021,0.029
-0.014,-0.156,-0.014,0.036,-0.039,0.021,0.028
-0.014,-0.157,-0.014,0.038,-0.039,0.022,0.026
-0.014,-0.158,-0.014,0.039,-0.039,0.022,0.025
-0.015,-0.16,-0.015,0.04,-0.039,0.023,0.024
-0.015,-0.161,-0.015,0.041,-0.04,0.023,0.022
-0.015,-0.163,-0.015,0.042,-0.04,0.023,0.021
-0.015,-0.164,-0.015,0.043,-0.04,0.024,0.02
-0.015,-0.166,-0.015,0.043,-0.04,0.024,0.018
-0.014,-0.168,-0.014,0.044,-0.04,0.024,0.017
-0.014,-0.169,-0.014,0.044,-0.04,0.024,0.015
-0.014,-0.171,-0.014,0.044,-0.04,0.024,0.014
-0.013,-0.172,-0.013,0.043,-0.041,0.023,0.013
-0.012,-0.174,-0.012,0.043,-0.041,0.023,0.011
-0.012,-0.175,-0.012,0.042,-0.041,0.022,0.01
-0.011,-0.177,-0.011,0.041,-0.041,0.022,0.008
-0.01,-0.178,-0.01,0.04,-0.041,0.021,0.007
-0.01,-0.179,-0.01,0.039,-0.041,0.021,0.005
-0.009,-0.18,-0.009,0.037,-0.041,0.02,0.004
-0.008,-0.181,-0.008,0.035,-0.041,0.019,0.003
-0.008,-0.181,-0.008,0.033,-0.041,0.018,0.001
-0.007,-0.182,-0.007,0.031,-0.041,0.017,0
-0.007,-0.182,-0.007,0.029,-0.042,0.016,-0.001
-0.006,-0.182,-0.006,0.027,-0.042,0.015,-0.002
-0.005,-0.182,-0.005,0.024,-0.042,0.015,-0.003
-0.005,-0.182,-0.005,0.022,-0.042,0.014,-0.004
-0.004,-0.182,-0.004,0.019,-0.042,0.013,-0.005
-0.004,-0.181,-0.004,0.017,-0.042,0.012,-0.006
-0.003,-0.181,-0.003,0.015,-0.042,0.012,-0.006
-0.003,-0.18,-0.003,0.012,-0.042,0.011,-0.007
-0.002,-0.179,-0.002,0.01,-0.042,0.011,-0.008
-0.002,-0.177,-0.002,0.008,-0.042,0.011,-0.008
-0.001,-0.176,-0.001,0.006,-0.042,0.011,-0.008
0,-0.175,0,0.005,-0.042,0.011,-0.009
0,-0.173,0,0.003,-0.042,0.011,-0.009
0.001,-0.172,0.001,0.002,-0.042,0.011,-0.009
0.002,-0.17,0.002,0.001,-0.042,0.012,-0.009
0.003,-0.168,0.003,0,-0.041,0.012,-0.009
0.004,-0.166,0.004,-0.001,-0.041,0.013,-0.008
0.005,-0.165,0.005,-0.001,-0.04,0.014,-0.008
0.006,-0.163,0.006,-0.001,-0.039,0.015,-0.008
0.007,-0.161,0.007,-0.001,-0.039,0.015,-0.007
0.008,-0.16,0.008,-0.001,-0.038,0.017,-0.007
0.008,-0.158,0.008,0,-0.037,0.018,-0.006
0.009,-0.157,0.009,0.001,-0.037,0.019,-0.005
0.01,-0.156,0.01,0.002,-0.036,0.02,-0.004
0.011,-0.154,0.011,0.003,-0.035,0.021,-0.003
0.012,-0.153,0.012,0.004,-0.034,0.022,-0.002
0.013,-0.153,0.013,0.005,-0.034,0.023,-0.001
0.013,-0.152,0.013,0.007,-0.033,0.023,0
0.014,-0.151,0.014,0.008,-0.033,0.024,0.002
0.014,-0.151,0.014,0.01,-0.033,0.025,0.003
0.014,-0.15,0.014,0.011,-0.032,0.025,0.005
0.014,-0.15,0.014,0.013,-0.032,0.025,0.007
0.014,-0.15,0.014,0.015,-0.032,0.025,0.008
0.014,-0.151,0.014,0.016,-0.033,0.025,0.01
0.014,-0.151,0.014,0.018,-0.033,0.025,0.012
0.014,-0.152,0.014,0.019,-0.034,0.025,0.015
0.013,-0.153,0.013,0.02,-0.034,0.024,0.017
0.013,-0.154,0.013,0.022,-0.035,0.023,0.019
0.012,-0.155,0.012,0.023,-0.036,0.023,0.021
0.011,-0.156,0.011,0.024,-0.038,0.022,0.024
0.011,-0.157,0.011,0.025,-0.039,0.021,0.026
0.01,-0.159,0.01,0.026,-0.04,0.02,0.028
0.009,-0.16,0.009,0.026,-0.042,0.018,0.03
0.009,-0.162,0.009,0.027,-0.043,0.017,0.032
0.008,-0.164,0.008,0.028,-0.045,0.016,0.034
0.008,-0.166,0.008,0.028,-0.046,0.015,0.036
0.007,-0.167,0.007,0.028,-0.048,0.014,0.038
0.007,-0.169,0.007,0.029,-0.049,0.012,0.039
0.007,-0.171,0.007,0.029,-0.05,0.011,0.04
0.007,-0.173,0.007,0.03,-0.052,0.01,0.041
0.008,-0.174,0.008,0.03,-0.053,0.01,0.042
0.008,-0.176,0.008,0.03,-0.054,0.009,0.043
0.009,-0.178,0.009,0.03,-0.054,0.008,0.043
0.01,-0.179,0.01,0.031,-0.055,0.008,0.043
0.011,-0.18,0.011,0.031,-0.055,0.007,0.043
0.012,-0.181,0.012,0.031,-0.055,0.007,0.042
0.013,-0.182,0.013,0.032,-0.055,0.007,0.042
0.015,-0.183,0.015,0.032,-0.054,0.007,0.041
0.016,-0.183,0.016,0.033,-0.054,0.008,0.04
0.018,-0.184,0.018,0.033,-0.053,0.008,0.038
0.019,-0.184,0.019,0.033,-0.052,0.008,0.037
0.021,-0.184,0.021,0.034,-0.051,0.009,0.035
0.023,-0.184,0.023,0.034,-0.05,0.01,0.033
0.024,-0.183,0.024,0.035,-0.048,0.011,0.031
0.026,-0.183,0.026,0.035,-0.046,0.012,0.029
0.027,-0.182,0.027,0.036,-0.045,0.013,0.027
0.029,-0.181,0.029,0.036,-0.043,0.014,0.024
0.03,-0.18,0.03,0.036,-0.041,0.015,0.022
0.031,-0.178,0.031,0.037,-0.04,0.016,0.019
0.032,-0.177,0.032,0.037,-0.038,0.017,0.016
0.033,-0.175,0.033,0.037,-0.036,0.018,0.014
0.034,-0.174,0.034,0.037,-0.035,0.019,0.011
0.035,-0.172,0.035,0.037,-0.033,0.02,0.008
0.035,-0.17,0.035,0.037,-0.032,0.021,0.006
0.035,-0.168,0.035,0.037,-0.03,0.021,0.003
0.035,-0.166,0.035,0.037,-0.029,0.022,0
0.035,-0.164,0.035,0.037,-0.028,0.023,-0.002
0.035,-0.162,0.035,0.036,-0.027,0.024,-0.004
0.035,-0.16,0.035,0.036,-0.026,0.024,-0.006
0.034,-0.158,0.034,0.035,-0.026,0.025,-0.009
0.034,-0.156,0.034,0.035,-0.025,0.025,-0.01
0.033,-0.154,0.033,0.034,-0.025,0.025,-0.012
0.032,-0.152,0.032,0.034,-0.024,0.025,-0.014
0.031,-0.15,0.031,0.033,-0.024,0.025,-0.015
0.031,-0.148,0.031,0.032,-0.024,0.025,-0.016
0.03,-0.146,0.03,0.031,-0.024,0.025,-0.017
0.029,-0.145,0.029,0.031,-0.024,0.025,-0.018
0.028,-0.143,0.028,0.03,-0.024,0.025,-0.019
0.027,-0.142,0.027,0.03,-0.024,0.025,-0.019
0.026,-0.14,0.026,0.029,-0.024,0.024,-0.02
0.025,-0.139,0.025,0.029,-0.024,0.024,-0.02
0.024,-0.138,0.024,0.028,-0.025,0.024,-0.02
0.023,-0.137,0.023,0.028,-0.025,0.023,-0.02
0.023,-0.136,0.023,0.028,-0.025,0.023,-0.02
0.022,-0.135,0.022,0.027,-0.025,0.022,-0.019
0.021,-0.135,0.021,0.027,-0.025,0.022,-0.019
0.02,-0.134,0.02,0.028,-0.025,0.021,-0.019
0.02,-0.134,0.02,0.028,-0.025,0.021,-0.018
0.019,-0.134,0.019,0.028,-0.025,0.02,-0.018
0.018,-0.133,0.018,0.029,-0.025,0.02,-0.017
0.018,-0.133,0.018,0.029,-0.025,0.019,-0.017
0.017,-0.133,0.017,0.03,-0.024,0.019,-0.017
0.017,-0.134,0.017,0.031,-0.024,0.019,-0.016
0.016,-0.134,0.016,0.031,-0.024,0.018,-0.016
0.016,-0.134,0.016,0.032,-0.024,0.018,-0.016
0.015,-0.135,0.015,0.033,-0.024,0.017,-0.016
0.015,-0.136,0.015,0.034,-0.024,0.017,-0.016
0.015,-0.136,0.015,0.035,0,0.017,-0.016
0.015,-0.137,0.015,0.036,0,0.016,-0.017
0.014,-0.138,0.014,0.038,0,0.016,-0.017
0.014,-0.139,0.014,0.039,0,0.016,-0.017
0.014,-0.14,0.014,0.04,0,0.015,-0.018
0.014,-0.141,0.014,0.041,0,0.015,-0.019
0.015,-0.142,0.015,0.042,0,0,-0.02
0.015,-0.143,0.015,0.042,0,0,-0.021
0.015,-0.144,0.015,0.043,0,0,0
0.016,-0.145,0.016,0.044,0,0,0
0.016,-0.146,0.016,0.045,0,0,0
0.017,-0.147,0.017,0.045,0,0,0
0,0,0,0,0,0,0
0,0,0,0,0,0,0
0,0,0,0,0,0,0
0,0,0,0,0,0,0
0,0,0,0,0,0,0
0,0,0,0,0,0,0
0,0,0,0,0,0,0
0,0,0,0,0,0,0
0,0,0,0,0,0,0
0,0,0,0,0,0,0
0,0,0,0,0,0,0
0,0,0,0,0,0,0
0,0,0,0,0,0,0
0,0,0,0,0,0,0
0,0,0,0,0,0,0
0,0,0,0,0,0,0
0,0,0,0,0,0,0
0,0,0,0,0,0,0
0,0,0,0,0,0,0
0,0,0,0,0,0,0
0,0,0,0,0,0,0
0,0,0,0,0,0,0
0,0,0,0,0,0,0
0,0,0,0,0,0,0
0,0,0,0,0,0,0
0,0,0,0,0,0,0
0,0,0,0,0,0,0
0,0,0,0,0,0,0
0,0,0,0,0,0,0
0,0,0,0,0,0,0
0,0,0,0,0,0,0
0,0,0,0,0,0,0
0,0,0,0,0,0,0
0,0,0,0,0,0,0
0,0,0,0,0,0,0
0,0,0,0,0,0,0
0,0,0,0,0,0,0
0,0,0,0,0,0,0
0,0,0,0,0,0,0
0,0,0,0,0,0,0
0,0,0,0,0,0,0
0,0,0,0,0,0,0
0,0,0,0,0,0,0
0,0,0,0,0,0,0
0,0,0,0,0,0,0
0,0,0,0,0,0,0
0,0,0,0,0,0,0
0,0,0,0,0,0,0
0,0,0,0,0,0,0
0,0,0,0,0,0,0
0,0,0,0,0,0,0
0,0,0,0,0,0,0
0,0,0,0,0,0,0
0,0,0,0,0,0,0
0,0,0,0,0,0,0
0,0,0,0,0,0,0
0,0,0,0,0,0,0
0,0,0,0,0,0,0
0,0,0,0,0,0,0
0,0,0,0,0,0,0
0,0,0,0,0,0,0
0,0,0,0,0,0,0
0,0,0,0,0,0,0
0,0,0,0,0,0,0
0,0,0,0,0,0,0
0,0,0,0,0,0,0
0,0,0,0,0,0,0
0,0,0,0,0,0,0
0,0,0,0,0,0,0
0,0,0,0,0,0,0
0,0,0,0,0,0,0
0,0,0,0,0,0,0
0,0,0,0,0,0,0
0,0,0,0,0,0,0
0,0,0,0,0,0,0
0,0,0,0,0,0,0
0,0,0,0,0,0,0
0,0,0,0,0,0,0
0,0,0,0,0,0,0
0,0,0,0,0,0,0
0,0,0,0,0,0,0
0,0,0,0,0,0,0
0,0,0,0,0,0,0
0,0,0,0,0,0,0
0,0,0,0,0,0,0
0,0,0,0,0,0,0
0,0,0,0,0,0,0
0,0,0,0,0,0,0
0,0,0,0,0,0,0
0,0,0,0,0,0,0
0,0,0,0,0,0,0
0,0,0,0,0,0,0
0,0,0,0,0,0,0
0,0,0,0,0,0,0
0,0,0,0,0,0,0
0,0,0,0,0,0,0
0,0,0,0,0,0,0
0,0,0,0,0,0,0
0,0,0,0,0,0,0
0,0,0,0,0,0,0
0,0,0,0,0,0,0
0,0,0,0,0,0,0
0,0,0,0,0,0,0
0,0,0,0,0,0,0
0,0,0,0,0,0,0
0,0,0,0,0,0,0
0,0,0,0,0,0,0
0,0,0,0,0,0,0
0,0,0,0,0,0,0
0,0,0,0,0,0,0
0,0,0,0,0,0,0
0,0,0,0,0,0,0
0,0,0,0,0,0,0
0,0,0,0,0,0,0
0,0,0,0,0,0,0
0,0,0,0,0,0,0
0,0,0,0,0,0,0
0,0,0,0,0,0,0
0,0,0,0,0,0,0
0,0,0,0,0,0,0
0,0,0,0,0,0,0
0,0,0,0,0,0,0
0,0,0,0,0,0,0
0,0,0,0,0,0,0
0,0,0,0,0,0,0
0,0,0,0,0,0,0
0,0,0,0,0,0,0
0,0,0,0,0,0,0
0,0,0,0,0,0,0
0,0,0,0,0,0,0
0,0,0,0,0,0,0
0,0,0,0,0,0,0
0,0,0,0,0,0,0
0,0,0,0,0,0,0
0,0,0,0,0,0,0
0,0,0,0,0,0,0
0,0,0,0,0,0,0
0,0,0,0,0,0,0
0,0,0,0,0,0,0
0,0,0,0,0,0,0
0,0,0,0,0,0,0
0,0,0,0,0,0,0
0,0,0,0,0,0,0
0,0,0,0,0,0,0
0,0,0,0,0,0,0
0,0,0,0,0,0,0
0,0,0,0,0,0,0
0,0,0,0,0,0,0
0,0,0,0,0,0,0
0,0,0,0,0,0,0
0,0,0,0,0,0,0
0,0,0,0,0,0,0
0,0,0,0,0,0,0
0,0,0,0,0,0,0
0,0,0,0,0,0,0
0,0,0,0,0,0,0
0,0,0,0,0,0,0
0,0,0,0,0,0,0
0,0,0,0,0,0,0
0,0,0,0,0,0,0
0,0,0,0,0,0,0
0,0,0,0,0,0,0
0,0,0,0,0,0,0
0,0,0,0,0,0,0
0,0,0,0,0,0,0
0,0,0,0,0,0,0
0,0,0,0,0,0,0
0,0,0,0,0,0,0
0,0,0,0,0,0,0
0,0,0,0,0,0,0
0,0,0,0,0,0,0
0,0,0,0,0,0,0
0,0,0,0,0,0,0
0,0,0,0,0,0,0
0,0,0,0,0,0,0
0,0,0,0,0,0,0
0,0,0,0,0,0,0
0,0,0,0,0,0,0
0,0,0,0,0,0,0
0,0,0,0,0,0,0
0,0,0,0,0,0,0
0,0,0,0,0,0,0
0,0,0,0,0,0,0
0,0,0,0,0,0,0
0,0,0,0,0,0,0
0,0,0,0,0,0,0
0,0,0,0,0,0,0
0,0,0,0,0,0,0
0,0,0,0,0,0,0
0,0,0,0,0,0,0
0,0,0,0,0,0,0
0,0,0,0,0,0,0
0,0,0,0,0,0,0
0,0,0,0,0,0,0
0,0,0,0,0,0,0
0,0,0,0,0,0,0
0,0,0,0,0,0,0
0,0,0,0,0,0,0
0,0,0,0,0,0,0
0,0,0,0,0,0,0
0,0,0,0,0,0,0
0,0,0,0,0,0,0
0,0,0,0,0,0,0
0,0,0,0,0,0,0
0,0,0,0,0,0,0
0,0,0,0,0,0,0
0,0,0,0,0,0,0
0,0,0,0,0,0,0
0,0,0,0,0,0,0
0,0,0,0,0,0,0
0,0,0,0,0,0,0
0,0,0,0,0,0,0
0,0,0,0,0,0,0
0,0,0,0,0,0,0
0,0,0,0,0,0,0
0,0,0,0,0,0,0
0,0,0,0,0,0,0
0,0,0,0,0,0,0
0,0,0,0,0,0,0
0,0,0,0,0,0,0
0,0,0,0,0,0,0
0,0,0,0,0,0,0
0,0,0,0,0,0,0
0,0,0,0,0,0,0
0,0,0,0,0,0,0
0,0,0,0,0,0,0
0,0,0,0,0,0,0
0,0,0,0,0,0,0
0,0,0,0,0,0,0
0,0,0,0,0,0,0
0,0,0,0,0,0,0
0,0,0,0,0,0,0
0,0,0,0,0,0,0
0,0,0,0,0,0,0
0,0,0,0,0,0,0
0,0,0,0,0,0,0
0,0,0,0,0,0,0
0,0,0,0,0,0,0
0,0,0,0,0,0,0
0,0,0,0,0,0,0
0,0,0,0,0,0,0
0,0,0,0,0,0,0
0,0,0,0,0,0,0
0,0,0,0,0,0,0
0,0,0,0,0,0,0
0,0,0,0,0,0,0
0,0,0,0,0,0,0
0,0,0,0,0,0,0
0,0,0,0,0,0,0
0,0,0,0,0,0,0
