0,-0.005,0.007,0,0.003,-0.002
0.002,-0.002,0.005,0.002,0.002,-0.001
0.004,0.001,0.001,0.004,0.001,0.001
0.006,0.004,-0.002,0.006,0,0.003
0.006,0.004,-0.003,0.006,0,0.005
0.004,0.001,-0.002,0.004,0.001,0.006
0.001,-0.003,0,0.001,0.003,0.007
-0.001,-0.005,0.002,-0.001,0.004,0.007
-0.001,-0.006,0.002,-0.001,0.005,0.005
0,-0.005,0,0,0.003,0.004
0.002,-0.002,-0.002,0.002,0,0.003
0.002,0,-0.003,0.002,-0.004,0.002
0.002,0.003,-0.003,0.002,-0.006,0.002
0.001,0.005,-0.001,0.001,-0.006,0.001
0,0.006,0.001,0,-0.004,-0.001
0,0.006,0,0,-0.002,-0.003
0.001,0.005,-0.003,0.001,-0.001,-0.004
0.002,0.003,-0.005,0.002,-0.002,-0.004
0.002,0.002,-0.007,0.002,-0.003,-0.003
0.001,0.003,-0.006,0.001,-0.004,-0.001
-0.003,0.005,-0.004,-0.003,-0.003,0.001
-0.006,0.006,-0.002,-0.006,-0.001,0.001
-0.008,0.006,-0.001,-0.008,0.001,-0.001
-0.008,0.004,-0.001,-0.008,0.001,-0.003
-0.007,0,0,-0.007,0,-0.004
-0.004,-0.003,0.001,-0.004,-0.002,-0.004
-0.001,-0.005,0.003,-0.001,-0.003,-0.003
0.001,-0.005,0.003,0.001,-0.001,-0.001
0.002,-0.003,0.003,0.002,0.002,0.001
0.003,-0.001,0.001,0.003,0.004,0.002
0.003,0.001,-0.001,0.003,0.004,0.001
0.004,0.001,-0.001,0.004,0.001,-0.001
0.003,0,-0.001,0.003,-0.001,-0.003
0.002,-0.001,0,0.002,-0.002,-0.005
0,-0.002,0,0,-0.001,-0.004
-0.001,-0.002,0,-0.001,0,-0.002
-0.001,-0.002,0,-0.001,0.002,0.001
0,-0.001,-0.001,0,0.003,0.004
0.001,0,0,0.001,0.003,0.007
0.003,0.001,0.002,0.003,0.001,0.008
0.004,0.001,0.004,0.004,-0.001,0.009
0.004,-0.001,0.005,0.004,-0.003,0.008
0.002,-0.003,0.004,0.002,-0.004,0.006
0,-0.006,0.001,0,-0.004,0.003
-0.001,-0.006,-0.004,-0.001,-0.002,0
-0.003,-0.005,-0.007,-0.003,0,-0.001
-0.002,-0.003,-0.007,-0.002,0.002,-0.001
-0.001,-0.001,-0.004,-0.001,0.002,0.001
0.002,0,0,0.002,0.001,0.003
0.004,0,0.004,0.004,0,0.003
0.006,-0.001,0.005,0.006,-0.001,0.001
0.007,-0.001,0.003,0.007,-0.001,-0.003
0.006,-0.001,0,0.006,0,-0.006
0.004,0,-0.002,0.004,0.002,-0.007
0.002,0.001,-0.003,0.002,0.002,-0.006
0,0.002,-0.002,0,0.002,-0.004
0,0.003,0,0,-0.001,-0.002
0.001,0.004,0.002,0.001,-0.003,-0.001
0.002,0.004,0.003,0.002,-0.004,0
0.002,0.004,0.003,0.002,-0.003,0.001
0,0.003,0.001,0,-0.001,0.001
-0.002,0.001,0,-0.002,0.001,0.001
-0.004,0,-0.002,-0.004,0.002,0
-0.006,0,-0.003,-0.006,0.003,0
-0.006,0.001,-0.002,-0.006,0.003,-0.001
-0.005,0.003,0,-0.005,0.002,-0.001
-0.005,0.004,0.002,-0.005,0.001,0
-0.005,0.003,0.002,-0.005,0,0.001
-0.006,0.002,0.001,-0.006,-0.001,0.001
-0.006,0.002,-0.002,-0.006,-0.002,0
-0.005,0.002,-0.004,-0.005,-0.002,-0.001
-0.004,0.002,-0.005,-0.004,-0.001,-0.003
-0.001,0.001,-0.006,-0.001,0.001,-0.004
0.001,0,-0.006,0.001,0.002,-0.003
0.003,-0.002,-0.006,0.003,0.002,0
0.004,-0.003,-0.005,0.004,0.001,0.002
0.003,-0.004,-0.002,0.003,-0.001,0.004
0.002,-0.004,0.002,0.002,-0.003,0.004
0.001,-0.005,0.006,0.001,-0.003,0.002
-0.001,-0.004,0.008,-0.001,-0.001,0
-0.003,-0.002,0.007,-0.003,0.001,-0.001
-0.004,0.002,0.005,-0.004,0.002,-0.001
-0.003,0.005,0.003,-0.003,0.003,0.001
-0.002,0.007,0.003,-0.002,0.001,0.002
0.001,0.006,0.004,0.001,-0.001,0.002
0.003,0.003,0.007,0.003,-0.002,0.001
0.005,-0.001,0.008,0.005,-0.003,0
0.005,-0.003,0.008,0.005,-0.003,-0.001
0.003,-0.004,0.005,0.003,-0.001,-0.001
0.002,-0.003,0.002,0.002,0,0.001
0.001,-0.002,-0.001,0.001,0.002,0.002
0,0,-0.002,0,0.003,0.003
0,0,-0.001,0,0.004,0.002
0,0,-0.001,0,0.004,-0.001
0,-0.001,-0.001,0,0.003,-0.004
-0.001,-0.002,-0.002,-0.001,0.001,-0.005
-0.002,-0.003,-0.004,-0.002,0,-0.005
-0.001,-0.004,-0.005,-0.001,-0.001,-0.002
0,-0.003,-0.005,0,-0.001,0.002
0.003,-0.002,-0.003,0.003,-0.001,0.005
0.004,0.001,0,0.004,0,0.005
0.003,0.002,0.004,0.003,0,0.004
0.002,0.003,0.006,0.002,0,0.002
0.001,0.001,0.007,0.001,-0.001,0.001
0,-0.001,0.006,0,-0.001,0.001
0.001,-0.003,0.003,0.001,0,0.002
0.002,-0.004,-0.001,0.002,0.001,0.001
0.002,-0.003,-0.005,0.002,0.001,-0.001
0.001,-0.002,-0.007,0.001,0,-0.003
0,0.001,-0.008,0,-0.001,-0.005
-0.001,0.003,-0.006,-0.001,-0.002,-0.005
-0.001,0.004,-0.004,-0.001,-0.002,-0.004
-0.001,0.004,-0.003,-0.001,-0.001,-0.001
-0.001,0.003,-0.002,-0.001,0.002,0
0,0.002,-0.002,0,0.005,0
0.001,0.001,-0.001,0.001,0.005,-0.001
0.002,-0.001,0,0.002,0.004,-0.002
0.002,-0.003,0.001,0.002,0.002,-0.003
0.001,-0.004,0.001,0.001,0,-0.003
0.001,-0.003,0,0.001,-0.001,-0.003
0.001,-0.002,-0.001,0.001,-0.002,-0.002
0.001,0,-0.002,0.001,-0.002,-0.002
0.001,0.001,-0.002,0.001,-0.002,-0.001
0,0.001,-0.001,0,-0.003,-0.001
0,0,0,0,-0.004,0
0.001,0,0,0.001,-0.004,0
0.001,0,0,0.001,-0.003,0
0.002,0.003,-0.001,0.002,-0.001,0
0.002,0.006,-0.001,0.002,0.001,0
0.002,0.008,0,0.002,0.002,0.001
0.001,0.007,0.001,0.001,0.001,0.002
-0.001,0.005,0.003,-0.001,-0.001,0.003
-0.002,0.002,0.004,-0.002,-0.002,0.003
-0.003,-0.001,0.003,-0.003,-0.002,0.002
-0.003,-0.003,0.002,-0.003,0,0.002
-0.002,-0.004,0.002,-0.002,0.002,0.002
0,-0.004,0.002,0,0.004,0.002
0.001,-0.003,0.004,0.001,0.003,0.001
0.001,-0.002,0.006,0.001,0.001,0
0,0,0.007,0,-0.002,-0.001
-0.001,0.001,0.005,-0.001,-0.003,-0.002
-0.002,0.003,0.001,-0.002,-0.001,-0.002
-0.002,0.003,-0.003,-0.002,0.001,-0.001
0.001,0.003,-0.006,0.001,0.002,0
0.003,0.003,-0.007,0.003,0.002,0.001
0.004,0.001,-0.005,0.004,0,0.001
0.001,0,-0.003,0.001,-0.001,0.002
-0.003,-0.001,-0.002,-0.003,-0.001,0.003
-0.008,-0.001,-0.001,-0.008,0,0.004
-0.01,-0.001,-0.002,-0.01,0.001,0.004
-0.009,0,-0.001,-0.009,0.002,0.003
-0.006,0.001,0.001,-0.006,0.001,0
-0.001,0.001,0.003,-0.001,0,-0.004
0.003,0.001,0.005,0.003,-0.003,-0.006
0.004,-0.001,0.005,0.004,-0.004,-0.005
0.004,-0.002,0.003,0.004,-0.003,-0.002
0.002,-0.003,0,0.002,0,0.001
0,-0.003,-0.001,0,0.004,0.003
-0.001,-0.003,-0.001,-0.001,0.006,0.001
-0.001,-0.002,0,-0.001,0.006,-0.001
0,-0.001,0,0,0.004,-0.003
0.001,-0.002,-0.001,0.001,0,-0.004
0.001,-0.002,-0.003,0.001,-0.003,-0.003
0,-0.002,-0.005,0,-0.004,-0.002
0,-0.001,-0.005,0,-0.003,0
-0.001,0,-0.003,-0.001,0,0
0,0.001,-0.001,0,0.003,0.001
0.001,0.002,0,0.001,0.005,0.001
0.002,0.001,-0.001,0.002,0.006,0.001
0.002,0,-0.003,0.002,0.005,0.001
0.001,-0.001,-0.004,0.001,0.003,0.001
-0.001,-0.001,-0.003,-0.001,0.001,0.002
-0.002,0,0,-0.002,0,0.002
-0.003,0.001,0.004,-0.003,-0.001,0.002
-0.002,0.002,0.007,-0.002,-0.002,0.001
-0.001,0.003,0.007,-0.001,-0.004,0
0,0.003,0.005,0,-0.005,0
0.001,0.002,0.002,0.001,-0.005,0.001
0.002,0.001,-0.001,0.002,-0.004,0.002
0.002,-0.001,-0.001,0.002,-0.002,0.004
0.002,-0.002,-0.001,0.002,0,0.006
0.001,-0.003,0.001,0.001,0.001,0.005
0.002,-0.002,0.002,0.002,0,0.003
0.002,-0.002,0.002,0.002,-0.002,0
0.002,-0.001,0.001,0.002,-0.003,-0.003
0.001,-0.002,-0.001,0.001,-0.004,-0.005
-0.002,-0.002,-0.002,-0.002,-0.003,-0.005
-0.004,-0.002,-0.002,-0.004,-0.002,-0.004
-0.004,0,-0.001,-0.004,0,-0.002
-0.002,0.001,0.001,-0.002,0.001,0
0.001,0.002,0.001,0.001,0.002,0
0.004,0.001,0.001,0.004,0.002,-0.001
0.004,0.001,-0.001,0.004,0.001,-0.002
0.002,0,-0.001,0.002,-0.001,-0.002
-0.001,0,0.001,-0.001,-0.001,0
-0.004,0.001,0.004,-0.004,0,0.001
-0.006,0.001,0.006,-0.006,0.001,0.001
-0.004,0.002,0.006,-0.004,0.001,0
0,0.002,0.004,0,0,-0.001
0.003,0.002,0,0.003,-0.002,-0.003
0.004,0.002,-0.003,0.004,-0.002,-0.003
0.003,0.001,-0.003,0.003,-0.001,-0.002
0.001,0,-0.002,0.001,0.002,0
-0.001,-0.001,-0.001,-0.001,0.006,0.002
-0.002,-0.002,-0.001,-0.002,0.008,0.003
0,-0.002,-0.003,0,0.008,0.003
0.002,-0.003,-0.005,0.002,0.005,0.001
0.002,-0.003,-0.007,0.002,0.001,-0.001
0.001,-0.004,-0.007,0.001,-0.002,-0.004
-0.001,-0.004,-0.003,-0.001,-0.004,-0.005
-0.003,-0.003,0.002,-0.003,-0.005,-0.004
-0.002,-0.003,0.005,-0.002,-0.004,-0.001
0.001,-0.001,0.006,0.001,-0.003,0.002
0.005,0,0.004,0.005,-0.001,0.005
0.007,0.001,0,0.007,0.001,0.006
0.005,0.001,-0.004,0.005,0.002,0.005
0.001,0,-0.005,0.001,0.001,0.003
-0.004,-0.001,-0.003,-0.004,0,0.001
-0.007,-0.001,0.001,-0.007,-0.001,0
-0.008,-0.001,0.004,-0.008,-0.002,0.001
-0.006,-0.001,0.005,-0.006,-0.002,0.002
-0.002,-0.002,0.004,-0.002,-0.001,0.003
0.002,-0.003,0.002,0.002,0,0.003
0.004,-0.004,0.001,0.004,0.001,0.002
0.004,-0.002,0.001,0.004,0,0
0.002,0,-0.001,0.002,-0.003,0
0.001,0.003,-0.003,0.001,-0.005,0
0.001,0.003,-0.007,0.001,-0.007,0
0.002,0.002,-0.01,0.002,-0.007,0
0.004,-0.001,-0.01,0.004,-0.004,-0.001
0.004,-0.003,-0.007,0.004,0,-0.003
0.002,-0.003,-0.002,0.002,0.004,-0.005
-0.001,-0.001,0.003,-0.001,0.007,-0.005
-0.003,0.001,0.004,-0.003,0.006,-0.003
-0.003,0.002,0.004,-0.003,0.004,0.001
-0.001,0.001,0.002,-0.001,-0.001,0.004
0.002,0,0.001,0.002,-0.004,0.004
0.004,-0.002,0.001,0.004,-0.006,0.002
0.004,-0.002,0.001,0.004,-0.004,-0.003
0.003,-0.001,0.002,0.003,-0.001,-0.006
0.001,0,0.003,0.001,0.003,-0.007
-0.001,0.002,0.003,-0.001,0.005,-0.005
-0.002,0.003,0.003,-0.002,0.005,-0.002
-0.003,0.003,0.002,-0.003,0.004,0
-0.004,0.003,0.002,-0.004,0.003,0.001
-0.004,0.003,0.002,-0.004,0.002,-0.001
-0.003,0.003,0.003,-0.003,0.002,-0.002
-0.002,0.002,0.004,-0.002,0.001,-0.002
-0.001,0.002,0.005,-0.001,-0.001,-0.001
-0.001,0.003,0.003,-0.001,-0.002,0.002
-0.001,0.005,0,-0.001,-0.003,0.004
-0.001,0.007,-0.003,-0.001,-0.002,0.004
-0.001,0.007,-0.006,-0.001,0,0.002
-0.001,0.006,-0.006,-0.001,0.002,0.001
-0.001,0.003,-0.003,-0.001,0.003,0.001
-0.002,0,-0.001,-0.002,0.002,0.002
-0.002,-0.002,0.001,-0.002,0,0.004
-0.002,-0.002,0.001,-0.002,-0.001,0.006
-0.001,0.001,0,-0.001,-0.001,0.005
0,0.004,-0.001,0,-0.001,0.002
0.001,0.005,-0.001,0.001,0,-0.001
0.001,0.003,0.001,0.001,0,-0.004
0.001,-0.001,0.002,0.001,0,-0.004
0.001,-0.004,0.003,0.001,0,-0.003
0.001,-0.006,0.001,0.001,0,-0.001
0.001,-0.006,-0.001,0.001,0.001,0.001
0.002,-0.003,-0.003,0.002,0.002,0.002
0.002,0,-0.002,0.002,0.002,0.003
0.003,0.001,0,0.003,0.002,0.003
0.002,0.002,0.002,0.002,0.002,0.003
0,0.001,0.002,0,0.002,0.002
-0.001,0.001,0.002,-0.001,0.001,0.001
-0.002,0,0,-0.002,-0.001,-0.001
-0.003,-0.001,0,-0.003,-0.002,-0.002
-0.002,-0.002,0,-0.002,-0.003,-0.002
-0.002,-0.002,0.001,-0.002,-0.004,-0.001
-0.001,-0.001,0.002,-0.001,-0.005,0
0,0.001,0.002,0,-0.004,0
0,0.002,0.002,0,-0.003,-0.001
0.001,0.002,0.001,0.001,-0.002,-0.003
0.002,0.001,0,0.002,0,-0.004
0.001,-0.001,-0.001,0.001,0.002,-0.003
0.001,-0.003,-0.001,0.001,0.002,-0.002
0.001,-0.003,-0.001,0.001,0.001,0
0,-0.002,-0.001,0,0,0
0,-0.001,0,0,-0.001,-0.001
0.001,-0.001,0,0.001,0,-0.002
0.001,-0.002,0.001,0.001,0.001,-0.002
0,-0.003,0.001,0,0.004,-0.001
0,-0.004,-0.001,0,0.006,0.001
0,-0.003,-0.002,0,0.007,0.001
0,-0.002,-0.004,0,0.005,0
0,-0.001,-0.004,0,0.001,-0.003
0,0,-0.002,0,-0.002,-0.006
-0.001,0.001,-0.001,-0.001,-0.004,-0.007
-0.001,0.002,0.001,-0.001,-0.004,-0.006
-0.002,0.002,0.001,-0.002,-0.004,-0.003
-0.002,0.002,0.001,-0.002,-0.004,0
-0.002,0.001,0,-0.002,-0.004,0.002
-0.001,0,0,-0.001,-0.004,0.002
-0.002,-0.002,0.001,-0.002,-0.003,0.002
-0.003,-0.004,0.001,-0.003,-0.001,0
-0.004,-0.005,0.001,-0.004,0.002,0
-0.005,-0.004,-0.001,-0.005,0.004,0
-0.004,-0.002,-0.002,-0.004,0.004,0
-0.002,0,-0.002,-0.002,0.003,0
0,0.001,-0.002,0,0.002,0.001
0.002,0.001,-0.002,0.002,0.002,0.001
0.003,0.001,-0.001,0.003,0.004,0
0.003,0,0,0.003,0.006,0
0.002,-0.001,0.002,0.002,0.006,0
0,-0.002,0.003,0,0.004,0.001
-0.003,-0.002,0.003,-0.003,0,0.002
-0.004,-0.001,0.003,-0.004,-0.003,0.002
-0.004,-0.001,0.001,-0.004,-0.005,0.002
-0.001,-0.001,-0.001,-0.001,-0.003,0.001
0.003,0,-0.003,0.003,0,-0.001
0.006,0,-0.005,0.006,0.001,-0.002
0.007,0,-0.006,0.007,0.001,-0.002
0.006,0.001,-0.007,0.006,-0.003,0
0.003,0.002,-0.007,0.003,-0.007,0.002
0,0.004,-0.006,0,-0.009,0.003
-0.002,0.005,-0.004,-0.002,-0.007,0.004
-0.001,0.005,-0.002,-0.001,-0.003,0.002
0,0.003,0,0,0.002,0
0.001,0.001,0,0.001,0.005,-0.002
0.002,-0.002,0,0.002,0.005,-0.002
0.001,-0.003,0,0.001,0.003,0
0.001,-0.002,0,0.001,0.001,0.002
0,0.001,0.002,0,0,0.004
-0.001,0.004,0.005,-0.001,-0.001,0.004
-0.002,0.005,0.008,-0.002,-0.001,0.003
-0.003,0.004,0.008,-0.003,-0.002,0.002
-0.003,0.003,0.005,-0.003,-0.003,0
-0.003,0.001,0.001,-0.003,-0.004,0
-0.001,0.001,-0.003,-0.001,-0.004,0
0.002,0.001,-0.004,0.002,-0.004,0.001
0.005,-0.001,-0.003,0.005,-0.003,0.002
0.006,-0.003,-0.001,0.006,-0.002,0.002
0.005,-0.006,0,0.005,-0.002,0.001
0.002,-0.007,0,0.002,-0.001,-0.001
0.001,-0.006,-0.001,0.001,-0.001,-0.002
0.001,-0.004,-0.001,0.001,0,-0.003
0.002,0,-0.001,0.002,0.001,-0.003
0.003,0.002,0,0.003,0.003,-0.002
0.002,0.003,0.002,0.002,0.005,-0.001
0,0.002,0.002,0,0.007,0
-0.004,0.002,0.001,-0.004,0.007,0
-0.006,0.002,0.001,-0.006,0.005,-0.001
-0.006,0.003,0.001,-0.006,0.002,-0.003
-0.003,0.004,0.002,-0.003,0,-0.004
0.001,0.005,0.002,0.001,-0.001,-0.004
0.004,0.004,0.003,0.004,-0.001,-0.002
0.005,0.001,0.002,0.005,0,0
0.004,-0.001,0.002,0.004,0.001,0.001
0.002,-0.003,0.002,0.002,0.001,0
0,-0.002,0.002,0,0,-0.002
-0.001,0,0.001,-0.001,-0.002,-0.004
-0.001,0.001,0,-0.001,-0.004,-0.005
-0.001,0.001,-0.002,-0.001,-0.005,-0.002
-0.002,-0.002,-0.004,-0.002,-0.005,0.003
-0.002,-0.004,-0.005,-0.002,-0.004,0.009
-0.002,-0.006,-0.004,-0.002,-0.003,0.011
-0.002,-0.004,-0.002,-0.002,-0.002,0.009
-0.002,-0.001,0,-0.002,-0.002,0.004
0,0.002,0.001,0,-0.003,-0.003
0.002,0.004,0.001,0.002,-0.003,-0.006
0.005,0.004,0.001,0.005,-0.001,-0.007
0.006,0.002,0,0.006,0.003,-0.005
0.003,0,-0.001,0.003,0.007,-0.001
-0.002,-0.001,-0.002,-0.002,0.01,0.001
-0.007,0,-0.002,-0.007,0.009,0.002
-0.009,0.001,-0.002,-0.009,0.006,0.001
-0.009,0.002,0,-0.009,0,0
-0.006,0.002,0.002,-0.006,-0.004,0
-0.004,0.001,0.003,-0.004,-0.005,0
-0.003,0,0.003,-0.003,-0.004,0
-0.003,-0.002,0.001,-0.003,-0.002,0
-0.003,-0.003,-0.002,-0.003,0,0
-0.002,-0.003,-0.004,-0.002,0.002,0
0,-0.003,-0.004,0,0.003,0.001
0.002,-0.004,-0.003,0.002,0.005,0.002
0.002,-0.005,-0.001,0.002,0.007,0.003
0,-0.006,-0.001,0,0.008,0.003
-0.003,-0.006,-0.002,-0.003,0.007,0.002
-0.005,-0.005,-0.004,-0.005,0.004,-0.001
-0.005,-0.003,-0.005,-0.005,0.001,-0.004
-0.002,0,-0.004,-0.002,-0.001,-0.005
0.001,0.003,0,0.001,-0.001,-0.005
0.003,0.004,0.004,0.003,0,-0.004
0.002,0.003,0.006,0.002,0,-0.001
0,0.002,0.004,0,-0.001,0.001
-0.001,0,0,-0.001,-0.001,0.002
-0.001,-0.002,-0.005,-0.001,-0.001,0.001
0.002,-0.003,-0.008,0.002,0.002,0
0.004,-0.002,-0.008,0.004,0.004,-0.001
0.004,0,-0.004,0.004,0.004,-0.002
0.003,0.003,0.001,0.003,0.002,-0.002
0,0.005,0.006,0,-0.002,-0.002
-0.002,0.005,0.007,-0.002,-0.007,-0.003
-0.003,0.005,0.006,-0.003,-0.008,-0.005
-0.002,0.002,0.002,-0.002,-0.007,-0.006
-0.001,-0.001,-0.002,-0.001,-0.003,-0.006
-0.001,-0.005,-0.004,-0.001,0.001,-0.004
-0.001,-0.007,-0.006,-0.001,0.002,-0.003
-0.002,-0.008,-0.006,-0.002,0.001,-0.002
-0.004,-0.006,-0.004,-0.004,-0.002,-0.002
-0.005,-0.002,-0.003,-0.005,-0.005,-0.002
-0.005,0.002,-0.001,-0.005,-0.006,-0.002
-0.004,0.004,0,-0.004,-0.005,-0.001
-0.002,0.004,0.001,-0.002,-0.004,0
0.001,0.001,0,0.001,-0.004,0.001
0.003,-0.002,-0.002,0.003,-0.005,0.001
0.003,-0.004,-0.004,0.003,-0.006,0
0.003,-0.005,-0.006,0.003,-0.007,-0.001
0.002,-0.005,-0.007,0.002,-0.006,-0.002
0.001,-0.004,-0.007,0.001,-0.004,-0.002
0.001,-0.005,-0.006,0.001,-0.002,-0.003
0,-0.006,-0.005,0,0,-0.003
0,-0.007,-0.004,0,0,-0.002
0,-0.007,-0.002,0,0,-0.002
0.001,-0.004,0,0.001,-0.001,-0.001
0.004,-0.001,0.001,0.004,-0.002,0
0.007,0.002,0.001,0.007,-0.003,0
0.011,0.004,0,0.011,-0.003,0
0.012,0.005,0,0.012,-0.002,-0.001
0.011,0.003,0,0.011,-0.002,-0.002
0.008,0.001,0.001,0.008,-0.003,-0.001
0.005,-0.001,0.002,0.005,-0.004,0.001
0.002,-0.003,0.004,0.002,-0.005,0.004
0,-0.004,0.004,0,-0.005,0.008
-0.001,-0.004,0.003,-0.001,-0.003,0.01
-0.002,-0.003,0.003,-0.002,0,0.01
-0.002,-0.001,0.004,-0.002,0.003,0.008
-0.001,0.002,0.008,-0.001,0.006,0.006
-0.001,0.005,0.012,-0.001,0.007,0.005
0,0.007,0.015,0,0.006,0.006
0.001,0.008,0.016,0.001,0.004,0.008
0.002,0.008,0.014,0.002,0.002,0.01
0.003,0.007,0.009,0.003,0.001,0.01
0.003,0.006,0.004,0.003,0.002,0.009
0.003,0.006,0.001,0.003,0.004,0.006
0.001,0.007,0,0.001,0.007,0.003
0,0.008,0.001,0,0.008,0
-0.001,0.009,0.003,-0.001,0.007,-0.002
-0.002,0.008,0.004,-0.002,0.005,-0.002
-0.002,0.005,0.003,-0.002,0.003,0
-0.003,0.002,0,-0.003,0.004,0.003
-0.003,0,-0.004,-0.003,0.006,0.005
-0.003,0,-0.006,-0.003,0.008,0.005
-0.003,0.002,-0.006,-0.003,0.008,0.003
-0.003,0.005,-0.005,-0.003,0.007,-0.001
-0.004,0.005,-0.003,-0.004,0.006,-0.003
-0.005,0.003,-0.001,-0.005,0.007,-0.004
-0.006,-0.001,-0.001,-0.006,0.008,-0.003
-0.008,-0.004,-0.002,-0.008,0.009,-0.001
-0.009,-0.005,-0.004,-0.009,0.008,-0.001
-0.009,-0.002,-0.005,-0.009,0.004,-0.003
-0.008,0.003,-0.006,-0.008,-0.002,-0.006
-0.007,0.005,-0.006,-0.007,-0.007,-0.008
-0.004,0.005,-0.007,-0.004,-0.01,-0.009
-0.002,0.002,-0.008,-0.002,-0.009,-0.009
0.001,-0.002,-0.01,0.001,-0.006,-0.009
0.003,-0.005,-0.012,0.003,-0.004,-0.009
0.005,-0.006,-0.013,0.005,-0.004,-0.008
0.005,-0.005,-0.012,0.005,-0.007,-0.007
0.006,-0.005,-0.009,0.006,-0.011,-0.004
0.006,-0.006,-0.005,0.006,-0.015,-0.001
0.007,-0.007,0,0.007,-0.016,0.001
0.01,-0.009,0.003,0.01,-0.015,0.001
0.012,-0.009,0.007,0.012,-0.011,0
0.014,-0.009,0.01,0.014,-0.007,-0.002
0.016,-0.007,0.014,0.016,-0.004,-0.002
0.016,-0.004,0.018,0.016,-0.003,0
0.016,0,0.023,0.016,-0.002,0.004
0.015,0.002,0.027,0.015,-0.001,0.009
0.013,0.003,0.03,0.013,0.001,0.013
0.008,0.002,0.033,0.008,0.005,0.015
0.001,0,0.036,0.001,0.008,0.016
-0.006,-0.001,0.038,-0.006,0.012,0.016
-0.012,-0.001,0.038,-0.012,0.015,0.016
-0.016,0.003,0.034,-0.016,0.017,0.015
-0.018,0.007,0.026,-0.018,0.017,0.012
-0.02,0.011,0.015,-0.02,0.016,0.007
-0.023,0.013,0.002,-0.023,0.014,0
-0.03,0.012,-0.01,-0.03,0.011,-0.006
-0.039,0.01,-0.018,-0.039,0.009,-0.011
-0.05,0.007,-0.02,-0.05,0.007,-0.013
-0.06,0.006,-0.017,-0.06,0.005,-0.013
-0.068,0.005,-0.01,-0.068,0.003,-0.014
-0.075,0.004,-0.003,-0.075,0,-0.016
-0.082,0.002,0.004,-0.082,-0.005,-0.021
-0.091,-0.001,0.009,-0.091,-0.01,-0.027
-0.103,-0.004,0.018,-0.103,-0.015,-0.034
-0.118,-0.005,0.035,-0.118,-0.02,-0.041
-0.134,-0.007,0.069,-0.134,-0.024,-0.049
-0.145,-0.009,0.127,-0.145,-0.029,-0.06
-0.145,-0.013,0.215,-0.145,-0.033,-0.075
-0.126,-0.02,0.331,-0.126,-0.037,-0.093
-0.076,-0.029,0.469,-0.076,-0.042,-0.115
0.022,-0.037,0.616,0.022,-0.048,-0.137
0.187,-0.044,0.748,0.187,-0.059,-0.156
0.434,-0.049,0.838,0.434,-0.074,-0.168
0.763,-0.052,0.86,0.763,-0.092,-0.16
1.148,-0.054,0.796,1.148,-0.109,-0.12
1.533,-0.058,0.644,1.533,-0.122,-0.028
1.83,-0.064,0.418,1.83,-0.124,0.136
1.952,-0.072,0.145,1.952,-0.11,0.38
1.832,-0.083,-0.142,1.832,-0.07,0.695
1.466,-0.095,-0.411,1.466,0.009,1.049
0.916,-0.105,-0.636,0.916,0.145,1.386
0.292,-0.112,-0.802,0.292,0.347,1.635
-0.289,-0.111,-0.904,-0.289,0.613,1.728
-0.747,-0.098,-0.945,-0.747,0.917,1.619
-1.056,-0.066,-0.936,-1.056,1.216,1.304
-1.234,-0.003,-0.891,-1.234,1.448,0.831
-1.318,0.11,-0.824,-1.318,1.554,0.291
-1.338,0.29,-0.746,-1.338,1.492,-0.219
-1.311,0.553,-0.662,-1.311,1.253,-0.624
-1.25,0.889,-0.575,-1.25,0.867,-0.898
-1.166,1.259,-0.486,-1.166,0.403,-1.056
-1.073,1.587,-0.397,-1.073,-0.061,-1.134
-0.981,1.783,-0.311,-0.981,-0.459,-1.161
-0.895,1.774,-0.232,-0.895,-0.758,-1.153
-0.81,1.532,-0.16,-0.81,-0.959,-1.115
-0.722,1.093,-0.097,-0.722,-1.081,-1.052
-0.626,0.545,-0.042,-0.626,-1.144,-0.976
-0.525,-0.005,0.005,-0.525,-1.16,-0.896
-0.423,-0.464,0.041,-0.423,-1.136,-0.82
-0.324,-0.782,0.064,-0.324,-1.08,-0.746
-0.231,-0.964,0.074,-0.231,-1.003,-0.67
-0.149,-1.05,0.075,-0.149,-0.92,-0.588
-0.078,-1.092,0.075,-0.078,-0.84,-0.498
-0.023,-1.122,0.079,-0.023,-0.764,-0.405
0.017,-1.145,0.089,0.017,-0.685,-0.312
0.045,-1.148,0.103,0.045,-0.598,-0.223
0.069,-1.121,0.116,0.069,-0.504,-0.142
0.094,-1.066,0.126,0.094,-0.408,-0.073
0.124,-0.995,0.13,0.124,-0.315,-0.019
0.157,-0.923,0.13,0.157,-0.229,0.019
0.188,-0.85,0.129,0.188,-0.153,0.044
0.214,-0.768,0.129,0.214,-0.086,0.064
0.231,-0.667,0.13,0.231,-0.032,0.082
0.242,-0.547,0.132,0.242,0.01,0.104
0.248,-0.422,0.135,0.248,0.04,0.128
0.255,-0.31,0.138,0.255,0.062,0.151
0.262,-0.225,0.142,0.262,0.082,0.171
0.269,-0.166,0.147,0.269,0.104,0.189
0.273,-0.124,0.154,0.273,0.128,0.206
0.274,-0.082,0.16,0.274,0.154,0.222
0.272,-0.034,0.165,0.272,0.177,0.236
0.269,0.019,0.164,0.269,0.196,0.245
0.267,0.072,0.159,0.267,0.211,0.25
0.265,0.116,0.148,0.265,0.224,0.249
0.262,0.152,0.137,0.262,0.236,0.247
0.255,0.18,0.127,0.255,0.246,0.244
0.243,0.205,0.12,0.243,0.253,0.243
0.228,0.229,0.116,0.228,0.257,0.243
0.213,0.252,0.112,0.213,0.259,0.242
0.2,0.27,0.108,0.2,0.26,0.239
0.188,0.281,0.101,0.188,0.258,0.232
0.175,0.286,0.092,0.175,0.254,0.224
0.161,0.288,0.083,0.161,0.248,0.214
0.146,0.288,0.073,0.146,0.239,0.204
0.131,0.29,0.064,0.131,0.229,0.193
0.117,0.294,0.055,0.117,0.221,0.182
0.106,0.301,0.046,0.106,0.215,0.169
0.098,0.306,0.039,0.098,0.208,0.154
0.091,0.307,0.032,0.091,0.198,0.137
0.083,0.301,0.027,0.083,0.184,0.121
0.07,0.289,0.022,0.07,0.167,0.108
0.054,0.274,0.017,0.054,0.149,0.098
0.037,0.257,0.012,0.037,0.133,0.091
0.024,0.243,0.009,0.024,0.12,0.084
0.016,0.23,0.008,0.016,0.109,0.075
0.012,0.217,0.005,0.012,0.1,0.063
0.011,0.203,0.001,0.011,0.09,0.048
0.008,0.187,-0.006,0.008,0.079,0.034
0.002,0.17,-0.014,0.002,0.068,0.022
-0.008,0.153,-0.02,-0.008,0.057,0.015
-0.02,0.138,-0.024,-0.02,0.047,0.01
-0.032,0.124,-0.024,-0.032,0.037,0.006
-0.042,0.11,-0.023,-0.042,0.028,0.002
-0.049,0.095,-0.023,-0.049,0.021,-0.003
-0.053,0.08,-0.025,-0.053,0.015,-0.009
-0.056,0.065,-0.029,-0.056,0.009,-0.015
-0.058,0.052,-0.032,-0.058,0.004,-0.021
-0.062,0.04,-0.033,-0.062,-0.002,-0.028
-0.066,0.031,-0.034,-0.066,-0.009,-0.036
-0.072,0.022,-0.034,-0.072,-0.016,-0.045
-0.076,0.013,-0.035,-0.076,-0.024,-0.054
-0.078,0.003,-0.037,-0.078,-0.033,-0.062
-0.076,-0.007,-0.037,-0.076,-0.042,-0.068
-0.073,-0.017,-0.037,-0.073,-0.051,-0.071
-0.069,-0.028,-0.036,-0.069,-0.06,-0.073
-0.066,-0.038,-0.034,-0.066,-0.066,-0.073
-0.063,-0.05,-0.032,-0.063,-0.069,-0.071
-0.06,-0.061,-0.03,-0.06,-0.069,-0.067
-0.056,-0.071,-0.029,-0.056,-0.068,-0.062
-0.051,-0.077,-0.028,-0.051,-0.069,-0.057
-0.046,-0.081,-0.028,-0.046,-0.07,-0.054
-0.043,-0.083,-0.029,-0.043,-0.07,-0.053
-0.042,-0.084,-0.029,-0.042,-0.069,-0.053
-0.04,-0.085,-0.028,-0.04,-0.066,-0.053
-0.037,-0.087,-0.025,-0.037,-0.061,-0.052
-0.032,-0.087,-0.022,-0.032,-0.056,-0.05
-0.025,-0.086,-0.019,-0.025,-0.052,-0.045
-0.018,-0.082,-0.018,-0.018,-0.048,-0.04
-0.014,-0.077,-0.019,-0.014,-0.044,-0.034
-0.012,-0.072,-0.019,-0.012,-0.041,-0.03
-0.011,-0.068,-0.019,-0.011,-0.038,-0.026
-0.011,-0.064,-0.016,-0.011,-0.036,-0.022
-0.012,-0.062,-0.011,-0.012,-0.033,-0.019
-0.011,-0.059,-0.007,-0.011,-0.03,-0.016
-0.009,-0.056,-0.003,-0.009,-0.027,-0.013
-0.006,-0.052,-0.002,-0.006,-0.023,-0.01
-0.002,-0.047,-0.002,-0.002,-0.018,-0.008
0.002,-0.041,-0.003,0.002,-0.014,-0.006
0.006,-0.035,-0.005,0.006,-0.01,-0.005
0.008,-0.029,-0.005,0.008,-0.008,-0.005
0.008,-0.023,-0.005,0.008,-0.006,-0.004
0.006,-0.018,-0.003,0.006,-0.005,-0.002
0.004,-0.014,0.001,0.004,-0.004,0.001
0.002,-0.012,0.004,0.002,-0.003,0.003
0.001,-0.012,0.006,0.001,-0.002,0.004
0.001,-0.013,0.005,0.001,-0.002,0.002
0,-0.013,0.003,0,-0.002,-0.001
0,-0.011,0,0,0,-0.004
-0.001,-0.007,-0.001,-0.001,0.002,-0.005
-0.001,-0.002,0.001,-0.001,0.005,-0.004
-0.001,0.004,0.005,-0.001,0.007,-0.001
-0.001,0.008,0.008,-0.001,0.005,0.001
-0.001,0.011,0.009,-0.001,0.001,0.003
0,0.011,0.007,0,-0.003,0.003
0.001,0.009,0.005,0.001,-0.004,0.002
0.002,0.008,0.004,0.002,-0.001,0.001
0.003,0.008,0.004,0.003,0.003,0
0.004,0.008,0.006,0.004,0.005,-0.001
0.004,0.008,0.008,0.004,0.003,-0.002
0.003,0.007,0.009,0.003,-0.002,-0.002
0.003,0.004,0.009,0.003,-0.007,-0.001
0.003,-0.001,0.008,0.003,-0.009,0
0.003,-0.005,0.007,0.003,-0.006,0.002
0.004,-0.007,0.006,0.004,0,0.005
0.005,-0.009,0.005,0.005,0.006,0.007
0.006,-0.009,0.003,0.006,0.009,0.008
0.006,-0.008,-0.001,0.006,0.009,0.009
0.007,-0.006,-0.004,0.007,0.007,0.008
0.008,-0.003,-0.006,0.008,0.004,0.007
0.009,-0.001,-0.005,0.009,0.003,0.006
0.01,0.001,-0.002,0.01,0.002,0.006
0.01,0.001,0.002,0.01,0.002,0.005
0.01,0.001,0.006,0.01,0.003,0.006
0.008,0.002,0.008,0.008,0.004,0.007
0.006,0.004,0.009,0.006,0.006,0.008
0.004,0.007,0.007,0.004,0.007,0.01
0.003,0.01,0.005,0.003,0.009,0.011
0.004,0.012,0.003,0.004,0.009,0.009
0.006,0.013,0.001,0.006,0.008,0.006
0.007,0.012,0,0.007,0.006,0.002
0.006,0.009,-0.001,0.006,0.003,0
0.003,0.006,-0.002,0.003,0.001,0.001
0,0.004,-0.003,0,0,0.004
-0.003,0.005,-0.004,-0.003,0.002,0.008
-0.003,0.008,-0.004,-0.003,0.004,0.01
-0.003,0.011,-0.003,-0.003,0.008,0.01
-0.003,0.012,-0.002,-0.003,0.01,0.007
-0.004,0.01,-0.001,-0.004,0.01,0.004
-0.006,0.008,-0.002,-0.006,0.008,0.002
-0.008,0.007,-0.003,-0.008,0.005,0
-0.009,0.007,-0.004,-0.009,0.003,-0.002
-0.008,0.009,-0.004,-0.008,0.002,-0.005
-0.006,0.011,-0.003,-0.006,0.002,-0.007
-0.003,0.011,-0.001,-0.003,0.001,-0.01
-0.001,0.009,0.002,-0.001,0,-0.01
0,0.006,0.003,0,-0.002,-0.009
0.001,0.004,0.003,0.001,-0.004,-0.007
0,0.002,0.002,0,-0.004,-0.005
0,0.001,0.002,0,-0.005,-0.005
-0.001,0.001,0.003,-0.001,-0.005,-0.005
-0.002,0,0.005,-0.002,-0.006,-0.006
-0.001,-0.002,0.007,-0.001,-0.008,-0.007
0.001,-0.005,0.007,0.001,-0.009,-0.006
0.002,-0.007,0.004,0.002,-0.009,-0.004
0.002,-0.008,0,0.002,-0.007,-0.001
0,-0.008,-0.004,0,-0.005,0.001
-0.002,-0.006,-0.006,-0.002,-0.003,0.001
-0.003,-0.005,-0.006,-0.003,-0.003,0.001
-0.002,-0.003,-0.005,-0.002,-0.003,0
0.001,-0.002,-0.004,0.001,-0.002,0.001
0.004,-0.002,-0.005,0.004,-0.001,0.003
0.005,-0.003,-0.007,0.005,0.001,0.007
0.003,-0.003,-0.008,0.003,0.002,0.01
0.001,-0.003,-0.007,0.001,0.002,0.011
0,-0.003,-0.004,0,0.001,0.009
0.002,-0.003,0,0.002,0,0.005
0.007,-0.003,0.003,0.007,0,0.001
0.011,-0.003,0.004,0.011,0.001,-0.002
0.014,-0.002,0.002,0.014,0.002,-0.003
0.013,0,-0.001,0.013,0.004,-0.001
0.01,0.001,-0.003,0.01,0.004,0
0.005,0.002,-0.003,0.005,0.004,0.001
0.001,0.002,-0.003,0.001,0.002,0
-0.003,0.001,-0.002,-0.003,0.001,0
-0.005,0.001,-0.002,-0.005,0,0
-0.006,0.001,-0.002,-0.006,-0.001,0.001
-0.007,0.003,-0.003,-0.007,0,0.003
-0.007,0.005,-0.002,-0.007,0.001,0.005
-0.007,0.006,-0.001,-0.007,0.002,0.006
-0.008,0.006,0.001,-0.008,0.002,0.004
-0.01,0.005,0.003,-0.01,0.001,0.002
-0.011,0.005,0.003,-0.011,0.001,0
-0.011,0.006,0.003,-0.011,0,-0.001
-0.01,0.008,0.002,-0.01,-0.001,-0.001
-0.008,0.008,0.001,-0.008,-0.003,0.001
-0.006,0.007,0,-0.006,-0.004,0.001
-0.004,0.004,0.001,-0.004,-0.006,-0.001
-0.003,0,0.002,-0.003,-0.007,-0.005
-0.001,-0.002,0.002,-0.001,-0.007,-0.01
0,-0.004,0.002,0,-0.007,-0.012
0.001,-0.004,0,0.001,-0.007,-0.011
0,-0.004,0,0,-0.006,-0.007
-0.001,-0.004,0,-0.001,-0.004,-0.003
0,-0.005,0,0,-0.001,0
0.002,-0.006,0,0.002,0.001,0
0.007,-0.007,-0.001,0.007,0.003,-0.001
0.01,-0.008,-0.002,0.01,0.003,-0.003
0.011,-0.008,-0.002,0.011,0.003,-0.004
0.008,-0.007,-0.001,0.008,0.002,-0.005
0.004,-0.006,0.001,0.004,0.001,-0.005
0,-0.005,0.002,0,0,-0.004
-0.001,-0.003,0.002,-0.001,-0.001,-0.002
0.001,-0.001,0.001,0.001,-0.001,-0.001
0.003,0.001,0,0.003,0,0.001
0.004,0.002,0,0.004,0.001,0.003
0.003,0.003,0.001,0.003,0.003,0.003
0.001,0.004,0.003,0.001,0.003,0.003
0,0.003,0.004,0,0.003,0.004
0,0.002,0.005,0,0.001,0.004
0.002,0,0.004,0.002,-0.001,0.005
0.004,-0.001,0.002,0.004,-0.002,0.005
0.006,-0.001,0,0.006,-0.002,0.005
0.006,0,-0.001,0.006,-0.001,0.003
0.005,0.002,-0.002,0.005,0,0.001
0.002,0.004,-0.001,0.002,0.001,0
-0.001,0.005,-0.001,-0.001,0.001,-0.001
-0.004,0.005,-0.001,-0.004,0.002,0.001
-0.006,0.004,-0.002,-0.006,0.004,0.004
-0.008,0.004,-0.002,-0.008,0.005,0.007
-0.008,0.004,-0.002,-0.008,0.006,0.008
-0.008,0.004,-0.001,-0.008,0.005,0.007
-0.007,0.004,0,-0.007,0.003,0.004
-0.006,0.002,0.001,-0.006,0.001,0
-0.006,0.001,0,-0.006,0.002,-0.003
-0.006,0,-0.004,-0.006,0.004,-0.004
-0.006,0.001,-0.007,-0.006,0.005,-0.004
-0.005,0.004,-0.008,-0.005,0.005,-0.004
-0.003,0.006,-0.006,-0.003,0.002,-0.005
0,0.006,-0.002,0,-0.003,-0.008
0.003,0.004,0.003,0.003,-0.009,-0.01
0.004,-0.001,0.005,0.004,-0.014,-0.01
0.004,-0.006,0.006,0.004,-0.015,-0.009
0.003,-0.009,0.005,0.003,-0.013,-0.007
0.002,-0.009,0.003,0.002,-0.009,-0.004
0.001,-0.007,0.002,0.001,-0.004,-0.003
0.001,-0.003,0.001,0.001,-0.001,-0.002
0.002,-0.002,0.001,0.002,0.002,-0.001
0.004,-0.003,0.002,0.004,0.003,0.001
0.006,-0.007,0.003,0.006,0.003,0.003
0.007,-0.01,0.004,0.007,0.003,0.005
0.006,-0.011,0.004,0.006,0.003,0.006
0.004,-0.009,0.003,0.004,0.003,0.006
0.001,-0.005,0.002,0.001,0.002,0.005
-0.002,-0.001,0,-0.002,0.001,0.003
-0.002,0.001,-0.001,-0.002,-0.001,0.003
0.001,0,-0.002,0.001,-0.002,0.003
0.005,-0.001,-0.002,0.005,-0.002,0.004
0.007,-0.002,-0.002,0.007,0,0.004
0.006,-0.001,-0.002,0.006,0.002,0.004
0.003,0.002,-0.002,0.003,0.005,0.003
-0.002,0.004,-0.001,-0.002,0.006,0.003
-0.006,0.004,-0.001,-0.006,0.006,0.003
-0.006,0.004,-0.001,-0.006,0.004,0.005
-0.003,0.003,-0.002,-0.003,0.002,0.006
0,0.003,-0.002,0,0.001,0.007
0.002,0.004,-0.002,0.002,0.001,0.007
0.002,0.006,-0.003,0.002,0.002,0.006
-0.001,0.007,-0.003,-0.001,0.004,0.004
-0.004,0.006,-0.005,-0.004,0.005,0.003
-0.006,0.004,-0.006,-0.006,0.006,0.001
-0.006,0.002,-0.006,-0.006,0.007,0
-0.005,0.001,-0.006,-0.005,0.007,-0.001
-0.003,0.001,-0.004,-0.003,0.006,-0.002
-0.002,0.003,-0.002,-0.002,0.003,-0.004
-0.003,0.005,0.001,-0.003,0,-0.006
-0.004,0.006,0.004,-0.004,-0.003,-0.009
-0.005,0.005,0.006,-0.005,-0.004,-0.012
-0.005,0.005,0.006,-0.005,-0.004,-0.013
-0.005,0.004,0.005,-0.005,-0.004,-0.011
-0.003,0.004,0.004,-0.003,-0.005,-0.008
-0.001,0.004,0.004,-0.001,-0.007,-0.003
0.001,0.003,0.003,0.001,-0.009,0
0.004,0.001,0.002,0.004,-0.009,0.003
0.006,-0.002,0.001,0.006,-0.009,0.003
0.006,-0.005,0.001,0.006,-0.007,0.002
0.004,-0.006,0.001,0.004,-0.006,0.001
0.001,-0.005,0.001,0.001,-0.005,-0.001
-0.001,-0.003,0,-0.001,-0.006,-0.001
-0.002,-0.001,0,-0.002,-0.005,-0.001
-0.001,-0.001,0,-0.001,-0.003,0
0,-0.003,0.001,0,0,0
0.001,-0.006,0.002,0.001,0.003,0
0,-0.009,0.003,0,0.004,0.001
0,-0.011,0.003,0,0.003,0.003
0.002,-0.01,0.003,0.002,0,0.005
0.005,-0.007,0.002,0.005,-0.002,0.007
0.007,-0.004,0,0.007,-0.003,0.007
0.008,0,-0.002,0.008,-0.001,0.005
0.007,0.002,-0.004,0.007,0.002,0.001
0.005,0.003,-0.005,0.005,0.005,-0.002
0.002,0.003,-0.006,0.002,0.005,-0.004
0.001,0.002,-0.006,0.001,0.005,-0.002
0.001,0.002,-0.003,0.001,0.003,0.001
0.003,0.003,-0.001,0.003,0.003,0.005
0.004,0.004,0.001,0.004,0.004,0.007
0.005,0.004,0.002,0.005,0.006,0.007
0.003,0.003,0.001,0.003,0.008,0.004
0.001,0.001,0.001,0.001,0.008,0.002
-0.001,0,0.002,-0.001,0.008,0
-0.003,0.001,0.002,-0.003,0.006,0
-0.004,0.004,0.002,-0.004,0.004,0
-0.006,0.007,0,-0.006,0.002,-0.001
-0.008,0.01,-0.002,-0.008,0.001,-0.002
-0.009,0.01,-0.003,-0.009,0.002,-0.003
-0.008,0.007,-0.004,-0.008,0.004,-0.003
-0.006,0.003,-0.003,-0.006,0.005,-0.002
-0.004,0,-0.001,-0.004,0.005,-0.002
-0.002,-0.001,0.001,-0.002,0.002,-0.002
-0.001,0,0.003,-0.001,-0.003,-0.003
-0.003,0.002,0.003,-0.003,-0.008,-0.003
-0.004,0.003,0.002,-0.004,-0.011,-0.003
-0.005,0.003,0.001,-0.005,-0.011,-0.003
-0.004,0.001,0.001,-0.004,-0.01,-0.002
-0.001,-0.003,0.001,-0.001,-0.007,-0.003
0.004,-0.006,0.002,0.004,-0.005,-0.004
0.007,-0.007,0.003,0.007,-0.005,-0.005
0.009,-0.006,0.002,0.009,-0.006,-0.005
0.008,-0.005,0.001,0.008,-0.006,-0.004
0.005,-0.004,-0.002,0.005,-0.005,-0.001
0.002,-0.005,-0.003,0.002,-0.003,0.001
0,-0.007,-0.003,0,-0.001,0.001
0.001,-0.008,-0.003,0.001,0,0
0.004,-0.009,-0.002,0.004,0,-0.002
0.006,-0.007,-0.001,0.006,0,-0.003
0.007,-0.006,-0.002,0.007,0.001,-0.002
0.004,-0.004,-0.004,0.004,0.004,0
0,-0.003,-0.006,0,0.006,0.002
-0.004,-0.002,-0.007,-0.004,0.007,0.003
-0.007,-0.002,-0.005,-0.007,0.006,0.004
-0.007,-0.001,-0.002,-0.007,0.003,0.004
-0.005,-0.001,0.002,-0.005,0,0.003
-0.001,0,0.003,-0.001,0,0.003
0.001,0,0.003,0.001,0.003,0.001
0.002,0.001,0,0.002,0.005,-0.002
0.002,0.002,-0.004,0.002,0.006,-0.004
0.002,0.004,-0.006,0.002,0.004,-0.004
0.003,0.005,-0.006,0.003,0,-0.002
0.003,0.005,-0.004,0.003,-0.004,0.002
0.004,0.003,-0.002,0.004,-0.007,0.005
0.002,0.002,-0.001,0.002,-0.006,0.005
-0.002,0,-0.002,-0.002,-0.005,0.003
-0.005,0,-0.003,-0.005,-0.002,0.001
-0.008,0.001,-0.004,-0.008,0,-0.001
-0.008,0.002,-0.004,-0.008,0.003,-0.001
-0.008,0.005,-0.003,-0.008,0.004,-0.001
-0.006,0.007,-0.002,-0.006,0.003,-0.001
-0.006,0.008,0,-0.006,0.001,-0.002
-0.006,0.007,0.002,-0.006,-0.002,-0.003
-0.006,0.004,0.002,-0.006,-0.004,-0.003
-0.006,0.001,0.002,-0.006,-0.004,-0.003
-0.005,-0.002,0.002,-0.005,-0.002,-0.003
-0.004,-0.004,0.001,-0.004,0,-0.003
-0.002,-0.003,0.001,-0.002,0.001,-0.004
0.001,-0.003,0,0.001,-0.001,-0.005
0.002,-0.003,-0.002,0.002,-0.004,-0.005
0.004,-0.005,-0.004,0.004,-0.006,-0.005
0.004,-0.008,-0.005,0.004,-0.008,-0.004
0.003,-0.009,-0.006,0.003,-0.008,-0.002
0.002,-0.01,-0.006,0.002,-0.007,0.001
0.002,-0.008,-0.006,0.002,-0.006,0.003
0.003,-0.006,-0.006,0.003,-0.005,0.005
0.004,-0.004,-0.006,0.004,-0.004,0.006
0.006,-0.002,-0.007,0.006,-0.002,0.006
0.006,0,-0.006,0.006,0,0.004
0.004,0.001,-0.004,0.004,0.004,0.001
0.002,0.001,-0.001,0.002,0.007,-0.002
0.001,0.001,0.004,0.001,0.009,-0.004
0.001,0.001,0.008,0.001,0.009,-0.004
0.003,0.002,0.01,0.003,0.007,-0.001
0.007,0.003,0.011,0.007,0.006,0.003
0.01,0.005,0.011,0.01,0.007,0.007
0.011,0.006,0.009,0.011,0.009,0.009
0.01,0.008,0.008,0.01,0.011,0.01
0.008,0.008,0.008,0.008,0.012,0.01
0.007,0.009,0.009,0.007,0.011,0.01
0.007,0.01,0.01,0.007,0.008,0.01
0.007,0.01,0.01,0.007,0.006,0.01
0.007,0.011,0.009,0.007,0.005,0.01
0.006,0.012,0.008,0.006,0.006,0.01
0.004,0.011,0.007,0.004,0.009,0.01
0.003,0.01,0.008,0.003,0.011,0.012
0.004,0.01,0.01,0.004,0.011,0.014
0.005,0.01,0.014,0.005,0.01,0.015
0.006,0.011,0.017,0.006,0.009,0.013
0.006,0.012,0.018,0.006,0.007,0.008
0.004,0.012,0.018,0.004,0.007,0.002
0.003,0.009,0.017,0.003,0.007,-0.002
0.002,0.006,0.015,0.002,0.008,-0.002
0.002,0.004,0.015,0.002,0.008,0.001
0.004,0.004,0.017,0.004,0.007,0.006
0.006,0.007,0.019,0.006,0.005,0.009
0.007,0.011,0.021,0.007,0.004,0.01
0.009,0.015,0.022,0.009,0.005,0.008
0.011,0.016,0.022,0.011,0.007,0.007
0.013,0.014,0.02,0.013,0.01,0.007
0.015,0.012,0.019,0.015,0.013,0.01
0.017,0.01,0.018,0.017,0.015,0.013
0.017,0.01,0.016,0.017,0.015,0.016
0.017,0.01,0.015,0.017,0.015,0.017
0.016,0.012,0.013,0.016,0.015,0.017
0.015,0.013,0.012,0.015,0.015,0.017
0.015,0.013,0.011,0.015,0.016,0.018
0.015,0.012,0.011,0.015,0.016,0.02
0.016,0.01,0.011,0.016,0.016,0.022
0.017,0.008,0.012,0.017,0.016,0.022
0.018,0.007,0.012,0.018,0.016,0.021
0.019,0.008,0.012,0.019,0.015,0.018
0.017,0.009,0.012,0.017,0.014,0.014
0.014,0.01,0.011,0.014,0.012,0.01
0.01,0.012,0.008,0.01,0.011,0.007
0.007,0.013,0.005,0.007,0.012,0.007
0.007,0.015,0.003,0.007,0.012,0.009
0.009,0.016,0.003,0.009,0.013,0.012
0.012,0.016,0.005,0.012,0.013,0.016
0.014,0.016,0.009,0.014,0.012,0.018
0.013,0.014,0.013,0.013,0.011,0.02
0.011,0.012,0.015,0.011,0.011,0.02
0.01,0.011,0.014,0.01,0.011,0.021
0.011,0.011,0.011,0.011,0.011,0.022
0.012,0.014,0.008,0.012,0.012,0.022
0.014,0.018,0.005,0.014,0.013,0.021
0.014,0.023,0.004,0.014,0.015,0.019
0.011,0.025,0.004,0.011,0.017,0.016
0.008,0.025,0.005,0.008,0.017,0.014
0.006,0.022,0.005,0.006,0.015,0.012
0.005,0.016,0.005,0.005,0.011,0.011
0.005,0.011,0.006,0.005,0.007,0.009
0.005,0.007,0.007,0.005,0.003,0.006
0.003,0.007,0.007,0.003,0,0.002
-0.001,0.007,0.003,-0.001,-0.003,-0.004
-0.004,0.006,-0.005,-0.004,-0.008,-0.009
-0.008,0.003,-0.012,-0.008,-0.013,-0.013
-0.01,-0.003,-0.017,-0.01,-0.018,-0.014
-0.011,-0.009,-0.017,-0.011,-0.021,-0.013
-0.013,-0.015,-0.013,-0.013,-0.022,-0.011
-0.015,-0.018,-0.011,-0.015,-0.021,-0.01
-0.018,-0.019,-0.011,-0.018,-0.02,-0.01
-0.02,-0.019,-0.015,-0.02,-0.02,-0.011
-0.02,-0.02,-0.02,-0.02,-0.019,-0.014
-0.018,-0.02,-0.023,-0.018,-0.019,-0.016
-0.016,-0.021,-0.023,-0.016,-0.018,-0.018
-0.013,-0.021,-0.02,-0.013,-0.018,-0.018
-0.012,-0.02,-0.015,-0.012,-0.018,-0.016
-0.013,-0.019,-0.012,-0.013,-0.018,-0.014
-0.015,-0.018,-0.01,-0.015,-0.018,-0.011
-0.019,-0.018,-0.009,-0.019,-0.016,-0.009
-0.021,-0.018,-0.009,-0.021,-0.012,-0.009
-0.021,-0.017,-0.008,-0.021,-0.007,-0.009
-0.019,-0.016,-0.007,-0.019,-0.003,-0.01
-0.015,-0.015,-0.007,-0.015,-0.002,-0.011
-0.011,-0.016,-0.007,-0.011,-0.004,-0.011
-0.008,-0.017,-0.007,-0.008,-0.009,-0.013
-0.009,-0.018,-0.007,-0.009,-0.013,-0.016
-0.01,-0.018,-0.006,-0.01,-0.015,-0.02
-0.011,-0.017,-0.003,-0.011,-0.015,-0.024
-0.011,-0.016,0,-0.011,-0.013,-0.027
-0.01,-0.015,0.003,-0.01,-0.011,-0.025
-0.008,-0.015,0.005,-0.008,-0.01,-0.021
-0.006,-0.014,0.006,-0.006,-0.008,-0.014
-0.006,-0.012,0.007,-0.006,-0.005,-0.007
-0.007,-0.009,0.008,-0.007,-0.003,-0.002
-0.009,-0.005,0.009,-0.009,0,0
-0.009,-0.001,0.013,-0.009,0.002,0.001
-0.007,0,0.018,-0.007,0.004,0.002
-0.003,-0.001,0.022,-0.003,0.005,0.004
0.003,0,0.024,0.003,0.008,0.007
0.007,0.003,0.025,0.007,0.011,0.009
0.01,0.009,0.025,0.01,0.014,0.011
0.012,0.017,0.026,0.012,0.018,0.01
0.013,0.022,0.029,0.013,0.02,0.008
0.014,0.023,0.031,0.014,0.019,0.005
0.016,0.018,0.032,0.016,0.017,0.003
0.016,0.011,0.031,0.016,0.012,0.002
0.015,0.004,0.027,0.015,0.008,0.003
0.013,0,0.022,0.013,0.007,0.004
0.012,-0.001,0.019,0.012,0.009,0.006
0.013,0,0.017,0.013,0.013,0.008
0.018,0.001,0.014,0.018,0.018,0.009
0.025,0.002,0.009,0.025,0.02,0.012
0.031,0.004,0.003,0.031,0.02,0.015
0.035,0.006,-0.006,0.035,0.018,0.018
0.034,0.009,-0.016,0.034,0.016,0.019
0.03,0.012,-0.028,0.03,0.017,0.02
0.026,0.015,-0.04,0.026,0.018,0.018
0.022,0.016,-0.052,0.022,0.016,0.014
0.019,0.016,-0.062,0.019,0.009,0.007
0.015,0.014,-0.069,0.015,-0.002,0
0.009,0.01,-0.071,0.009,-0.014,-0.008
0,0.004,-0.071,0,-0.024,-0.013
-0.009,-0.002,-0.07,-0.009,-0.029,-0.017
-0.015,-0.008,-0.072,-0.015,-0.029,-0.02
-0.019,-0.014,-0.076,-0.019,-0.027,-0.023
-0.022,-0.019,-0.083,-0.022,-0.028,-0.028
-0.025,-0.023,-0.09,-0.025,-0.033,-0.034
-0.031,-0.026,-0.095,-0.031,-0.043,-0.039
-0.039,-0.03,-0.096,-0.039,-0.052,-0.043
-0.047,-0.034,-0.092,-0.047,-0.059,-0.044
-0.053,-0.038,-0.085,-0.053,-0.061,-0.043
-0.054,-0.04,-0.077,-0.054,-0.058,-0.041
-0.053,-0.04,-0.07,-0.053,-0.053,-0.04
-0.05,-0.039,-0.065,-0.05,-0.05,-0.04
-0.048,-0.037,-0.061,-0.048,-0.049,-0.041
-0.049,-0.037,-0.058,-0.049,-0.049,-0.043
-0.051,-0.038,-0.055,-0.051,-0.05,-0.043
-0.053,-0.04,-0.051,-0.053,-0.05,-0.043
-0.055,-0.041,-0.047,-0.055,-0.048,-0.043
-0.056,-0.04,-0.043,-0.056,-0.046,-0.043
-0.059,-0.038,-0.041,-0.059,-0.045,-0.044
-0.062,-0.036,-0.039,-0.062,-0.047,-0.045
-0.063,-0.035,-0.037,-0.063,-0.051,-0.047
-0.063,-0.037,-0.034,-0.063,-0.055,-0.049
-0.061,-0.04,-0.028,-0.061,-0.056,-0.051
-0.058,-0.043,-0.021,-0.058,-0.056,-0.052
-0.056,-0.045,-0.014,-0.056,-0.054,-0.053
-0.055,-0.046,-0.009,-0.055,-0.051,-0.053
-0.053,-0.047,-0.006,-0.053,-0.048,-0.05
-0.049,-0.047,-0.004,-0.049,-0.044,-0.044
-0.044,-0.046,-0.002,-0.044,-0.039,-0.037
-0.039,-0.044,0.002,-0.039,-0.034,-0.031
-0.033,-0.043,0.008,-0.033,-0.028,-0.027
-0.029,-0.041,0.014,-0.029,-0.024,-0.026
-0.026,-0.039,0.021,-0.026,-0.021,-0.027
-0.022,-0.036,0.026,-0.022,-0.019,-0.026
-0.017,-0.033,0.03,-0.017,-0.015,-0.023
-0.012,-0.029,0.033,-0.012,-0.01,-0.018
-0.006,-0.024,0.035,-0.006,-0.003,-0.013
-0.001,-0.021,0.036,-0.001,0.004,-0.011
0.003,-0.019,0.036,0.003,0.009,-0.013
0.006,-0.019,0.035,0.006,0.011,-0.017
0.007,-0.021,0.034,0.007,0.009,-0.02
0.007,-0.022,0.033,0.007,0.007,-0.02
0.008,-0.022,0.034,0.008,0.005,-0.015
0.009,-0.019,0.035,0.009,0.004,-0.008
0.011,-0.014,0.036,0.011,0.005,-0.002
0.013,-0.009,0.034,0.013,0.008,0.002
0.015,-0.004,0.032,0.015,0.012,0.003
0.015,0,0.029,0.015,0.016,0.003
0.015,0.005,0.027,0.015,0.02,0.005
0.015,0.009,0.026,0.015,0.022,0.009
0.016,0.015,0.026,0.016,0.023,0.016
0.019,0.02,0.027,0.019,0.024,0.024
0.024,0.025,0.027,0.024,0.025,0.031
0.029,0.029,0.028,0.029,0.028,0.037
0.032,0.031,0.028,0.032,0.032,0.04
0.033,0.033,0.027,0.033,0.036,0.041
0.031,0.034,0.026,0.031,0.039,0.041
0.028,0.037,0.025,0.028,0.04,0.04
0.026,0.039,0.024,0.026,0.039,0.037
0.027,0.041,0.024,0.027,0.037,0.034
0.028,0.042,0.024,0.028,0.033,0.031
0.03,0.04,0.025,0.03,0.03,0.029
0.031,0.037,0.026,0.031,0.028,0.029
0.031,0.033,0.025,0.031,0.028,0.031
0.032,0.031,0.024,0.032,0.028,0.033
0.033,0.032,0.021,0.033,0.029,0.035
0.033,0.035,0.017,0.033,0.028,0.034
0.031,0.037,0.014,0.031,0.027,0.03
0.026,0.036,0.013,0.026,0.024,0.027
0.02,0.032,0.012,0.02,0.02,0.025
0.015,0.028,0.012,0.015,0.017,0.025
0.012,0.024,0.011,0.012,0.015,0.027
0.012,0.022,0.01,0.012,0.014,0.029
0.015,0.022,0.01,0.015,0.013,0.029
0.017,0.022,0.009,0.017,0.012,0.027
0.018,0.02,0.01,0.018,0.011,0.021
0.017,0.017,0.01,0.017,0.01,0.015
0.015,0.013,0.01,0.015,0.01,0.011
0.012,0.01,0.008,0.012,0.012,0.011
0.011,0.01,0.005,0.011,0.014,0.013
0.011,0.011,0.001,0.011,0.015,0.015
0.011,0.013,-0.001,0.011,0.014,0.017
0.011,0.014,-0.002,0.011,0.011,0.015
0.011,0.012,-0.001,0.011,0.008,0.011
0.01,0.01,-0.001,0.01,0.006,0.007
0.009,0.007,-0.001,0.009,0.006,0.004
0.009,0.005,-0.001,0.009,0.006,0.005
0.008,0.006,0,0.008,0.007,0.007
0.008,0.008,0,0.008,0.008,0.009
0.008,0.01,0.002,0.008,0.008,0.01
0.007,0.011,0.005,0.007,0.008,0.009
0.006,0.008,0.006,0.006,0.007,0.007
0.004,0.004,0.006,0.004,0.006,0.005
0.003,0.001,0.004,0.003,0.005,0.003
0.001,-0.001,0.001,0.001,0.004,0.001
0.001,0.001,-0.001,0.001,0.005,0
0,0.004,-0.001,0,0.006,-0.001
-0.003,0.006,0,-0.003,0.006,-0.002
-0.005,0.006,0.002,-0.005,0.005,-0.003
-0.008,0.004,0.003,-0.008,0.004,-0.003
-0.009,0.001,0.002,-0.009,0.002,-0.004
-0.007,-0.001,0.002,-0.007,0,-0.004
-0.005,0,0.001,-0.005,-0.002,-0.005
-0.003,0.002,0.001,-0.003,-0.003,-0.005
-0.002,0.004,0.001,-0.002,-0.004,-0.003
-0.002,0.005,-0.001,-0.002,-0.003,-0.001
-0.003,0.004,-0.003,-0.003,-0.002,0.001
-0.002,0.002,-0.005,-0.002,-0.001,0.003
0,0,-0.005,0,0,0.003
0.002,-0.001,-0.003,0.002,0.001,0.001
0.003,-0.001,0.001,0.003,0,-0.002
0.004,-0.001,0.005,0.004,-0.001,-0.004
0.004,0,0.007,0.004,-0.002,-0.005
0.003,0,0.007,0.003,-0.002,-0.005
0.003,0,0.005,0.003,-0.001,-0.004
0.003,0,0.002,0.003,0,-0.003
0.003,-0.001,0.001,0.003,-0.001,-0.002
0.003,-0.002,0.001,0.003,-0.002,0
0.003,-0.002,0.002,0.003,-0.003,0.002
0.004,-0.003,0.004,0.004,-0.003,0.004
0.004,-0.004,0.004,0.004,-0.002,0.005
0.005,-0.004,0.004,0.005,0.001,0.004
0.005,-0.003,0.002,0.005,0.003,0.003
0.004,-0.001,0.002,0.004,0.005,0.003
0.003,0,0.002,0.003,0.006,0.003
0.002,0.002,0.003,0.002,0.007,0.005
0.002,0.004,0.003,0.002,0.008,0.007
0.004,0.006,0.004,0.004,0.009,0.008
0.007,0.008,0.004,0.007,0.008,0.008
0.009,0.009,0.004,0.009,0.007,0.008
0.009,0.008,0.004,0.009,0.005,0.007
0.007,0.007,0.004,0.007,0.005,0.007
0.005,0.004,0.002,0.005,0.006,0.006
0.002,0.002,0,0.002,0.007,0.004
-0.001,0,-0.001,-0.001,0.006,0.002
-0.002,0,-0.002,-0.002,0.004,-0.001
-0.002,0.001,-0.001,-0.002,-0.001,-0.004
-0.002,0.002,0,-0.002,-0.005,-0.006
-0.002,0.001,-0.001,-0.002,-0.006,-0.006
-0.002,0,-0.002,-0.002,-0.003,-0.004
-0.002,-0.002,-0.004,-0.002,0.002,-0.002
-0.003,-0.002,-0.005,-0.003,0.006,0
-0.003,-0.001,-0.003,-0.003,0.007,-0.001
-0.002,0.002,-0.001,-0.002,0.006,-0.002
-0.001,0.004,0.001,-0.001,0.003,-0.003
-0.001,0.005,0.001,-0.001,0.001,-0.002
-0.001,0.004,0,-0.001,0,-0.001
-0.002,0.002,0,-0.002,-0.001,0
-0.002,0.001,0,-0.002,-0.002,0
-0.001,0.002,0.002,-0.001,-0.004,-0.002
-0.001,0.003,0.003,-0.001,-0.006,-0.004
-0.001,0.004,0.004,-0.001,-0.007,-0.005
-0.001,0.001,0.003,-0.001,-0.006,-0.003
-0.001,-0.002,0.001,-0.001,-0.004,0.001
0,-0.005,-0.001,0,-0.002,0.005
0.001,-0.006,-0.002,0.001,-0.001,0.007
0.002,-0.005,-0.002,0.002,-0.001,0.006
0.003,-0.003,0,0.003,-0.002,0.003
0.003,-0.002,0.003,0.003,-0.002,0
0.002,-0.003,0.006,0.002,-0.002,0
0.001,-0.004,0.009,0.001,-0.001,0.003
0.002,-0.003,0.01,0.002,0,0.007
0.003,0,0.009,0.003,0,0.009
0.004,0.003,0.006,0.004,0,0.009
0.004,0.004,0.003,0.004,-0.001,0.008
0.003,0.003,0.002,0.003,-0.001,0.005
0.002,0,0.003,0.002,0.001,0.002
0.002,-0.004,0.004,0.002,0.003,0.001
0.002,-0.006,0.004,0.002,0.006,-0.001
0.003,-0.007,0.002,0.003,0.007,-0.002
0.003,-0.005,-0.002,0.003,0.007,-0.002
0.004,-0.003,-0.006,0.004,0.005,-0.002
0.003,0,-0.007,0.003,0.001,-0.001
0.002,0.001,-0.006,0.002,-0.002,0
0,0.002,-0.003,0,-0.004,0
-0.002,0.002,-0.001,-0.002,-0.003,0
-0.005,0.001,-0.001,-0.005,-0.001,0
-0.008,0,-0.001,-0.008,0.002,-0.001
-0.009,-0.002,-0.002,-0.009,0.004,-0.001
-0.008,-0.002,-0.001,-0.008,0.003,-0.002
-0.006,-0.002,0.002,-0.006,0.001,-0.002
-0.005,-0.001,0.005,-0.005,-0.002,-0.003
-0.005,0,0.006,-0.005,-0.003,-0.004
-0.007,0.001,0.006,-0.007,-0.002,-0.004
-0.009,0.001,0.004,-0.009,0,-0.003
-0.01,0.001,0.001,-0.01,0.002,-0.001
-0.009,0.002,-0.001,-0.009,0.003,0
-0.007,0.002,-0.003,-0.007,0.002,0
-0.004,0.003,-0.005,-0.004,-0.001,0
-0.003,0.003,-0.006,-0.003,-0.004,-0.001
-0.002,0.003,-0.006,-0.002,-0.006,-0.002
0,0.002,-0.006,0,-0.007,0
0.002,0.002,-0.005,0.002,-0.007,0.002
0.003,0.001,-0.004,0.003,-0.007,0.003
0.003,-0.001,-0.003,0.003,-0.006,0.003
0.002,-0.003,-0.002,0.002,-0.006,0.002
0,-0.005,0,0,-0.006,-0.001
0,-0.005,0.002,0,-0.006,-0.003
0.001,-0.003,0.003,0.001,-0.006,-0.002
0.004,0,0.004,0.004,-0.005,0
0.007,0.003,0.003,0.007,-0.004,0.002
0.009,0.002,0.002,0.009,-0.003,0.003
0.008,-0.001,0.002,0.008,-0.001,0.003
0.006,-0.004,0.002,0.006,0.001,0.001
0.003,-0.006,0.004,0.003,0.003,-0.002
0.001,-0.004,0.005,0.001,0.005,-0.004
0.001,0,0.005,0.001,0.007,-0.004
0.002,0.002,0.005,0.002,0.008,-0.003
0.003,0.002,0.004,0.003,0.009,-0.001
0.004,-0.001,0.002,0.004,0.008,0.001
0.004,-0.005,0.001,0.004,0.006,0.002
0.004,-0.006,-0.001,0.004,0.004,0.002
0.004,-0.003,-0.002,0.004,0.002,0.001
0.003,0.002,-0.003,0.003,0.001,0
0.003,0.006,-0.002,0.003,0.001,-0.001
0.003,0.008,-0.002,0.003,0.001,0
0.002,0.006,-0.001,0.002,0,0.001
0.002,0.003,-0.002,0.002,-0.002,0.001
0,0.001,-0.003,0,-0.002,0.001
-0.002,0.001,-0.004,-0.002,-0.002,-0.002
-0.005,0.004,-0.005,-0.005,0,-0.004
-0.008,0.006,-0.004,-0.008,0.002,-0.006
-0.009,0.006,-0.003,-0.009,0.003,-0.007
-0.009,0.004,-0.002,-0.009,0.004,-0.006
-0.007,0.002,-0.001,-0.007,0.004,-0.003
-0.005,0,-0.001,-0.005,0.003,0
-0.003,0,-0.002,-0.003,0.002,0.002
0,0.001,-0.002,0,0.001,0.002
0.001,0.001,-0.001,0.001,0,0.001
0.002,0,-0.001,0.002,-0.001,-0.001
0.002,-0.002,-0.002,0.002,-0.001,-0.002
0.002,-0.004,-0.003,0.002,0,-0.001
0.002,-0.005,-0.004,0.002,0.001,0
0.002,-0.004,-0.003,0.002,0.002,0.002
0.002,-0.003,0,0.002,0.001,0.003
0.001,-0.002,0.004,0.001,0,0.003
-0.001,-0.002,0.007,-0.001,-0.002,0.003
-0.004,-0.004,0.007,-0.004,-0.003,0.004
-0.005,-0.005,0.005,-0.005,-0.003,0.005
-0.005,-0.006,0.003,-0.005,-0.003,0.004
-0.002,-0.006,0.002,-0.002,-0.002,0.003
0.001,-0.004,0.003,0.001,-0.001,0.001
0.002,-0.001,0.004,0.002,-0.001,0
0,0.002,0.004,0,-0.001,-0.001
-0.002,0.003,0.003,-0.002,-0.002,0
-0.003,0.003,0.002,-0.003,-0.002,0.001
-0.001,0,0,-0.001,-0.002,0.001
0.003,-0.002,0,0.003,-0.002,0
0.007,-0.002,0,0.007,-0.002,0
0.008,0,0,0.008,-0.001,0.001
0.007,0.003,-0.001,0.007,0,0.002
0.005,0.006,-0.001,0.005,0.001,0.003
0.002,0.008,-0.002,0.002,0.003,0.004
0,0.009,-0.001,0,0.004,0.003
-0.002,0.008,0,-0.002,0.002,0.002
-0.002,0.005,0.001,-0.002,-0.001,0
-0.002,0.003,0,-0.002,-0.004,0
-0.002,0,-0.001,-0.002,-0.005,-0.001
-0.001,-0.002,-0.003,-0.001,-0.003,-0.001
-0.001,-0.002,-0.004,-0.001,0.002,-0.002
-0.001,-0.002,-0.004,-0.001,0.006,-0.004
-0.001,-0.001,-0.003,-0.001,0.009,-0.005
0.001,-0.001,-0.002,0.001,0.009,-0.005
0.003,-0.001,-0.002,0.003,0.006,-0.003
0.004,-0.002,-0.001,0.004,0.002,-0.002
0.005,0,-0.002,0.005,0,-0.002
0.003,0.002,-0.001,0.003,-0.001,-0.002
0,0.005,0,0,-0.001,-0.002
-0.003,0.007,0.001,-0.003,-0.002,-0.002
-0.004,0.008,0.001,-0.004,-0.003,0
-0.002,0.005,-0.001,-0.002,-0.003,0.002
0.002,0.001,-0.003,0.002,-0.004,0.004
0.004,-0.002,-0.005,0.004,-0.004,0.004
0.004,-0.004,-0.005,0.004,-0.004,0.003
0.002,-0.004,-0.004,0.002,-0.005,0.001
0,-0.002,-0.001,0,-0.006,-0.002
-0.001,-0.001,0.001,-0.001,-0.006,-0.003
0,0,0,0,-0.006,-0.003
0,-0.001,-0.001,0,-0.004,-0.003
0,-0.002,-0.003,0,-0.002,-0.003
0,-0.003,-0.003,0,0,-0.003
-0.001,-0.004,-0.001,-0.001,0.001,-0.003
-0.001,-0.004,0.001,-0.001,0.001,-0.003
0,-0.003,0.003,0,-0.001,-0.003
0.002,-0.002,0.003,0.002,-0.002,-0.002
0.004,-0.001,0.002,0.004,-0.003,-0.002
0.004,0,0.002,0.004,-0.003,-0.002
0.004,0,0.002,0.004,-0.001,-0.001
0.002,0.001,0.003,0.002,0.002,0
0,0.001,0.005,0,0.005,0.002
-0.002,0.002,0.006,-0.002,0.007,0.004
-0.002,0.003,0.007,-0.002,0.007,0.007
0,0.003,0.006,0,0.006,0.009
0.002,0.002,0.003,0.002,0.005,0.01
0.003,-0.001,0.001,0.003,0.004,0.009
0.003,-0.003,0,0.003,0.004,0.006
0.001,-0.005,0,0.001,0.003,0.003
0,-0.004,0.001,0,0.002,0
-0.001,-0.002,0.001,-0.001,0.001,-0.001
0,0,0,0,-0.001,0
0.001,0.001,-0.001,0.001,-0.001,0
0.001,0.001,-0.003,0.001,0,0
-0.001,0,-0.004,-0.001,0.001,-0.001
-0.004,-0.001,-0.004,-0.004,0,-0.003
-0.007,-0.001,-0.002,-0.007,-0.001,-0.004
-0.008,-0.001,0,-0.008,-0.004,-0.003
-0.006,-0.002,0.002,-0.006,-0.005,-0.002
-0.002,-0.003,0.003,-0.002,-0.004,-0.001
0.003,-0.003,0.003,0.003,-0.002,-0.002
0.005,-0.002,0.002,0.005,0.001,-0.003
0.004,0,0,0.004,0.002,-0.005
0.001,0.002,-0.001,0.001,0.001,-0.005
-0.004,0.002,-0.003,-0.004,-0.001,-0.003
-0.006,0.002,-0.003,-0.006,-0.003,-0.001
-0.006,0.001,-0.002,-0.006,-0.002,0
-0.003,0,-0.002,-0.003,0,-0.001
0.001,0,-0.002,0.001,0.001,-0.002
0.004,-0.001,-0.002,0.004,0,-0.003
0.004,-0.001,-0.003,0.004,-0.003,-0.004
0.003,-0.003,-0.003,0.003,-0.006,-0.004
0,-0.005,-0.002,0,-0.008,-0.004
-0.002,-0.005,-0.001,-0.002,-0.008,-0.004
-0.004,-0.005,0,-0.004,-0.005,-0.004
-0.003,-0.002,0,-0.003,-0.001,-0.004
-0.002,0,0,-0.002,0.002,-0.002
0,0.002,0.001,0,0.003,0.001
0.002,0.003,0.002,0.002,0.004,0.004
0.002,0.002,0.004,0.002,0.003,0.007
0,0.001,0.005,0,0.001,0.007
-0.003,0.001,0.004,-0.003,0,0.006
-0.004,0.002,0.002,-0.004,-0.001,0.005
-0.003,0.004,0,-0.003,-0.001,0.004
-0.001,0.004,-0.002,-0.001,0.001,0.004
0.002,0.003,-0.002,0.002,0.004,0.005
0.003,0.001,0,0.003,0.005,0.007
0.002,-0.001,0.002,0.002,0.005,0.006
0,-0.002,0.003,0,0.004,0.005
-0.003,-0.003,0.002,-0.003,0.002,0.002
-0.005,-0.002,0,-0.005,0,-0.001
-0.005,-0.001,-0.002,-0.005,-0.002,-0.002
-0.004,0,-0.003,-0.004,-0.002,-0.001
-0.002,0,-0.002,-0.002,-0.002,0.001
0,0.001,0,0,0,0.003
0,0.001,0.002,0,0.001,0.004
-0.001,0.001,0.002,-0.001,0.003,0.003
-0.003,0.001,0,-0.003,0.003,0.001
-0.003,0.001,-0.003,-0.003,0.002,-0.001
-0.002,0.001,-0.006,-0.002,0.001,-0.003
-0.001,0,-0.007,-0.001,0,-0.004
0.001,-0.002,-0.005,0.001,0,-0.005
0.003,-0.004,-0.001,0.003,0.001,-0.007
0.004,-0.004,0.003,0.004,0.002,-0.009
0.004,-0.001,0.004,0.004,0.001,-0.011
0.004,0.002,0.004,0.004,-0.001,-0.011
0.002,0.005,0.002,0.002,-0.002,-0.009
0.001,0.005,0.001,0.001,-0.002,-0.007
0.001,0.002,0.001,0.001,-0.001,-0.004
0.001,-0.002,0.002,0.001,0.001,-0.001
0.001,-0.005,0.004,0.001,0.002,0.001
0.001,-0.007,0.005,0.001,0.001,0.002
0,-0.006,0.005,0,-0.002,0.002
-0.002,-0.005,0.004,-0.002,-0.004,0.001
-0.004,-0.004,0,-0.004,-0.004,0
-0.005,-0.004,-0.004,-0.005,-0.003,0
-0.005,-0.003,-0.007,-0.005,-0.001,0.002
-0.004,-0.002,-0.007,-0.004,0,0.004
-0.004,0,-0.005,-0.004,0,0.006
-0.005,0.002,-0.001,-0.005,-0.001,0.006
-0.005,0.003,0.001,-0.005,-0.001,0.004
-0.003,0.003,0.001,-0.003,0,0
0,0.003,0.001,0,0.002,-0.003
0.003,0.003,0.001,0.003,0.004,-0.003
0.006,0.002,0.002,0.006,0.004,-0.001
0.006,0.002,0.004,0.006,0.003,0.003
0.004,0.001,0.006,0.004,0.001,0.006
0.001,0,0.007,0.001,-0.001,0.007
0,0.001,0.006,0,-0.002,0.006
-0.001,0.002,0.004,-0.001,-0.002,0.003
-0.001,0.005,0.003,-0.001,-0.001,0.001
-0.001,0.007,0.002,-0.001,0.001,0
-0.002,0.008,0.001,-0.002,0.002,0
-0.003,0.008,0,-0.003,0.002,0
-0.004,0.007,-0.002,-0.004,0.001,0
-0.002,0.005,-0.003,-0.002,0.001,-0.001
0.001,0.005,-0.003,0.001,0.001,-0.003
0.004,0.004,-0.002,0.004,0.002,-0.005
0.006,0.005,0,0.006,0.004,-0.006
0.006,0.005,0.001,0.006,0.004,-0.005
0.004,0.004,0.001,0.004,0.002,-0.004
0.002,0.003,0.001,0.002,-0.002,-0.002
0,0.001,0,0,-0.007,0
0.001,0,0,0.001,-0.01,0.002
0.002,-0.002,-0.001,0.002,-0.009,0.003
0.005,-0.002,-0.001,0.005,-0.006,0.002
0.006,-0.003,-0.002,0.006,-0.002,0.002
0.006,-0.003,-0.003,0.006,0.001,0.001
0.004,-0.003,-0.005,0.004,0.002,0.001
0.002,-0.003,-0.006,0.002,0.001,0.002
0.001,-0.004,-0.005,0.001,0,0.004
0.001,-0.004,-0.003,0.001,-0.001,0.005
0.001,-0.003,0,0.001,0.001,0.006
0.001,-0.002,0.003,0.001,0.003,0.006
0,0,0.005,0,0.004,0.005
-0.001,0.001,0.005,-0.001,0.004,0.003
-0.002,0.001,0.004,-0.002,0.003,0.002
-0.002,0,0.002,-0.002,0.001,0.001
-0.002,-0.001,0.001,-0.002,0.001,0.001
0,-0.001,0,0,0.002,0.001
0.001,0.001,0.002,0.001,0.004,0.002
0.002,0.004,0.004,0.002,0.005,0.003
0.003,0.007,0.007,0.003,0.004,0.004
0.003,0.007,0.008,0.003,0.003,0.004
0.004,0.005,0.007,0.004,0.002,0.002
0.004,0.003,0.004,0.004,0.003,0
0.004,0.002,0.001,0.004,0.004,-0.002
0.004,0.002,-0.001,0.004,0.006,-0.002
0.003,0.003,-0.002,0.003,0.006,0
0.002,0.003,-0.002,0.002,0.004,0.002
0.002,0.002,-0.002,0.002,0.001,0.004
0.001,0,-0.001,0.001,-0.001,0.005
0,-0.002,-0.001,0,-0.001,0.004
-0.002,-0.003,0,-0.002,0.001,0.002
-0.004,-0.003,0.001,-0.004,0.001,0
-0.005,-0.002,0.001,-0.005,0,-0.002
-0.004,-0.002,0.002,-0.004,-0.003,-0.003
-0.001,-0.001,0.001,-0.001,-0.005,-0.005
0.001,-0.001,-0.001,0.001,-0.005,-0.007
0.003,-0.001,-0.003,0.003,-0.001,-0.008
0.002,0,-0.005,0.002,0.003,-0.007
0.001,0.001,-0.005,0.001,0.006,-0.004
-0.001,0.001,-0.004,-0.001,0.005,-0.001
-0.002,-0.001,-0.002,-0.002,0.001,0.001
-0.002,-0.003,0,-0.002,-0.004,0.001
-0.001,-0.003,0.001,-0.001,-0.007,0.001
0,-0.001,0.001,0,-0.008,0.001
0,0.003,0,0,-0.006,0.002
0,0.007,-0.002,0,-0.004,0.002
-0.002,0.009,-0.003,-0.002,-0.003,0.002
-0.003,0.008,-0.003,-0.003,-0.004,0.001
-0.003,0.003,-0.002,-0.003,-0.005,-0.002
-0.003,-0.004,-0.001,-0.003,-0.006,-0.004
-0.002,-0.008,-0.001,-0.002,-0.004,-0.004
-0.002,-0.009,-0.001,-0.002,-0.001,-0.001
-0.002,-0.007,-0.002,-0.002,0.001,0.002
-0.002,-0.003,-0.003,-0.002,0.002,0.004
-0.002,0.001,-0.001,-0.002,0.001,0.004
0,0.002,0.001,0,-0.002,0.002
0.002,0.002,0.003,0.002,-0.003,-0.001
0.005,0,0.005,0.005,-0.002,-0.003
0.007,-0.002,0.005,0.007,0.002,-0.002
0.006,-0.001,0.003,0.006,0.006,0.001
0.005,0.002,0.001,0.005,0.009,0.005
0.002,0.006,0.001,0.002,0.01,0.008
0.001,0.008,0.001,0.001,0.007,0.008
0.001,0.007,0.003,0.001,0.004,0.004
0.002,0.005,0.003,0.002,0.002,-0.002
0.004,0.001,0.003,0.004,0.002,-0.007
0.005,-0.002,0.001,0.005,0.003,-0.007
0.004,-0.003,-0.001,0.004,0.004,-0.003
0.002,-0.003,-0.003,0.002,0.005,0.003
0,-0.001,-0.004,0,0.005,0.007
-0.002,0,-0.004,-0.002,0.004,0.008
-0.003,0.002,-0.003,-0.003,0.003,0.005
-0.003,0.002,-0.002,-0.003,0.003,0.001
-0.003,0.001,-0.002,-0.003,0.003,-0.002
-0.002,0,-0.001,-0.002,0.003,-0.004
-0.002,-0.002,0,-0.002,0.002,-0.003
-0.001,-0.003,0.001,-0.001,0,0
-0.001,-0.003,0.002,-0.001,-0.002,0.002
-0.002,-0.002,0.003,-0.002,-0.005,0.003
-0.001,0,0.002,-0.001,-0.006,0.002
0.001,0.002,0.001,0.001,-0.006,0
0.003,0.003,0,0.003,-0.005,-0.003
0.006,0.003,0,0.006,-0.004,-0.004
0.006,0.003,0,0.006,-0.004,-0.003
0.005,0.002,0,0.005,-0.005,-0.001
0.002,0.001,0,0.002,-0.006,0.001
-0.001,0,0,-0.001,-0.004,0.003
-0.003,-0.001,-0.002,-0.003,-0.001,0.003
-0.003,-0.002,-0.004,-0.003,0.004,0.002
-0.001,-0.003,-0.005,-0.001,0.008,0.001
-0.001,-0.004,-0.005,-0.001,0.009,-0.001
-0.001,-0.004,-0.002,-0.001,0.006,-0.001
-0.003,-0.003,0.001,-0.003,0.001,0
-0.004,-0.002,0.004,-0.004,-0.004,0.002
-0.004,0.001,0.007,-0.004,-0.008,0.004
-0.003,0.004,0.007,-0.003,-0.008,0.005
0,0.006,0.007,0,-0.006,0.005
0.002,0.006,0.006,0.002,-0.003,0.003
0.003,0.004,0.005,0.003,-0.001,0
0.004,0.001,0.003,0.004,0,-0.002
0.004,-0.003,0.001,0.004,-0.001,-0.003
0.005,-0.005,-0.001,0.005,-0.001,-0.004
0.005,-0.005,-0.003,0.005,0,-0.003
0.005,-0.004,-0.004,0.005,0.001,-0.002
0.004,-0.002,-0.003,0.004,0.003,0
0.003,0.001,-0.002,0.003,0.003,0.001
0.002,0.003,0,0.002,0.003,0.001
0.002,0.004,0.002,0.002,0.003,0.001
0.002,0.005,0.002,0.002,0.003,-0.001
0.003,0.004,0.003,0.003,0.003,-0.002
0.003,0.002,0.003,0.003,0.004,-0.003
0.002,-0.001,0.003,0.002,0.004,-0.002
0,-0.004,0.004,0,0.002,0.001
-0.002,-0.007,0.004,-0.002,0,0.003
-0.004,-0.007,0.003,-0.004,-0.001,0.005
-0.006,-0.006,0.002,-0.006,-0.002,0.005
-0.006,-0.003,0.001,-0.006,-0.003,0.004
-0.004,-0.001,-0.001,-0.004,-0.003,0.001
-0.001,0,-0.003,-0.001,-0.004,-0.001
0.001,0,-0.005,0.001,-0.004,-0.001
0.002,-0.001,-0.007,0.002,-0.004,-0.001
0.002,-0.002,-0.008,0.002,-0.001,0
0,-0.002,-0.007,0,0.002,0
-0.003,-0.002,-0.006,-0.003,0.004,-0.001
-0.004,-0.001,-0.005,-0.004,0.005,-0.003
-0.004,0.001,-0.005,-0.004,0.004,-0.004
-0.002,0.002,-0.006,-0.002,0.001,-0.003
0,0.003,-0.006,0,-0.001,-0.002
0,0.002,-0.005,0,-0.002,0
-0.001,0,-0.002,-0.001,-0.001,0.001
-0.004,-0.002,0.001,-0.004,-0.001,-0.001
-0.006,-0.004,0.002,-0.006,-0.002,-0.004
-0.006,-0.005,0.002,-0.006,-0.004,-0.007
0,-0.004,0,0,-0.007,-0.009
0,-0.002,-0.003,0,-0.009,-0.009
0,-0.001,-0.004,0,-0.008,-0.006
0,0,-0.004,0,-0.005,0
0,-0.001,-0.002,0,-0.001,0
0,-0.001,0,0,0.001,0
0,0,0,0,0.002,0
0,0.001,0,0,0,0
0,0.002,0,0,0,0
0,0.003,0,0,0,0
0,0.003,0,0,0,0
0,0.002,0,0,0,0
0,0,0,0,0,0
0,-0.001,0,0,0,0
0,-0.001,0,0,0,0
0,0,0,0,0,0
0,0,0,0,0,0
0,0,0,0,0,0
0,0,0,0,0,0
0,0,0,0,0,0
0,0,0,0,0,0
0,0,0,0,0,0
0,0,0,0,0,0
0,0,0,0,0,0
0,0,0,0,0,0
0,0,0,0,0,0
0,0,0,0,0,0
0,0,0,0,0,0
0,0,0,0,0,0
0,0,0,0,0,0
0,0,0,0,0,0
0,0,0,0,0,0
0,0,0,0,0,0
0,0,0,0,0,0
0,0,0,0,0,0
0,0,0,0,0,0
0,0,0,0,0,0
0,0,0,0,0,0
0,0,0,0,0,0
0,0,0,0,0,0
0,0,0,0,0,0
0,0,0,0,0,0
0,0,0,0,0,0
0,0,0,0,0,0
0,0,0,0,0,0
0,0,0,0,0,0
0,0,0,0,0,0
0,0,0,0,0,0
0,0,0,0,0,0
0,0,0,0,0,0
0,0,0,0,0,0
0,0,0,0,0,0
0,0,0,0,0,0
0,0,0,0,0,0
0,0,0,0,0,0
0,0,0,0,0,0
0,0,0,0,0,0
0,0,0,0,0,0
0,0,0,0,0,0
0,0,0,0,0,0
0,0,0,0,0,0
0,0,0,0,0,0
0,0,0,0,0,0
0,0,0,0,0,0
0,0,0,0,0,0
0,0,0,0,0,0
0,0,0,0,0,0
0,0,0,0,0,0
0,0,0,0,0,0
0,0,0,0,0,0
0,0,0,0,0,0
0,0,0,0,0,0
0,0,0,0,0,0
0,0,0,0,0,0
0,0,0,0,0,0
0,0,0,0,0,0
0,0,0,0,0,0
0,0,0,0,0,0
0,0,0,0,0,0
0,0,0,0,0,0
0,0,0,0,0,0
0,0,0,0,0,0
0,0,0,0,0,0
0,0,0,0,0,0
0,0,0,0,0,0
0,0,0,0,0,0
0,0,0,0,0,0
0,0,0,0,0,0
0,0,0,0,0,0
0,0,0,0,0,0
0,0,0,0,0,0
0,0,0,0,0,0
0,0,0,0,0,0
0,0,0,0,0,0
0,0,0,0,0,0
0,0,0,0,0,0
0,0,0,0,0,0
0,0,0,0,0,0
0,0,0,0,0,0
0,0,0,0,0,0
0,0,0,0,0,0
0,0,0,0,0,0
0,0,0,0,0,0
0,0,0,0,0,0
0,0,0,0,0,0
0,0,0,0,0,0
0,0,0,0,0,0
0,0,0,0,0,0
0,0,0,0,0,0
0,0,0,0,0,0
0,0,0,0,0,0
0,0,0,0,0,0
0,0,0,0,0,0
0,0,0,0,0,0
0,0,0,0,0,0
0,0,0,0,0,0
0,0,0,0,0,0
0,0,0,0,0,0
0,0,0,0,0,0
0,0,0,0,0,0
0,0,0,0,0,0
0,0,0,0,0,0
0,0,0,0,0,0
0,0,0,0,0,0
0,0,0,0,0,0
0,0,0,0,0,0
0,0,0,0,0,0
0,0,0,0,0,0
0,0,0,0,0,0
0,0,0,0,0,0
0,0,0,0,0,0
0,0,0,0,0,0
0,0,0,0,0,0
0,0,0,0,0,0
0,0,0,0,0,0
0,0,0,0,0,0
0,0,0,0,0,0
0,0,0,0,0,0
0,0,0,0,0,0
0,0,0,0,0,0
0,0,0,0,0,0
0,0,0,0,0,0
0,0,0,0,0,0
0,0,0,0,0,0
0,0,0,0,0,0
0,0,0,0,0,0
0,0,0,0,0,0
0,0,0,0,0,0
0,0,0,0,0,0
0,0,0,0,0,0
0,0,0,0,0,0
0,0,0,0,0,0
0,0,0,0,0,0
0,0,0,0,0,0
0,0,0,0,0,0
0,0,0,0,0,0
0,0,0,0,0,0
0,0,0,0,0,0
0,0,0,0,0,0
0,0,0,0,0,0
0,0,0,0,0,0
0,0,0,0,0,0
0,0,0,0,0,0
0,0,0,0,0,0
0,0,0,0,0,0
0,0,0,0,0,0
0,0,0,0,0,0
0,0,0,0,0,0
0,0,0,0,0,0
0,0,0,0,0,0
0,0,0,0,0,0
0,0,0,0,0,0
0,0,0,0,0,0
0,0,0,0,0,0
0,0,0,0,0,0
0,0,0,0,0,0
0,0,0,0,0,0
0,0,0,0,0,0
0,0,0,0,0,0
0,0,0,0,0,0
0,0,0,0,0,0
0,0,0,0,0,0
0,0,0,0,0,0
0,0,0,0,0,0
0,0,0,0,0,0
0,0,0,0,0,0
0,0,0,0,0,0
0,0,0,0,0,0
0,0,0,0,0,0
0,0,0,0,0,0
0,0,0,0,0,0
0,0,0,0,0,0
0,0,0,0,0,0
0,0,0,0,0,0
0,0,0,0,0,0
0,0,0,0,0,0
0,0,0,0,0,0
0,0,0,0,0,0
0,0,0,0,0,0
0,0,0,0,0,0
0,0,0,0,0,0
0,0,0,0,0,0
0,0,0,0,0,0
0,0,0,0,0,0
0,0,0,0,0,0
0,0,0,0,0,0
0,0,0,0,0,0
0,0,0,0,0,0
0,0,0,0,0,0
0,0,0,0,0,0
0,0,0,0,0,0
0,0,0,0,0,0
0,0,0,0,0,0
0,0,0,0,0,0
0,0,0,0,0,0
0,0,0,0,0,0
0,0,0,0,0,0
0,0,0,0,0,0
0,0,0,0,0,0
0,0,0,0,0,0
0,0,0,0,0,0
0,0,0,0,0,0
0,0,0,0,0,0
0,0,0,0,0,0
0,0,0,0,0,0
0,0,0,0,0,0
0,0,0,0,0,0
0,0,0,0,0,0
0,0,0,0,0,0
0,0,0,0,0,0
0,0,0,0,0,0
0,0,0,0,0,0
0,0,0,0,0,0
0,0,0,0,0,0
0,0,0,0,0,0
0,0,0,0,0,0
0,0,0,0,0,0
0,0,0,0,0,0
0,0,0,0,0,0
0,0,0,0,0,0
0,0,0,0,0,0
0,0,0,0,0,0
0,0,0,0,0,0
0,0,0,0,0,0
0,0,0,0,0,0
0,0,0,0,0,0
0,0,0,0,0,0
0,0,0,0,0,0
0,0,0,0,0,0
0,0,0,0,0,0
0,0,0,0,0,0
0,0,0,0,0,0
0,0,0,0,0,0
0,0,0,0,0,0
0,0,0,0,0,0
0,0,0,0,0,0
0,0,0,0,0,0
0,0,0,0,0,0
0,0,0,0,0,0
0,0,0,0,0,0
0,0,0,0,0,0
0,0,0,0,0,0
0,0,0,0,0,0
0,0,0,0,0,0
0,0,0,0,0,0
0,0,0,0,0,0
0,0,0,0,0,0
0,0,0,0,0,0
0,0,0,0,0,0
0,0,0,0,0,0
0,0,0,0,0,0
0,0,0,0,0,0
0,0,0,0,0,0
0,0,0,0,0,0
0,0,0,0,0,0
0,0,0,0,0,0
0,0,0,0,0,0
0,0,0,0,0,0
0,0,0,0,0,0
0,0,0,0,0,0
0,0,0,0,0,0
0,0,0,0,0,0
0,0,0,0,0,0
0,0,0,0,0,0
0,0,0,0,0,0
0,0,0,0,0,0
0,0,0,0,0,0
0,0,0,0,0,0
0,0,0,0,0,0
0,0,0,0,0,0
0,0,0,0,0,0
0,0,0,0,0,0
0,0,0,0,0,0
0,0,0,0,0,0
0,0,0,0,0,0
0,0,0,0,0,0
0,0,0,0,0,0
0,0,0,0,0,0
0,0,0,0,0,0
0,0,0,0,0,0
0,0,0,0,0,0
0,0,0,0,0,0
0,0,0,0,0,0
0,0,0,0,0,0
0,0,0,0,0,0
0,0,0,0,0,0
0,0,0,0,0,0
0,0,0,0,0,0
0,0,0,0,0,0
0,0,0,0,0,0
0,0,0,0,0,0
0,0,0,0,0,0
0,0,0,0,0,0
0,0,0,0,0,0
0,0,0,0,0,0
0,0,0,0,0,0
0,0,0,0,0,0
0,0,0,0,0,0
0,0,0,0,0,0
0,0,0,0,0,0
0,0,0,0,0,0
0,0,0,0,0,0
0,0,0,0,0,0
0,0,0,0,0,0
0,0,0,0,0,0
0,0,0,0,0,0
0,0,0,0,0,0
0,0,0,0,0,0
0,0,0,0,0,0
0,0,0,0,0,0
0,0,0,0,0,0
0,0,0,0,0,0
0,0,0,0,0,0
0,0,0,0,0,0
0,0,0,0,0,0
0,0,0,0,0,0
0,0,0,0,0,0
0,0,0,0,0,0
0,0,0,0,0,0
0,0,0,0,0,0
0,0,0,0,0,0
0,0,0,0,0,0
0,0,0,0,0,0
0,0,0,0,0,0
0,0,0,0,0,0
0,0,0,0,0,0
0,0,0,0,0,0
0,0,0,0,0,0
0,0,0,0,0,0
0,0,0,0,0,0
0,0,0,0,0,0
0,0,0,0,0,0
0,0,0,0,0,0
0,0,0,0,0,0
0,0,0,0,0,0
0,0,0,0,0,0
0,0,0,0,0,0
0,0,0,0,0,0
0,0,0,0,0,0
0,0,0,0,0,0
0,0,0,0,0,0
0,0,0,0,0,0
0,0,0,0,0,0
0,0,0,0,0,0
0,0,0,0,0,0
0,0,0,0,0,0
0,0,0,0,0,0
0,0,0,0,0,0
0,0,0,0,0,0
0,0,0,0,0,0
0,0,0,0,0,0
0,0,0,0,0,0
0,0,0,0,0,0
0,0,0,0,0,0
0,0,0,0,0,0
0,0,0,0,0,0
0,0,0,0,0,0
0,0,0,0,0,0
0,0,0,0,0,0
0,0,0,0,0,0
0,0,0,0,0,0
0,0,0,0,0,0
0,0,0,0,0,0
0,0,0,0,0,0
0,0,0,0,0,0
0,0,0,0,0,0
0,0,0,0,0,0
0,0,0,0,0,0
0,0,0,0,0,0
0,0,0,0,0,0
0,0,0,0,0,0
0,0,0,0,0,0
0,0,0,0,0,0
0,0,0,0,0,0
0,0,0,0,0,0
0,0,0,0,0,0
0,0,0,0,0,0
0,0,0,0,0,0
0,0,0,0,0,0
0,0,0,0,0,0
0,0,0,0,0,0
0,0,0,0,0,0
0,0,0,0,0,0
0,0,0,0,0,0
0,0,0,0,0,0
0,0,0,0,0,0
0,0,0,0,0,0
0,0,0,0,0,0
0,0,0,0,0,0
0,0,0,0,0,0
0,0,0,0,0,0
0,0,0,0,0,0
0,0,0,0,0,0
0,0,0,0,0,0
0,0,0,0,0,0
0,0,0,0,0,0
0,0,0,0,0,0
0,0,0,0,0,0
0,0,0,0,0,0
0,0,0,0,0,0
0,0,0,0,0,0
0,0,0,0,0,0
0,0,0,0,0,0
0,0,0,0,0,0
0,0,0,0,0,0
0,0,0,0,0,0
0,0,0,0,0,0
0,0,0,0,0,0
0,0,0,0,0,0
0,0,0,0,0,0
0,0,0,0,0,0
0,0,0,0,0,0
0,0,0,0,0,0
0,0,0,0,0,0
0,0,0,0,0,0
0,0,0,0,0,0
0,0,0,0,0,0
0,0,0,0,0,0
0,0,0,0,0,0
0,0,0,0,0,0
0,0,0,0,0,0
0,0,0,0,0,0
0,0,0,0,0,0
0,0,0,0,0,0
0,0,0,0,0,0
0,0,0,0,0,0
0,0,0,0,0,0
0,0,0,0,0,0
0,0,0,0,0,0
0,0,0,0,0,0
0,0,0,0,0,0
0,0,0,0,0,0
0,0,0,0,0,0
0,0,0,0,0,0
0,0,0,0,0,0
0,0,0,0,0,0
0,0,0,0,0,0
0,0,0,0,0,0
0,0,0,0,0,0
0,0,0,0,0,0
0,0,0,0,0,0
0,0,0,0,0,0
0,0,0,0,0,0
0,0,0,0,0,0
0,0,0,0,0,0
0,0,0,0,0,0
0,0,0,0,0,0
0,0,0,0,0,0
0,0,0,0,0,0
0,0,0,0,0,0
0,0,0,0,0,0
0,0,0,0,0,0
0,0,0,0,0,0
0,0,0,0,0,0
0,0,0,0,0,0
0,0,0,0,0,0
0,0,0,0,0,0
0,0,0,0,0,0
0,0,0,0,0,0
0,0,0,0,0,0
0,0,0,0,0,0
0,0,0,0,0,0
0,0,0,0,0,0
0,0,0,0,0,0
0,0,0,0,0,0
0,0,0,0,0,0
0,0,0,0,0,0
0,0,0,0,0,0
0,0,0,0,0,0
0,0,0,0,0,0
0,0,0,0,0,0
0,0,0,0,0,0
