-0.004,0.02,0.021,-0.004,-0.002,-0.02
-0.005,0.021,0.021,-0.005,-0.003,-0.021
-0.005,0.021,0.022,-0.005,-0.003,-0.021
-0.005,0.021,0.022,-0.005,-0.004,-0.022
-0.005,0.021,0.023,-0.005,-0.004,-0.022
-0.005,0.021,0.024,-0.005,-0.005,-0.023
-0.005,0.02,0.024,-0.005,-0.005,-0.023
-0.005,0.02,0.025,-0.005,-0.005,-0.023
-0.005,0.02,0.026,-0.005,-0.005,-0.024
-0.005,0.019,0.027,-0.005,-0.006,-0.024
-0.005,0.019,0.027,-0.005,-0.005,-0.024
-0.005,0.018,0.028,-0.005,-0.005,-0.024
-0.005,0.017,0.029,-0.005,-0.005,-0.024
-0.005,0.017,0.03,-0.005,-0.005,-0.024
-0.005,0.016,0.031,-0.005,-0.004,-0.024
-0.005,0.015,0.032,-0.005,-0.003,-0.024
-0.005,0.014,0.033,-0.005,-0.003,-0.024
-0.005,0.013,0.034,-0.005,-0.002,-0.023
-0.005,0.013,0.035,-0.005,-0.001,-0.023
-0.005,0.012,0.036,-0.005,0,-0.022
-0.005,0.011,0.037,-0.005,0.001,-0.022
-0.005,0.01,0.038,-0.005,0.002,-0.021
-0.005,0.009,0.038,-0.005,0.004,-0.021
-0.005,0.008,0.039,-0.005,0.005,-0.02
-0.005,0.008,0.04,-0.005,0.006,-0.02
-0.005,0.007,0.041,-0.005,0.008,-0.019
-0.005,0.006,0.042,-0.005,0.009,-0.018
-0.005,0.005,0.043,-0.005,0.011,-0.017
-0.005,0.005,0.044,-0.005,0.012,-0.017
-0.005,0.004,0.044,-0.005,0.013,-0.016
-0.005,0.003,0.045,-0.005,0.014,-0.015
-0.005,0.003,0.046,-0.005,0.015,-0.015
-0.005,0.002,0.046,-0.005,0.016,-0.014
-0.005,0.002,0.047,-0.005,0.017,-0.013
-0.005,0.001,0.047,-0.005,0.018,-0.013
-0.005,0,0.048,-0.005,0.018,-0.012
-0.006,0,0.048,-0.006,0.019,-0.011
-0.006,-0.001,0.049,-0.006,0.019,-0.011
-0.006,-0.001,0.049,-0.006,0.018,-0.01
-0.007,-0.001,0.049,-0.007,0.018,-0.01
-0.007,-0.002,0.049,-0.007,0.017,-0.01
-0.008,-0.002,0.05,-0.008,0.017,-0.009
-0.009,-0.002,0.05,-0.009,0.016,-0.009
-0.01,-0.003,0.05,-0.01,0.014,-0.009
-0.01,-0.003,0.05,-0.01,0.013,-0.009
-0.011,-0.003,0.05,-0.011,0.011,-0.009
-0.012,-0.003,0.05,-0.012,0.009,-0.009
-0.013,-0.003,0.05,-0.013,0.007,-0.008
-0.014,-0.003,0.05,-0.014,0.005,-0.009
-0.015,-0.003,0.05,-0.015,0.003,-0.009
-0.016,-0.003,0.05,-0.016,0,-0.009
-0.017,-0.003,0.05,-0.017,-0.002,-0.009
-0.018,-0.003,0.05,-0.018,-0.004,-0.009
-0.019,-0.003,0.049,-0.019,-0.007,-0.009
-0.02,-0.002,0.049,-0.02,-0.009,-0.009
-0.02,-0.002,0.049,-0.02,-0.012,-0.01
-0.021,-0.002,0.049,-0.021,-0.014,-0.01
-0.022,-0.001,0.049,-0.022,-0.017,-0.01
-0.022,-0.001,0.049,-0.022,-0.019,-0.011
-0.022,0,0.049,-0.022,-0.021,-0.011
-0.023,0,0.048,-0.023,-0.023,-0.012
-0.023,0.001,0.048,-0.023,-0.025,-0.012
-0.023,0.002,0.048,-0.023,-0.026,-0.013
-0.023,0.002,0.048,-0.023,-0.028,-0.013
-0.022,0.003,0.048,-0.022,-0.029,-0.013
-0.022,0.004,0.048,-0.022,-0.03,-0.014
-0.021,0.004,0.047,-0.021,-0.031,-0.015
-0.02,0.005,0.047,-0.02,-0.031,-0.015
-0.019,0.005,0.047,-0.019,-0.032,-0.016
-0.018,0.006,0.047,-0.018,-0.032,-0.016
-0.017,0.006,0.046,-0.017,-0.032,-0.017
-0.015,0.007,0.046,-0.015,-0.032,-0.017
-0.014,0.007,0.046,-0.014,-0.032,-0.018
-0.012,0.007,0.046,-0.012,-0.031,-0.018
-0.011,0.007,0.045,-0.011,-0.031,-0.018
-0.009,0.007,0.045,-0.009,-0.03,-0.019
-0.008,0.007,0.045,-0.008,-0.029,-0.019
-0.006,0.007,0.044,-0.006,-0.028,-0.02
-0.004,0.007,0.044,-0.004,-0.027,-0.02
-0.003,0.007,0.044,-0.003,-0.026,-0.02
-0.001,0.006,0.043,-0.001,-0.025,-0.021
0,0.006,0.043,0,-0.023,-0.021
0.002,0.005,0.042,0.002,-0.022,-0.021
0.003,0.005,0.042,0.003,-0.021,-0.021
0.004,0.004,0.042,0.004,-0.02,-0.022
0.005,0.003,0.041,0.005,-0.019,-0.022
0.006,0.003,0.041,0.006,-0.018,-0.022
0.006,0.002,0.041,0.006,-0.017,-0.022
0.006,0.001,0.04,0.006,-0.016,-0.022
0.007,0,0.04,0.007,-0.015,-0.022
0.006,-0.001,0.04,0.006,-0.014,-0.022
0.006,-0.001,0.04,0.006,-0.013,-0.022
0.005,-0.002,0.039,0.005,-0.013,-0.023
0.005,-0.003,0.039,0.005,-0.012,-0.023
0.004,-0.004,0.039,0.004,-0.012,-0.023
0.003,-0.004,0.039,0.003,-0.012,-0.023
0.001,-0.005,0.039,0.001,-0.012,-0.023
0,-0.005,0.039,0,-0.012,-0.023
-0.002,-0.006,0.039,-0.002,-0.012,-0.023
-0.004,-0.006,0.038,-0.004,-0.012,-0.024
-0.006,-0.006,0.038,-0.006,-0.012,-0.024
-0.008,-0.006,0.038,-0.008,-0.013,-0.024
-0.01,-0.006,0.038,-0.01,-0.013,-0.024
-0.012,-0.006,0.038,-0.012,-0.014,-0.025
-0.014,-0.006,0.038,-0.014,-0.014,-0.025
-0.016,-0.006,0.038,-0.016,-0.015,-0.025
-0.018,-0.006,0.038,-0.018,-0.015,-0.026
-0.02,-0.005,0.037,-0.02,-0.016,-0.026
-0.022,-0.005,0.037,-0.022,-0.016,-0.026
-0.024,-0.004,0.037,-0.024,-0.017,-0.027
-0.025,-0.004,0.037,-0.025,-0.018,-0.027
-0.027,-0.003,0.036,-0.027,-0.018,-0.027
-0.028,-0.003,0.036,-0.028,-0.019,-0.028
-0.029,-0.002,0.036,-0.029,-0.019,-0.028
-0.029,-0.001,0.035,-0.029,-0.019,-0.028
-0.03,-0.001,0.035,-0.03,-0.02,-0.029
-0.03,0,0.034,-0.03,-0.02,-0.029
-0.03,0.001,0.034,-0.03,-0.02,-0.03
-0.03,0.001,0.034,-0.03,-0.02,-0.03
-0.029,0.002,0.033,-0.029,-0.02,-0.03
-0.029,0.003,0.033,-0.029,-0.02,-0.03
-0.028,0.003,0.032,-0.028,-0.02,-0.031
-0.027,0.004,0.032,-0.027,-0.02,-0.031
-0.025,0.004,0.032,-0.025,-0.02,-0.031
-0.024,0.005,0.031,-0.024,-0.02,-0.031
-0.023,0.005,0.031,-0.023,-0.019,-0.031
-0.021,0.005,0.031,-0.021,-0.019,-0.032
-0.019,0.006,0.031,-0.019,-0.018,-0.032
-0.018,0.006,0.031,-0.018,-0.018,-0.032
-0.016,0.006,0.031,-0.016,-0.017,-0.032
-0.014,0.006,0.031,-0.014,-0.017,-0.032
-0.012,0.006,0.031,-0.012,-0.016,-0.032
-0.011,0.006,0.031,-0.011,-0.016,-0.032
-0.009,0.005,0.031,-0.009,-0.015,-0.032
-0.008,0.005,0.031,-0.008,-0.015,-0.032
-0.006,0.005,0.031,-0.006,-0.014,-0.032
-0.005,0.004,0.031,-0.005,-0.014,-0.032
-0.004,0.004,0.031,-0.004,-0.013,-0.032
-0.003,0.003,0.032,-0.003,-0.013,-0.032
-0.002,0.003,0.032,-0.002,-0.012,-0.032
-0.002,0.002,0.032,-0.002,-0.012,-0.032
-0.001,0.002,0.032,-0.001,-0.011,-0.031
-0.001,0.001,0.032,-0.001,-0.011,-0.031
-0.001,0,0.032,-0.001,-0.011,-0.031
-0.002,0,0.033,-0.002,-0.01,-0.031
-0.002,-0.001,0.033,-0.002,-0.01,-0.031
-0.003,-0.001,0.033,-0.003,-0.01,-0.031
-0.003,-0.002,0.032,-0.003,-0.01,-0.031
-0.004,-0.002,0.032,-0.004,-0.01,-0.031
-0.005,-0.002,0.032,-0.005,-0.009,-0.031
-0.007,-0.003,0.032,-0.007,-0.009,-0.031
-0.008,-0.003,0.031,-0.008,-0.009,-0.031
-0.009,-0.003,0.031,-0.009,-0.01,-0.031
-0.011,-0.004,0.03,-0.011,-0.01,-0.03
-0.012,-0.004,0.03,-0.012,-0.01,-0.03
-0.013,-0.004,0.029,-0.013,-0.01,-0.03
-0.015,-0.004,0.028,-0.015,-0.01,-0.03
-0.016,-0.004,0.028,-0.016,-0.01,-0.03
-0.018,-0.003,0.027,-0.018,-0.011,-0.029
-0.019,-0.003,0.026,-0.019,-0.011,-0.029
-0.02,-0.003,0.025,-0.02,-0.011,-0.029
-0.021,-0.003,0.024,-0.021,-0.011,-0.028
-0.022,-0.003,0.023,-0.022,-0.012,-0.028
-0.023,-0.002,0.022,-0.023,-0.012,-0.028
-0.024,-0.002,0.021,-0.024,-0.012,-0.027
-0.025,-0.002,0.02,-0.025,-0.012,-0.027
-0.026,-0.001,0.019,-0.026,-0.013,-0.026
-0.026,-0.001,0.019,-0.026,-0.013,-0.026
-0.026,-0.001,0.018,-0.026,-0.013,-0.025
-0.026,-0.001,0.017,-0.026,-0.013,-0.024
-0.026,0,0.016,-0.026,-0.013,-0.024
-0.026,0,0.016,-0.026,-0.014,-0.023
-0.026,0,0.015,-0.026,-0.014,-0.022
-0.026,0,0.015,-0.026,-0.014,-0.021
-0.025,0,0.015,-0.025,-0.014,-0.021
-0.024,0,0.015,-0.024,-0.014,-0.02
-0.024,0,0.015,-0.024,-0.014,-0.019
-0.023,0,0.015,-0.023,-0.014,-0.018
-0.022,0,0.015,-0.022,-0.014,-0.018
-0.021,0,0.016,-0.021,-0.014,-0.017
-0.02,0,0.016,-0.02,-0.013,-0.016
-0.019,0,0.017,-0.019,-0.013,-0.015
-0.018,-0.001,0.018,-0.018,-0.013,-0.014
-0.017,-0.001,0.019,-0.017,-0.013,-0.013
-0.016,-0.001,0.02,-0.016,-0.012,-0.013
-0.015,-0.001,0.021,-0.015,-0.012,-0.012
-0.014,-0.002,0.022,-0.014,-0.012,-0.011
-0.013,-0.002,0.023,-0.013,-0.011,-0.01
-0.012,-0.002,0.024,-0.012,-0.011,-0.009
-0.011,-0.002,0.026,-0.011,-0.011,-0.008
-0.01,-0.002,0.027,-0.01,-0.01,-0.007
-0.009,-0.003,0.028,-0.009,-0.01,-0.007
-0.009,-0.003,0.03,-0.009,-0.009,-0.006
-0.008,-0.003,0.031,-0.008,-0.009,-0.005
-0.007,-0.003,0.032,-0.007,-0.008,-0.004
-0.007,-0.003,0.033,-0.007,-0.008,-0.003
-0.006,-0.003,0.034,-0.006,-0.008,-0.002
-0.006,-0.003,0.035,-0.006,-0.007,-0.001
-0.006,-0.002,0.035,-0.006,-0.007,0
-0.006,-0.002,0.036,-0.006,-0.007,0.001
-0.006,-0.002,0.036,-0.006,-0.006,0.002
-0.006,-0.001,0.036,-0.006,-0.006,0.002
-0.006,-0.001,0.036,-0.006,-0.006,0.003
-0.006,0,0.036,-0.006,-0.006,0.004
-0.006,0,0.036,-0.006,-0.006,0.004
-0.007,0.001,0.035,-0.007,-0.006,0.005
-0.007,0.002,0.034,-0.007,-0.006,0.005
-0.008,0.003,0.033,-0.008,-0.006,0.005
-0.008,0.003,0.032,-0.008,-0.007,0.005
-0.009,0.004,0.031,-0.009,-0.007,0.005
-0.009,0.005,0.029,-0.009,-0.007,0.005
-0.01,0.006,0.028,-0.01,-0.007,0.004
-0.011,0.007,0.026,-0.011,-0.008,0.004
-0.012,0.008,0.024,-0.012,-0.008,0.003
-0.013,0.009,0.022,-0.013,-0.009,0.002
-0.013,0.01,0.02,-0.013,-0.009,0.001
-0.014,0.011,0.018,-0.014,-0.01,0
-0.015,0.012,0.016,-0.015,-0.011,-0.002
-0.016,0.013,0.015,-0.016,-0.011,-0.003
-0.017,0.013,0.013,-0.017,-0.012,-0.005
-0.018,0.014,0.011,-0.018,-0.013,-0.007
-0.019,0.015,0.009,-0.019,-0.014,-0.009
-0.019,0.015,0.007,-0.019,-0.014,-0.011
-0.02,0.015,0.006,-0.02,-0.015,-0.014
-0.021,0.016,0.004,-0.021,-0.016,-0.016
-0.022,0.016,0.003,-0.022,-0.017,-0.019
-0.022,0.016,0.002,-0.022,-0.017,-0.021
-0.023,0.015,0.001,-0.023,-0.018,-0.024
-0.024,0.015,0,-0.024,-0.018,-0.026
-0.024,0.015,-0.001,-0.024,-0.019,-0.029
-0.024,0.014,-0.001,-0.024,-0.02,-0.031
-0.025,0.013,-0.001,-0.025,-0.02,-0.034
-0.025,0.012,-0.001,-0.025,-0.02,-0.036
-0.026,0.011,-0.001,-0.026,-0.021,-0.039
-0.026,0.01,-0.001,-0.026,-0.021,-0.041
-0.026,0.009,0,-0.026,-0.021,-0.043
-0.026,0.007,0.001,-0.026,-0.021,-0.045
-0.026,0.006,0.002,-0.026,-0.022,-0.047
-0.026,0.004,0.003,-0.026,-0.022,-0.048
-0.027,0.003,0.004,-0.027,-0.021,-0.05
-0.027,0.001,0.005,-0.027,-0.021,-0.051
-0.027,-0.001,0.007,-0.027,-0.021,-0.052
-0.027,-0.002,0.008,-0.027,-0.021,-0.053
-0.027,-0.004,0.01,-0.027,-0.02,-0.053
-0.027,-0.005,0.012,-0.027,-0.02,-0.054
-0.027,-0.007,0.014,-0.027,-0.02,-0.054
-0.027,-0.009,0.016,-0.027,-0.019,-0.054
-0.027,-0.01,0.017,-0.027,-0.019,-0.054
-0.027,-0.011,0.019,-0.027,-0.018,-0.054
-0.027,-0.013,0.021,-0.027,-0.017,-0.054
-0.027,-0.014,0.023,-0.027,-0.017,-0.054
-0.027,-0.015,0.025,-0.027,-0.016,-0.053
-0.027,-0.015,0.026,-0.027,-0.016,-0.053
-0.027,-0.016,0.028,-0.027,-0.015,-0.052
-0.028,-0.017,0.029,-0.028,-0.014,-0.051
-0.028,-0.017,0.031,-0.028,-0.014,-0.051
-0.028,-0.017,0.032,-0.028,-0.013,-0.05
-0.028,-0.017,0.033,-0.028,-0.012,-0.049
-0.028,-0.017,0.034,-0.028,-0.012,-0.048
-0.028,-0.017,0.035,-0.028,-0.011,-0.048
-0.028,-0.017,0.036,-0.028,-0.011,-0.047
-0.028,-0.016,0.036,-0.028,-0.01,-0.046
-0.028,-0.015,0.036,-0.028,-0.009,-0.046
-0.028,-0.014,0.037,-0.028,-0.009,-0.045
-0.028,-0.013,0.037,-0.028,-0.008,-0.044
-0.028,-0.012,0.037,-0.028,-0.008,-0.044
-0.028,-0.011,0.037,-0.028,-0.008,-0.043
-0.028,-0.01,0.036,-0.028,-0.007,-0.043
-0.028,-0.008,0.036,-0.028,-0.007,-0.042
-0.028,-0.007,0.035,-0.028,-0.007,-0.042
-0.027,-0.005,0.035,-0.027,-0.006,-0.041
-0.027,-0.003,0.034,-0.027,-0.006,-0.041
-0.027,-0.002,0.033,-0.027,-0.006,-0.041
-0.027,0,0.032,-0.027,-0.005,-0.04
-0.026,0.001,0.031,-0.026,-0.005,-0.04
-0.026,0.003,0.031,-0.026,-0.005,-0.039
-0.026,0.005,0.03,-0.026,-0.005,-0.039
-0.026,0.006,0.029,-0.026,-0.005,-0.038
-0.025,0.008,0.028,-0.025,-0.005,-0.038
-0.025,0.009,0.027,-0.025,-0.005,-0.037
-0.025,0.01,0.026,-0.025,-0.005,-0.037
-0.024,0.012,0.025,-0.024,-0.005,-0.036
-0.024,0.013,0.024,-0.024,-0.005,-0.035
-0.024,0.014,0.023,-0.024,-0.005,-0.035
-0.024,0.014,0.022,-0.024,-0.005,-0.034
-0.023,0.015,0.021,-0.023,-0.005,-0.033
-0.023,0.016,0.02,-0.023,-0.005,-0.032
-0.023,0.016,0.02,-0.023,-0.005,-0.031
-0.023,0.016,0.019,-0.023,-0.005,-0.03
-0.023,0.016,0.018,-0.023,-0.005,-0.029
-0.023,0.016,0.018,-0.023,-0.005,-0.029
-0.023,0.016,0.017,-0.023,-0.006,-0.028
-0.023,0.016,0.017,-0.023,-0.006,-0.027
-0.023,0.016,0.017,-0.023,-0.006,-0.026
-0.023,0.015,0.016,-0.023,-0.006,-0.025
-0.023,0.014,0.016,-0.023,-0.007,-0.024
-0.023,0.014,0.016,-0.023,-0.007,-0.023
-0.023,0.013,0.015,-0.023,-0.007,-0.022
-0.024,0.012,0.015,-0.024,-0.008,-0.022
-0.024,0.011,0.015,-0.024,-0.008,-0.021
-0.024,0.01,0.015,-0.024,-0.008,-0.02
-0.024,0.009,0.015,-0.024,-0.009,-0.02
-0.024,0.007,0.015,-0.024,-0.009,-0.02
-0.024,0.006,0.015,-0.024,-0.009,-0.02
-0.024,0.005,0.015,-0.024,-0.01,-0.02
-0.024,0.004,0.015,-0.024,-0.01,-0.02
-0.023,0.003,0.015,-0.023,-0.01,-0.02
-0.023,0.002,0.015,-0.023,-0.011,-0.021
-0.023,0.001,0.015,-0.023,-0.011,-0.021
-0.023,0,0.016,-0.023,-0.011,-0.022
-0.022,-0.001,0.016,-0.022,-0.011,-0.023
-0.022,-0.002,0.016,-0.022,-0.011,-0.024
-0.021,-0.003,0.017,-0.021,-0.011,-0.025
-0.02,-0.003,0.017,-0.02,-0.011,-0.026
-0.02,-0.004,0.018,-0.02,-0.011,-0.027
-0.019,-0.004,0.018,-0.019,-0.011,-0.028
-0.018,-0.004,0.019,-0.018,-0.011,-0.03
-0.017,-0.004,0.02,-0.017,-0.011,-0.031
-0.016,-0.004,0.021,-0.016,-0.011,-0.032
-0.015,-0.003,0.021,-0.015,-0.01,-0.034
-0.014,-0.003,0.022,-0.014,-0.01,-0.035
-0.013,-0.002,0.023,-0.013,-0.009,-0.036
-0.011,-0.001,0.024,-0.011,-0.009,-0.037
-0.01,0,0.025,-0.01,-0.008,-0.038
-0.009,0.001,0.027,-0.009,-0.007,-0.039
-0.007,0.002,0.028,-0.007,-0.006,-0.039
-0.006,0.004,0.029,-0.006,-0.005,-0.04
-0.005,0.005,0.03,-0.005,-0.004,-0.04
-0.003,0.007,0.032,-0.003,-0.003,-0.04
-0.002,0.009,0.033,-0.002,-0.002,-0.039
0,0.01,0.035,0,-0.001,-0.039
0.001,0.012,0.036,0.001,0.001,-0.038
0.002,0.014,0.038,0.002,0.002,-0.037
0.004,0.016,0.039,0.004,0.003,-0.036
0.005,0.018,0.041,0.005,0.005,-0.034
0.006,0.019,0.042,0.006,0.006,-0.033
0.008,0.021,0.044,0.008,0.008,-0.031
0.009,0.023,0.045,0.009,0.009,-0.028
0.01,0.025,0.047,0.01,0.011,-0.026
0.012,0.026,0.048,0.012,0.012,-0.023
0.013,0.028,0.05,0.013,0.014,-0.02
0.014,0.03,0.051,0.014,0.016,-0.017
0.015,0.031,0.052,0.015,0.017,-0.014
0.016,0.033,0.053,0.016,0.019,-0.011
0.017,0.034,0.054,0.017,0.021,-0.008
0.018,0.035,0.055,0.018,0.022,-0.005
0.019,0.037,0.056,0.019,0.024,-0.001
0.02,0.038,0.057,0.02,0.025,0.002
0.021,0.039,0.057,0.021,0.027,0.006
0.022,0.04,0.058,0.022,0.029,0.009
0.023,0.041,0.059,0.023,0.03,0.012
0.024,0.042,0.059,0.024,0.032,0.016
0.024,0.043,0.059,0.024,0.033,0.019
0.025,0.044,0.059,0.025,0.035,0.022
0.026,0.045,0.059,0.026,0.036,0.025
0.027,0.046,0.059,0.027,0.038,0.027
0.028,0.047,0.059,0.028,0.04,0.03
0.028,0.047,0.059,0.028,0.041,0.032
0.029,0.048,0.059,0.029,0.043,0.034
0.03,0.049,0.059,0.03,0.044,0.036
0.03,0.05,0.059,0.03,0.046,0.038
0.031,0.051,0.058,0.031,0.047,0.039
0.032,0.052,0.058,0.032,0.049,0.041
0.032,0.052,0.058,0.032,0.05,0.042
0.033,0.053,0.057,0.033,0.052,0.043
0.033,0.054,0.057,0.033,0.053,0.043
0.034,0.055,0.057,0.034,0.055,0.044
0.034,0.056,0.057,0.034,0.056,0.044
0.035,0.057,0.056,0.035,0.057,0.044
0.035,0.058,0.056,0.035,0.059,0.044
0.035,0.059,0.056,0.035,0.06,0.044
0.036,0.06,0.056,0.036,0.061,0.044
0.036,0.061,0.056,0.036,0.062,0.043
0.036,0.062,0.056,0.036,0.063,0.043
0.037,0.063,0.056,0.037,0.064,0.042
0.037,0.064,0.056,0.037,0.065,0.041
0.037,0.066,0.056,0.037,0.066,0.041
0.037,0.067,0.056,0.037,0.066,0.04
0.037,0.068,0.056,0.037,0.067,0.039
0.037,0.07,0.056,0.037,0.067,0.038
0.037,0.072,0.056,0.037,0.068,0.037
0.037,0.073,0.057,0.037,0.068,0.037
0.037,0.075,0.057,0.037,0.068,0.036
0.037,0.077,0.057,0.037,0.068,0.035
0.037,0.078,0.057,0.037,0.068,0.034
0.037,0.08,0.057,0.037,0.068,0.034
0.037,0.082,0.057,0.037,0.068,0.033
0.037,0.083,0.057,0.037,0.067,0.033
0.037,0.085,0.057,0.037,0.067,0.032
0.037,0.087,0.057,0.037,0.066,0.032
0.037,0.088,0.057,0.037,0.065,0.032
0.037,0.089,0.057,0.037,0.065,0.032
0.037,0.09,0.056,0.037,0.064,0.031
0.037,0.091,0.056,0.037,0.063,0.031
0.036,0.092,0.056,0.036,0.062,0.031
0.036,0.093,0.055,0.036,0.061,0.032
0.036,0.093,0.055,0.036,0.061,0.032
0.036,0.093,0.054,0.036,0.06,0.032
0.035,0.093,0.054,0.035,0.059,0.032
0.035,0.092,0.053,0.035,0.058,0.033
0.035,0.091,0.053,0.035,0.057,0.033
0.034,0.09,0.052,0.034,0.056,0.033
0.034,0.088,0.051,0.034,0.055,0.034
0.033,0.087,0.051,0.033,0.054,0.034
0.033,0.085,0.05,0.033,0.053,0.035
0.032,0.082,0.049,0.032,0.052,0.035
0.031,0.08,0.048,0.031,0.051,0.035
0.03,0.077,0.048,0.03,0.051,0.036
0.03,0.074,0.047,0.03,0.05,0.036
0.029,0.071,0.046,0.029,0.049,0.037
0.028,0.067,0.045,0.028,0.049,0.037
0.027,0.064,0.044,0.027,0.048,0.037
0.026,0.06,0.043,0.026,0.047,0.037
0.025,0.057,0.042,0.025,0.047,0.038
0.023,0.053,0.041,0.023,0.047,0.038
0.022,0.049,0.04,0.022,0.046,0.038
0.021,0.046,0.039,0.021,0.046,0.038
0.02,0.042,0.038,0.02,0.045,0.037
0.018,0.039,0.037,0.018,0.045,0.037
0.017,0.035,0.036,0.017,0.045,0.037
0.015,0.032,0.035,0.015,0.044,0.036
0.014,0.029,0.033,0.014,0.044,0.036
0.012,0.026,0.032,0.012,0.044,0.035
0.01,0.023,0.031,0.01,0.044,0.034
0.009,0.021,0.029,0.009,0.043,0.033
0.007,0.019,0.028,0.007,0.043,0.032
0.005,0.017,0.026,0.005,0.043,0.031
0.004,0.015,0.025,0.004,0.042,0.03
0.002,0.013,0.023,0.002,0.042,0.029
0,0.012,0.021,0,0.042,0.027
-0.001,0.011,0.02,-0.001,0.041,0.026
-0.003,0.01,0.018,-0.003,0.041,0.024
-0.005,0.009,0.016,-0.005,0.04,0.022
-0.006,0.009,0.014,-0.006,0.04,0.02
-0.008,0.008,0.012,-0.008,0.039,0.018
-0.01,0.008,0.011,-0.01,0.039,0.016
-0.011,0.008,0.009,-0.011,0.038,0.014
-0.013,0.008,0.007,-0.013,0.037,0.012
-0.014,0.008,0.005,-0.014,0.036,0.01
-0.016,0.008,0.003,-0.016,0.036,0.008
-0.018,0.009,0.001,-0.018,0.035,0.006
-0.019,0.009,-0.001,-0.019,0.034,0.003
-0.02,0.009,-0.003,-0.02,0.033,0.001
-0.022,0.009,-0.005,-0.022,0.032,-0.001
-0.023,0.009,-0.006,-0.023,0.031,-0.003
-0.025,0.009,-0.008,-0.025,0.03,-0.006
-0.026,0.009,-0.01,-0.026,0.029,-0.008
-0.027,0.009,-0.012,-0.027,0.028,-0.01
-0.029,0.009,-0.013,-0.029,0.027,-0.012
-0.03,0.008,-0.015,-0.03,0.026,-0.014
-0.031,0.008,-0.017,-0.031,0.025,-0.016
-0.032,0.007,-0.018,-0.032,0.024,-0.018
-0.033,0.006,-0.02,-0.033,0.023,-0.02
-0.034,0.005,-0.021,-0.034,0.022,-0.022
-0.036,0.004,-0.023,-0.036,0.021,-0.024
-0.037,0.002,-0.024,-0.037,0.02,-0.025
-0.038,0.001,-0.025,-0.038,0.018,-0.027
-0.039,-0.001,-0.027,-0.039,0.017,-0.029
-0.04,-0.002,-0.028,-0.04,0.016,-0.03
-0.041,-0.004,-0.029,-0.041,0.015,-0.032
-0.042,-0.006,-0.03,-0.042,0.013,-0.033
-0.043,-0.009,-0.031,-0.043,0.012,-0.034
-0.045,-0.011,-0.032,-0.045,0.01,-0.036
-0.046,-0.013,-0.033,-0.046,0.009,-0.037
-0.047,-0.015,-0.034,-0.047,0.007,-0.038
-0.048,-0.018,-0.035,-0.048,0.005,-0.039
-0.049,-0.02,-0.037,-0.049,0.004,-0.041
-0.05,-0.022,-0.038,-0.05,0.002,-0.042
-0.052,-0.025,-0.039,-0.052,0,-0.043
-0.053,-0.027,-0.04,-0.053,-0.002,-0.044
-0.054,-0.029,-0.041,-0.054,-0.004,-0.045
-0.056,-0.031,-0.042,-0.056,-0.006,-0.046
-0.057,-0.033,-0.043,-0.057,-0.008,-0.047
-0.058,-0.035,-0.044,-0.058,-0.01,-0.048
-0.059,-0.037,-0.045,-0.059,-0.012,-0.05
-0.061,-0.039,-0.046,-0.061,-0.014,-0.051
-0.062,-0.041,-0.047,-0.062,-0.016,-0.052
-0.063,-0.042,-0.049,-0.063,-0.018,-0.053
-0.064,-0.044,-0.05,-0.064,-0.021,-0.054
-0.066,-0.045,-0.051,-0.066,-0.023,-0.055
-0.067,-0.046,-0.052,-0.067,-0.025,-0.056
-0.068,-0.047,-0.053,-0.068,-0.027,-0.058
-0.069,-0.048,-0.054,-0.069,-0.029,-0.059
-0.07,-0.049,-0.055,-0.07,-0.031,-0.06
-0.071,-0.05,-0.056,-0.071,-0.033,-0.061
-0.071,-0.05,-0.057,-0.071,-0.035,-0.062
-0.072,-0.051,-0.058,-0.072,-0.037,-0.063
-0.073,-0.052,-0.058,-0.073,-0.039,-0.064
-0.073,-0.052,-0.059,-0.073,-0.04,-0.065
-0.074,-0.052,-0.059,-0.074,-0.042,-0.066
-0.074,-0.053,-0.06,-0.074,-0.043,-0.067
-0.074,-0.053,-0.06,-0.074,-0.045,-0.068
-0.074,-0.053,-0.06,-0.074,-0.046,-0.068
-0.074,-0.053,-0.06,-0.074,-0.047,-0.069
-0.074,-0.053,-0.06,-0.074,-0.048,-0.069
-0.074,-0.053,-0.06,-0.074,-0.048,-0.069
-0.073,-0.053,-0.06,-0.073,-0.049,-0.069
-0.073,-0.053,-0.059,-0.073,-0.049,-0.069
-0.072,-0.053,-0.058,-0.072,-0.049,-0.069
-0.071,-0.053,-0.058,-0.071,-0.049,-0.069
-0.07,-0.053,-0.057,-0.07,-0.049,-0.068
-0.07,-0.053,-0.056,-0.07,-0.049,-0.067
-0.069,-0.053,-0.055,-0.069,-0.049,-0.067
-0.067,-0.053,-0.053,-0.067,-0.048,-0.065
-0.066,-0.053,-0.052,-0.066,-0.047,-0.064
-0.065,-0.052,-0.051,-0.065,-0.046,-0.063
-0.064,-0.052,-0.05,-0.064,-0.045,-0.062
-0.063,-0.052,-0.048,-0.063,-0.044,-0.06
-0.061,-0.051,-0.047,-0.061,-0.043,-0.059
-0.06,-0.051,-0.046,-0.06,-0.042,-0.057
-0.059,-0.051,-0.044,-0.059,-0.04,-0.055
-0.057,-0.05,-0.043,-0.057,-0.039,-0.054
-0.056,-0.05,-0.042,-0.056,-0.038,-0.052
-0.055,-0.049,-0.041,-0.055,-0.036,-0.05
-0.054,-0.048,-0.04,-0.054,-0.035,-0.049
-0.052,-0.047,-0.039,-0.052,-0.033,-0.047
-0.051,-0.047,-0.038,-0.051,-0.032,-0.046
-0.05,-0.046,-0.037,-0.05,-0.031,-0.045
-0.049,-0.045,-0.036,-0.049,-0.029,-0.043
-0.048,-0.044,-0.036,-0.048,-0.028,-0.042
-0.048,-0.043,-0.035,-0.048,-0.027,-0.041
-0.047,-0.041,-0.035,-0.047,-0.026,-0.04
-0.046,-0.04,-0.034,-0.046,-0.026,-0.04
-0.046,-0.039,-0.034,-0.046,-0.025,-0.039
-0.045,-0.038,-0.034,-0.045,-0.024,-0.039
-0.045,-0.036,-0.034,-0.045,-0.024,-0.038
-0.044,-0.035,-0.034,-0.044,-0.024,-0.038
-0.044,-0.034,-0.034,-0.044,-0.023,-0.038
-0.044,-0.032,-0.034,-0.044,-0.023,-0.039
-0.044,-0.031,-0.035,-0.044,-0.023,-0.039
-0.043,-0.03,-0.035,-0.043,-0.023,-0.039
-0.043,-0.029,-0.035,-0.043,-0.024,-0.039
-0.043,-0.027,-0.035,-0.043,-0.024,-0.04
-0.043,-0.026,-0.036,-0.043,-0.025,-0.04
-0.043,-0.025,-0.036,-0.043,-0.025,-0.041
-0.043,-0.024,-0.036,-0.043,-0.026,-0.042
-0.044,-0.023,-0.037,-0.044,-0.026,-0.042
-0.044,-0.022,-0.037,-0.044,-0.027,-0.043
-0.044,-0.021,-0.037,-0.044,-0.027,-0.043
-0.044,-0.02,-0.038,-0.044,-0.028,-0.044
-0.044,-0.02,-0.038,-0.044,-0.029,-0.044
-0.044,-0.019,-0.038,-0.044,-0.029,-0.045
-0.044,-0.019,-0.038,-0.044,-0.03,-0.045
-0.044,-0.018,-0.038,-0.044,-0.03,-0.045
-0.044,-0.018,-0.038,-0.044,-0.031,-0.046
-0.044,-0.018,-0.038,-0.044,-0.031,-0.046
-0.044,-0.018,-0.038,-0.044,-0.032,-0.046
-0.044,-0.018,-0.038,-0.044,-0.032,-0.046
-0.043,-0.019,-0.038,-0.043,-0.032,-0.046
-0.043,-0.019,-0.038,-0.043,-0.032,-0.045
-0.043,-0.019,-0.038,-0.043,-0.032,-0.045
-0.043,-0.02,-0.038,-0.043,-0.032,-0.045
-0.043,-0.021,-0.037,-0.043,-0.032,-0.044
-0.042,-0.021,-0.037,-0.042,-0.032,-0.044
-0.042,-0.022,-0.037,-0.042,-0.032,-0.044
-0.042,-0.023,-0.037,-0.042,-0.032,-0.043
-0.042,-0.024,-0.037,-0.042,-0.031,-0.043
-0.041,-0.024,-0.037,-0.041,-0.031,-0.042
-0.041,-0.025,-0.037,-0.041,-0.03,-0.042
-0.041,-0.026,-0.037,-0.041,-0.03,-0.041
-0.041,-0.027,-0.037,-0.041,-0.029,-0.041
-0.041,-0.028,-0.037,-0.041,-0.029,-0.041
-0.041,-0.029,-0.038,-0.041,-0.028,-0.04
-0.041,-0.03,-0.038,-0.041,-0.028,-0.04
-0.041,-0.03,-0.038,-0.041,-0.027,-0.04
-0.041,-0.031,-0.039,-0.041,-0.027,-0.04
-0.041,-0.032,-0.039,-0.041,-0.026,-0.04
-0.041,-0.033,-0.039,-0.041,-0.026,-0.041
-0.041,-0.033,-0.04,-0.041,-0.025,-0.041
-0.041,-0.034,-0.04,-0.041,-0.025,-0.042
-0.042,-0.034,-0.041,-0.042,-0.025,-0.042
-0.042,-0.035,-0.041,-0.042,-0.025,-0.043
-0.043,-0.035,-0.042,-0.043,-0.024,-0.043
-0.043,-0.036,-0.043,-0.043,-0.024,-0.044
-0.044,-0.036,-0.043,-0.044,-0.024,-0.045
-0.045,-0.037,-0.044,-0.045,-0.025,-0.046
-0.045,-0.037,-0.044,-0.045,-0.025,-0.047
-0.046,-0.037,-0.045,-0.046,-0.025,-0.048
-0.047,-0.038,-0.045,-0.047,-0.025,-0.049
-0.048,-0.038,-0.046,-0.048,-0.026,-0.05
-0.049,-0.038,-0.046,-0.049,-0.026,-0.05
-0.049,-0.038,-0.047,-0.049,-0.027,-0.051
-0.05,-0.039,-0.047,-0.05,-0.028,-0.052
-0.051,-0.039,-0.048,-0.051,-0.028,-0.052
-0.052,-0.039,-0.048,-0.052,-0.029,-0.053
-0.053,-0.039,-0.048,-0.053,-0.03,-0.053
-0.054,-0.039,-0.048,-0.054,-0.031,-0.054
-0.055,-0.039,-0.049,-0.055,-0.032,-0.054
-0.056,-0.039,-0.049,-0.056,-0.033,-0.054
-0.056,-0.039,-0.049,-0.056,-0.034,-0.054
-0.057,-0.039,-0.049,-0.057,-0.035,-0.054
-0.058,-0.039,-0.049,-0.058,-0.036,-0.053
-0.058,-0.039,-0.049,-0.058,-0.037,-0.053
-0.059,-0.039,-0.049,-0.059,-0.038,-0.053
-0.059,-0.039,-0.049,-0.059,-0.039,-0.052
-0.06,-0.039,-0.049,-0.06,-0.04,-0.052
-0.06,-0.038,-0.049,-0.06,-0.041,-0.051
-0.06,-0.038,-0.049,-0.06,-0.042,-0.051
-0.061,-0.038,-0.049,-0.061,-0.043,-0.05
-0.061,-0.037,-0.049,-0.061,-0.043,-0.05
-0.061,-0.037,-0.049,-0.061,-0.044,-0.049
-0.061,-0.036,-0.049,-0.061,-0.045,-0.049
-0.061,-0.036,-0.049,-0.061,-0.046,-0.048
-0.061,-0.035,-0.05,-0.061,-0.046,-0.048
-0.061,-0.034,-0.05,-0.061,-0.047,-0.047
-0.061,-0.034,-0.05,-0.061,-0.047,-0.047
-0.061,-0.033,-0.05,-0.061,-0.048,-0.047
-0.061,-0.033,-0.05,-0.061,-0.048,-0.047
-0.061,-0.032,-0.05,-0.061,-0.049,-0.047
-0.061,-0.032,-0.05,-0.061,-0.049,-0.046
-0.061,-0.032,-0.051,-0.061,-0.049,-0.046
-0.061,-0.032,-0.051,-0.061,-0.049,-0.046
-0.061,-0.032,-0.051,-0.061,-0.05,-0.046
-0.061,-0.032,-0.051,-0.061,-0.05,-0.047
-0.061,-0.032,-0.052,-0.061,-0.05,-0.047
-0.061,-0.032,-0.052,-0.061,-0.05,-0.047
-0.061,-0.033,-0.052,-0.061,-0.05,-0.047
-0.062,-0.033,-0.052,-0.062,-0.05,-0.047
-0.062,-0.034,-0.052,-0.062,-0.05,-0.047
-0.062,-0.035,-0.052,-0.062,-0.05,-0.047
-0.063,-0.036,-0.052,-0.063,-0.049,-0.047
-0.063,-0.038,-0.052,-0.063,-0.049,-0.048
-0.064,-0.039,-0.052,-0.064,-0.049,-0.048
-0.064,-0.041,-0.052,-0.064,-0.049,-0.048
-0.065,-0.042,-0.052,-0.065,-0.049,-0.048
-0.065,-0.044,-0.051,-0.065,-0.049,-0.049
-0.066,-0.046,-0.051,-0.066,-0.048,-0.049
-0.066,-0.048,-0.051,-0.066,-0.048,-0.05
-0.067,-0.05,-0.05,-0.067,-0.048,-0.05
-0.067,-0.052,-0.05,-0.067,-0.048,-0.051
-0.068,-0.054,-0.049,-0.068,-0.048,-0.052
-0.068,-0.056,-0.048,-0.068,-0.047,-0.053
-0.068,-0.058,-0.048,-0.068,-0.047,-0.054
-0.068,-0.059,-0.047,-0.068,-0.047,-0.055
-0.068,-0.061,-0.046,-0.068,-0.047,-0.056
-0.068,-0.063,-0.045,-0.068,-0.047,-0.057
-0.068,-0.064,-0.044,-0.068,-0.046,-0.059
-0.068,-0.065,-0.044,-0.068,-0.046,-0.06
-0.068,-0.067,-0.043,-0.068,-0.046,-0.062
-0.067,-0.067,-0.042,-0.067,-0.046,-0.064
-0.067,-0.068,-0.041,-0.067,-0.045,-0.066
-0.066,-0.069,-0.041,-0.066,-0.045,-0.068
-0.066,-0.069,-0.04,-0.066,-0.045,-0.07
-0.065,-0.069,-0.039,-0.065,-0.045,-0.072
-0.064,-0.069,-0.039,-0.064,-0.045,-0.074
-0.063,-0.069,-0.038,-0.063,-0.044,-0.076
-0.062,-0.068,-0.038,-0.062,-0.044,-0.078
-0.061,-0.068,-0.038,-0.061,-0.044,-0.08
-0.059,-0.067,-0.037,-0.059,-0.044,-0.081
-0.058,-0.066,-0.037,-0.058,-0.044,-0.083
-0.057,-0.064,-0.037,-0.057,-0.043,-0.085
-0.056,-0.063,-0.037,-0.056,-0.043,-0.087
-0.054,-0.062,-0.037,-0.054,-0.043,-0.088
-0.053,-0.06,-0.038,-0.053,-0.043,-0.089
-0.052,-0.058,-0.038,-0.052,-0.043,-0.09
-0.05,-0.057,-0.038,-0.05,-0.042,-0.091
-0.049,-0.055,-0.039,-0.049,-0.042,-0.092
-0.048,-0.053,-0.039,-0.048,-0.042,-0.092
-0.047,-0.052,-0.04,-0.047,-0.042,-0.092
-0.046,-0.05,-0.041,-0.046,-0.042,-0.092
-0.045,-0.048,-0.041,-0.045,-0.041,-0.092
-0.044,-0.047,-0.042,-0.044,-0.041,-0.091
-0.044,-0.045,-0.043,-0.044,-0.041,-0.09
-0.043,-0.044,-0.044,-0.043,-0.041,-0.089
-0.043,-0.042,-0.045,-0.043,-0.041,-0.088
-0.042,-0.041,-0.045,-0.042,-0.04,-0.087
-0.042,-0.04,-0.046,-0.042,-0.04,-0.085
-0.042,-0.039,-0.047,-0.042,-0.04,-0.084
-0.042,-0.038,-0.048,-0.042,-0.04,-0.082
-0.043,-0.037,-0.049,-0.043,-0.039,-0.08
-0.043,-0.036,-0.049,-0.043,-0.039,-0.078
-0.044,-0.035,-0.05,-0.044,-0.039,-0.076
-0.044,-0.035,-0.051,-0.044,-0.038,-0.074
-0.045,-0.034,-0.051,-0.045,-0.038,-0.071
-0.046,-0.034,-0.051,-0.046,-0.038,-0.069
-0.047,-0.033,-0.052,-0.047,-0.037,-0.067
-0.048,-0.033,-0.052,-0.048,-0.037,-0.064
-0.049,-0.033,-0.052,-0.049,-0.036,-0.062
-0.05,-0.033,-0.052,-0.05,-0.036,-0.06
-0.052,-0.032,-0.052,-0.052,-0.035,-0.058
-0.053,-0.032,-0.052,-0.053,-0.035,-0.056
-0.054,-0.032,-0.052,-0.054,-0.034,-0.054
-0.056,-0.032,-0.051,-0.056,-0.034,-0.052
-0.057,-0.032,-0.051,-0.057,-0.033,-0.05
-0.058,-0.031,-0.05,-0.058,-0.032,-0.048
-0.059,-0.031,-0.049,-0.059,-0.032,-0.047
-0.06,-0.031,-0.048,-0.06,-0.031,-0.046
-0.061,-0.03,-0.047,-0.061,-0.031,-0.044
-0.062,-0.03,-0.046,-0.062,-0.03,-0.043
-0.063,-0.029,-0.045,-0.063,-0.029,-0.042
-0.063,-0.029,-0.044,-0.063,-0.029,-0.042
-0.063,-0.028,-0.042,-0.063,-0.028,-0.041
-0.063,-0.028,-0.041,-0.063,-0.027,-0.041
-0.063,-0.027,-0.039,-0.063,-0.027,-0.041
-0.063,-0.026,-0.038,-0.063,-0.026,-0.041
-0.062,-0.026,-0.036,-0.062,-0.025,-0.041
-0.061,-0.025,-0.034,-0.061,-0.025,-0.042
-0.06,-0.024,-0.033,-0.06,-0.024,-0.042
-0.059,-0.023,-0.031,-0.059,-0.023,-0.043
-0.058,-0.022,-0.029,-0.058,-0.022,-0.044
-0.056,-0.021,-0.027,-0.056,-0.021,-0.045
-0.054,-0.021,-0.026,-0.054,-0.021,-0.047
-0.053,-0.02,-0.024,-0.053,-0.02,-0.048
-0.05,-0.019,-0.022,-0.05,-0.019,-0.049
-0.048,-0.018,-0.021,-0.048,-0.018,-0.051
-0.046,-0.018,-0.019,-0.046,-0.017,-0.053
-0.043,-0.017,-0.018,-0.043,-0.016,-0.054
-0.041,-0.016,-0.016,-0.041,-0.015,-0.056
-0.038,-0.016,-0.015,-0.038,-0.015,-0.058
-0.036,-0.015,-0.014,-0.036,-0.014,-0.06
-0.033,-0.015,-0.013,-0.033,-0.013,-0.062
-0.031,-0.015,-0.012,-0.031,-0.012,-0.063
-0.028,-0.014,-0.011,-0.028,-0.011,-0.065
-0.026,-0.014,-0.011,-0.026,-0.011,-0.067
-0.024,-0.014,-0.01,-0.024,-0.01,-0.068
-0.022,-0.014,-0.01,-0.022,-0.01,-0.07
-0.02,-0.014,-0.009,-0.02,-0.01,-0.071
-0.018,-0.014,-0.009,-0.018,-0.009,-0.073
-0.016,-0.014,-0.009,-0.016,-0.009,-0.074
-0.015,-0.014,-0.009,-0.015,-0.009,-0.075
-0.013,-0.015,-0.009,-0.013,-0.01,-0.076
-0.012,-0.015,-0.009,-0.012,-0.01,-0.077
-0.011,-0.015,-0.009,-0.011,-0.011,-0.078
-0.011,-0.015,-0.009,-0.011,-0.011,-0.078
-0.011,-0.015,-0.009,-0.011,-0.012,-0.078
-0.01,-0.015,-0.01,-0.01,-0.013,-0.079
-0.01,-0.015,-0.01,-0.01,-0.014,-0.079
-0.011,-0.015,-0.01,-0.011,-0.016,-0.079
-0.011,-0.015,-0.011,-0.011,-0.017,-0.078
-0.012,-0.015,-0.011,-0.012,-0.018,-0.078
-0.013,-0.015,-0.011,-0.013,-0.02,-0.078
-0.014,-0.015,-0.012,-0.014,-0.022,-0.077
-0.015,-0.015,-0.012,-0.015,-0.024,-0.077
-0.016,-0.014,-0.012,-0.016,-0.025,-0.076
-0.018,-0.014,-0.013,-0.018,-0.027,-0.075
-0.019,-0.013,-0.013,-0.019,-0.029,-0.074
-0.021,-0.013,-0.013,-0.021,-0.031,-0.073
-0.023,-0.013,-0.013,-0.023,-0.033,-0.072
-0.024,-0.012,-0.013,-0.024,-0.034,-0.071
-0.026,-0.011,-0.013,-0.026,-0.036,-0.07
-0.028,-0.011,-0.013,-0.028,-0.037,-0.069
-0.029,-0.01,-0.013,-0.029,-0.039,-0.068
-0.031,-0.01,-0.013,-0.031,-0.04,-0.066
-0.032,-0.009,-0.013,-0.032,-0.041,-0.065
-0.033,-0.009,-0.012,-0.033,-0.042,-0.064
-0.035,-0.008,-0.012,-0.035,-0.043,-0.063
-0.036,-0.008,-0.011,-0.036,-0.044,-0.062
-0.037,-0.007,-0.011,-0.037,-0.044,-0.061
-0.037,-0.007,-0.01,-0.037,-0.044,-0.06
-0.038,-0.006,-0.01,-0.038,-0.044,-0.06
-0.039,-0.006,-0.009,-0.039,-0.044,-0.059
-0.039,-0.006,-0.009,-0.039,-0.044,-0.058
-0.039,-0.006,-0.008,-0.039,-0.043,-0.058
-0.039,-0.006,-0.007,-0.039,-0.043,-0.057
-0.039,-0.006,-0.006,-0.039,-0.042,-0.057
-0.039,-0.006,-0.005,-0.039,-0.041,-0.057
-0.039,-0.006,-0.005,-0.039,-0.039,-0.056
-0.038,-0.006,-0.004,-0.038,-0.038,-0.056
-0.038,-0.006,-0.003,-0.038,-0.036,-0.056
-0.037,-0.006,-0.002,-0.037,-0.035,-0.057
-0.036,-0.006,-0.001,-0.036,-0.033,-0.057
-0.035,-0.006,-0.001,-0.035,-0.031,-0.057
-0.035,-0.006,0,-0.035,-0.029,-0.057
-0.034,-0.006,0.001,-0.034,-0.027,-0.058
-0.033,-0.006,0.001,-0.033,-0.026,-0.058
-0.032,-0.006,0.002,-0.032,-0.024,-0.059
-0.031,-0.006,0.003,-0.031,-0.022,-0.059
-0.03,-0.006,0.003,-0.03,-0.02,-0.06
-0.029,-0.006,0.003,-0.029,-0.018,-0.06
-0.028,-0.006,0.004,-0.028,-0.016,-0.061
-0.027,-0.006,0.004,-0.027,-0.015,-0.061
-0.026,-0.005,0.004,-0.026,-0.013,-0.062
-0.025,-0.005,0.005,-0.025,-0.012,-0.062
-0.025,-0.005,0.005,-0.025,-0.011,-0.063
-0.024,-0.004,0.005,-0.024,-0.009,-0.063
-0.024,-0.004,0.005,-0.024,-0.008,-0.064
-0.023,-0.003,0.005,-0.023,-0.007,-0.064
-0.023,-0.002,0.005,-0.023,-0.007,-0.065
-0.023,-0.002,0.004,-0.023,-0.006,-0.065
-0.022,-0.001,0.004,-0.022,-0.006,-0.065
-0.022,0,0.004,-0.022,-0.005,-0.065
-0.022,0,0.003,-0.022,-0.005,-0.066
-0.022,0.001,0.003,-0.022,-0.005,-0.066
-0.022,0.002,0.003,-0.022,-0.005,-0.066
-0.022,0.002,0.002,-0.022,-0.005,-0.066
-0.022,0.003,0.001,-0.022,-0.005,-0.066
-0.022,0.004,0.001,-0.022,-0.005,-0.066
-0.022,0.004,0,-0.022,-0.006,-0.066
-0.022,0.005,0,-0.022,-0.006,-0.066
-0.022,0.005,-0.001,-0.022,-0.007,-0.066
-0.022,0.006,-0.002,-0.022,-0.007,-0.066
-0.021,0.006,-0.002,-0.021,-0.007,-0.065
-0.021,0.006,-0.003,-0.021,-0.008,-0.065
-0.021,0.007,-0.003,-0.021,-0.008,-0.065
-0.02,0.007,-0.004,-0.02,-0.009,-0.065
-0.02,0.007,-0.004,-0.02,-0.009,-0.065
-0.019,0.007,-0.005,-0.019,-0.01,-0.065
-0.018,0.007,-0.005,-0.018,-0.01,-0.064
-0.018,0.007,-0.005,-0.018,-0.01,-0.064
-0.017,0.007,-0.006,-0.017,-0.01,-0.064
-0.016,0.007,-0.006,-0.016,-0.011,-0.064
-0.014,0.007,-0.006,-0.014,-0.011,-0.064
-0.013,0.007,-0.005,-0.013,-0.011,-0.064
-0.012,0.006,-0.005,-0.012,-0.011,-0.064
-0.01,0.006,-0.005,-0.01,-0.01,-0.064
-0.009,0.006,-0.004,-0.009,-0.01,-0.065
-0.007,0.006,-0.004,-0.007,-0.01,-0.065
-0.006,0.005,-0.003,-0.006,-0.009,-0.065
-0.004,0.005,-0.002,-0.004,-0.009,-0.065
-0.002,0.005,-0.001,-0.002,-0.008,-0.066
-0.001,0.005,0,-0.001,-0.008,-0.066
0.001,0.005,0.001,0.001,-0.007,-0.067
0.003,0.005,0.002,0.003,-0.006,-0.067
0.004,0.005,0.004,0.004,-0.005,-0.068
0.006,0.005,0.005,0.006,-0.005,-0.068
0.007,0.005,0.006,0.007,-0.004,-0.069
0.009,0.005,0.008,0.009,-0.003,-0.07
0.01,0.005,0.009,0.01,-0.002,-0.07
0.011,0.005,0.011,0.011,-0.001,-0.071
0.012,0.006,0.012,0.012,0,-0.071
0.013,0.006,0.014,0.013,0,-0.072
0.014,0.007,0.015,0.014,0.001,-0.073
0.015,0.007,0.016,0.015,0.002,-0.073
0.015,0.008,0.018,0.015,0.003,-0.074
0.016,0.008,0.019,0.016,0.004,-0.074
0.016,0.009,0.02,0.016,0.004,-0.075
0.016,0.009,0.021,0.016,0.005,-0.075
0.016,0.01,0.022,0.016,0.006,-0.075
0.016,0.01,0.023,0.016,0.006,-0.076
0.016,0.011,0.023,0.016,0.007,-0.076
0.015,0.011,0.024,0.015,0.007,-0.076
0.015,0.012,0.024,0.015,0.008,-0.076
0.014,0.012,0.025,0.014,0.008,-0.076
0.014,0.012,0.025,0.014,0.008,-0.076
0.013,0.013,0.025,0.013,0.009,-0.075
0.012,0.013,0.025,0.012,0.009,-0.075
0.011,0.013,0.025,0.011,0.009,-0.074
0.01,0.013,0.024,0.01,0.009,-0.073
0.009,0.013,0.024,0.009,0.009,-0.073
0.009,0.013,0.024,0.009,0.009,-0.072
0.008,0.013,0.023,0.008,0.009,-0.071
0.007,0.013,0.022,0.007,0.009,-0.069
0.006,0.013,0.021,0.006,0.01,-0.068
0.006,0.013,0.021,0.006,0.01,-0.067
0.005,0.013,0.02,0.005,0.01,-0.065
0.004,0.013,0.019,0.004,0.01,-0.064
0.004,0.012,0.018,0.004,0.01,-0.062
0.004,0.012,0.017,0.004,0.01,-0.061
0.003,0.012,0.016,0.003,0.01,-0.059
0.003,0.012,0.015,0.003,0.01,-0.057
0.003,0.011,0.014,0.003,0.01,-0.055
0.003,0.011,0.012,0.003,0.01,-0.054
0.003,0.011,0.011,0.003,0.01,-0.052
0.004,0.01,0.011,0.004,0.01,-0.05
0.004,0.01,0.01,0.004,0.01,-0.049
0.004,0.01,0.009,0.004,0.01,-0.047
0.005,0.01,0.008,0.005,0.01,-0.045
0.005,0.01,0.007,0.005,0.011,-0.044
0.006,0.009,0.006,0.006,0.011,-0.042
0.007,0.009,0.006,0.007,0.011,-0.041
0.007,0.009,0.005,0.007,0.011,-0.04
0.008,0.009,0.005,0.008,0.011,-0.039
0.009,0.009,0.004,0.009,0.012,-0.038
0.01,0.009,0.004,0.01,0.012,-0.037
0.01,0.009,0.004,0.01,0.012,-0.036
0.011,0.009,0.003,0.011,0.013,-0.035
0.012,0.009,0.003,0.012,0.013,-0.035
0.012,0.01,0.003,0.012,0.013,-0.034
0.013,0.01,0.003,0.013,0.013,-0.034
0.014,0.01,0.003,0.014,0.014,-0.034
0.014,0.01,0.003,0.014,0.014,-0.033
0.015,0.011,0.003,0.015,0.014,-0.033
0.015,0.011,0.004,0.015,0.015,-0.033
0.016,0.011,0.004,0.016,0.015,-0.033
0.016,0.012,0.004,0.016,0.015,-0.033
0.016,0.012,0.005,0.016,0.016,-0.033
0.016,0.013,0.005,0.016,0.016,-0.034
0.017,0.013,0.005,0.017,0.016,-0.034
0.017,0.014,0.006,0.017,0.017,-0.034
0.017,0.014,0.006,0.017,0.017,-0.034
0.017,0.015,0.007,0.017,0.018,-0.034
0.017,0.016,0.007,0.017,0.018,-0.034
0.017,0.016,0.008,0.017,0.019,-0.034
0.017,0.017,0.008,0.017,0.019,-0.034
0.017,0.018,0.009,0.017,0.02,-0.033
0.017,0.018,0.009,0.017,0.021,-0.033
0.018,0.019,0.01,0.018,0.021,-0.033
0.018,0.02,0.011,0.018,0.022,-0.032
0.018,0.02,0.011,0.018,0.023,-0.031
0.018,0.021,0.012,0.018,0.024,-0.03
0.019,0.022,0.013,0.019,0.025,-0.029
0.019,0.022,0.013,0.019,0.026,-0.028
0.02,0.023,0.014,0.02,0.027,-0.027
0.02,0.023,0.015,0.02,0.028,-0.025
0.021,0.024,0.016,0.021,0.029,-0.024
0.022,0.025,0.017,0.022,0.031,-0.022
0.022,0.025,0.018,0.022,0.032,-0.02
0.023,0.026,0.019,0.023,0.033,-0.018
0.024,0.026,0.02,0.024,0.035,-0.015
0.026,0.027,0.021,0.026,0.036,-0.013
0.027,0.027,0.023,0.027,0.037,-0.01
0.028,0.028,0.024,0.028,0.039,-0.007
0.029,0.028,0.026,0.029,0.04,-0.005
0.031,0.029,0.027,0.031,0.041,-0.002
0.032,0.029,0.029,0.032,0.043,0.001
0.034,0.03,0.03,0.034,0.044,0.005
0.035,0.03,0.032,0.035,0.045,0.008
0.037,0.031,0.034,0.037,0.046,0.011
0.038,0.031,0.035,0.038,0.048,0.014
0.04,0.032,0.037,0.04,0.049,0.017
0.041,0.032,0.039,0.041,0.05,0.02
0.043,0.033,0.041,0.043,0.051,0.023
0.044,0.033,0.043,0.044,0.052,0.025
0.046,0.034,0.045,0.046,0.053,0.028
0.047,0.034,0.047,0.047,0.053,0.03
0.048,0.035,0.049,0.048,0.054,0.032
0.049,0.035,0.05,0.049,0.055,0.034
0.05,0.035,0.052,0.05,0.056,0.035
0.051,0.036,0.054,0.051,0.056,0.036
0.052,0.036,0.056,0.052,0.057,0.037
0.053,0.037,0.057,0.053,0.057,0.038
0.053,0.037,0.059,0.053,0.058,0.038
0.054,0.038,0.061,0.054,0.058,0.038
0.054,0.038,0.062,0.054,0.058,0.038
0.054,0.039,0.063,0.054,0.059,0.037
0.054,0.039,0.064,0.054,0.059,0.036
0.054,0.04,0.065,0.054,0.059,0.035
0.054,0.04,0.066,0.054,0.059,0.033
0.053,0.041,0.067,0.053,0.059,0.032
0.053,0.041,0.068,0.053,0.059,0.03
0.052,0.041,0.068,0.052,0.059,0.028
0.051,0.042,0.069,0.051,0.059,0.026
0.05,0.042,0.069,0.05,0.059,0.023
0.049,0.042,0.069,0.049,0.059,0.021
0.048,0.043,0.069,0.048,0.059,0.018
0.047,0.043,0.068,0.047,0.059,0.015
0.046,0.043,0.068,0.046,0.059,0.013
0.045,0.043,0.067,0.045,0.058,0.01
0.044,0.043,0.067,0.044,0.058,0.007
0.043,0.043,0.066,0.043,0.058,0.005
0.042,0.043,0.065,0.042,0.057,0.002
0.04,0.043,0.064,0.04,0.057,0
0.039,0.042,0.063,0.039,0.057,-0.003
0.038,0.042,0.062,0.038,0.056,-0.005
0.037,0.042,0.061,0.037,0.056,-0.007
0.037,0.041,0.06,0.037,0.055,-0.009
0.036,0.041,0.058,0.036,0.055,-0.01
0.035,0.041,0.057,0.035,0.054,-0.012
0.035,0.04,0.056,0.035,0.054,-0.013
0.034,0.04,0.055,0.034,0.053,-0.014
0.034,0.039,0.053,0.034,0.053,-0.014
0.034,0.039,0.052,0.034,0.053,-0.015
0.034,0.038,0.051,0.034,0.052,-0.015
0.034,0.038,0.05,0.034,0.052,-0.015
0.034,0.037,0.049,0.034,0.052,-0.014
0.034,0.037,0.048,0.034,0.051,-0.013
0.035,0.037,0.047,0.035,0.051,-0.012
0.035,0.036,0.047,0.035,0.051,-0.011
0.036,0.036,0.046,0.036,0.051,-0.01
0.037,0.036,0.045,0.037,0.051,-0.008
0.037,0.035,0.044,0.037,0.05,-0.006
0.038,0.035,0.043,0.038,0.05,-0.004
0.038,0.035,0.042,0.038,0.05,-0.002
0.038,0.034,0.041,0.038,0.049,0
0.039,0.033,0.04,0.039,0.049,0.002
0.039,0.033,0.039,0.039,0.048,0.004
0.038,0.032,0.037,0.038,0.047,0.006
0.037,0.03,0.036,0.037,0.046,0.008
0.036,0.029,0.033,0.036,0.044,0.01
0.035,0.026,0.031,0.035,0.042,0.011
0.032,0.024,0.028,0.032,0.039,0.012
0.029,0.021,0.024,0.029,0.036,0.012
0.026,0.017,0.02,0.026,0.032,0.012
0.021,0.013,0.015,0.021,0.028,0.011
0.016,0.008,0.01,0.016,0.023,0.009
0.01,0.002,0.004,0.01,0.017,0.006
0.003,-0.005,-0.003,0.003,0.01,0.002
-0.005,-0.013,-0.011,-0.005,0.003,-0.002
-0.014,-0.021,-0.02,-0.014,-0.006,-0.008
-0.024,-0.031,-0.029,-0.024,-0.015,-0.015
-0.035,-0.041,-0.04,-0.035,-0.025,-0.023
-0.047,-0.052,-0.051,-0.047,-0.037,-0.032
-0.06,-0.065,-0.063,-0.06,-0.049,-0.042
-0.074,-0.078,-0.077,-0.074,-0.062,-0.054
-0.089,-0.092,-0.091,-0.089,-0.076,-0.067
-0.105,-0.108,-0.106,-0.105,-0.091,-0.081
-0.122,-0.124,-0.121,-0.122,-0.107,-0.096
-0.14,-0.141,-0.138,-0.14,-0.123,-0.113
-0.159,-0.158,-0.155,-0.159,-0.141,-0.131
-0.178,-0.176,-0.173,-0.178,-0.159,-0.149
-0.199,-0.195,-0.191,-0.199,-0.177,-0.169
-0.219,-0.214,-0.21,-0.219,-0.196,-0.189
-0.24,-0.234,-0.23,-0.24,-0.215,-0.21
-0.261,-0.254,-0.249,-0.261,-0.235,-0.232
-0.283,-0.274,-0.269,-0.283,-0.255,-0.254
-0.304,-0.294,-0.289,-0.304,-0.275,-0.277
-0.326,-0.314,-0.309,-0.326,-0.294,-0.3
-0.347,-0.334,-0.328,-0.347,-0.314,-0.323
-0.368,-0.354,-0.348,-0.368,-0.333,-0.345
-0.389,-0.373,-0.367,-0.389,-0.352,-0.368
-0.409,-0.392,-0.385,-0.409,-0.371,-0.39
-0.428,-0.41,-0.404,-0.428,-0.389,-0.412
-0.447,-0.427,-0.421,-0.447,-0.406,-0.433
-0.465,-0.444,-0.438,-0.465,-0.423,-0.453
-0.482,-0.46,-0.454,-0.482,-0.438,-0.472
-0.498,-0.474,-0.469,-0.498,-0.453,-0.49
-0.512,-0.488,-0.483,-0.512,-0.467,-0.507
-0.526,-0.501,-0.496,-0.526,-0.479,-0.523
-0.539,-0.512,-0.508,-0.539,-0.491,-0.538
-0.55,-0.523,-0.519,-0.55,-0.502,-0.551
-0.56,-0.532,-0.528,-0.56,-0.511,-0.563
-0.569,-0.54,-0.537,-0.569,-0.519,-0.573
-0.576,-0.547,-0.544,-0.576,-0.526,-0.582
-0.582,-0.553,-0.55,-0.582,-0.532,-0.589
-0.587,-0.557,-0.555,-0.587,-0.536,-0.595
-0.591,-0.56,-0.558,-0.591,-0.539,-0.599
-0.593,-0.562,-0.56,-0.593,-0.542,-0.602
-0.594,-0.563,-0.562,-0.594,-0.543,-0.603
-0.594,-0.563,-0.561,-0.594,-0.543,-0.603
-0.593,-0.562,-0.56,-0.593,-0.542,-0.601
-0.591,-0.56,-0.558,-0.591,-0.54,-0.598
-0.588,-0.557,-0.555,-0.588,-0.537,-0.594
-0.584,-0.553,-0.55,-0.584,-0.533,-0.589
-0.58,-0.548,-0.545,-0.58,-0.529,-0.583
-0.574,-0.542,-0.539,-0.574,-0.523,-0.575
-0.568,-0.536,-0.532,-0.568,-0.517,-0.567
-0.561,-0.529,-0.525,-0.561,-0.511,-0.558
-0.554,-0.522,-0.517,-0.554,-0.504,-0.549
-0.547,-0.514,-0.508,-0.547,-0.497,-0.538
-0.539,-0.506,-0.499,-0.539,-0.489,-0.528
-0.531,-0.498,-0.49,-0.531,-0.481,-0.517
-0.522,-0.489,-0.48,-0.522,-0.473,-0.505
-0.514,-0.48,-0.47,-0.514,-0.464,-0.494
-0.505,-0.472,-0.46,-0.505,-0.456,-0.482
-0.497,-0.463,-0.449,-0.497,-0.447,-0.471
-0.488,-0.454,-0.439,-0.488,-0.439,-0.46
-0.479,-0.445,-0.429,-0.479,-0.43,-0.448
-0.471,-0.437,-0.419,-0.471,-0.422,-0.437
-0.462,-0.429,-0.409,-0.462,-0.414,-0.426
-0.454,-0.421,-0.4,-0.454,-0.406,-0.416
-0.446,-0.413,-0.39,-0.446,-0.398,-0.406
-0.438,-0.406,-0.381,-0.438,-0.39,-0.396
-0.43,-0.399,-0.373,-0.43,-0.383,-0.387
-0.423,-0.392,-0.364,-0.423,-0.376,-0.378
-0.415,-0.386,-0.356,-0.415,-0.369,-0.37
-0.408,-0.38,-0.349,-0.408,-0.362,-0.362
-0.4,-0.374,-0.342,-0.4,-0.355,-0.355
-0.393,-0.369,-0.335,-0.393,-0.349,-0.348
-0.386,-0.364,-0.328,-0.386,-0.342,-0.341
-0.379,-0.359,-0.322,-0.379,-0.336,-0.335
-0.372,-0.355,-0.316,-0.372,-0.33,-0.329
-0.364,-0.35,-0.31,-0.364,-0.324,-0.323
-0.357,-0.346,-0.305,-0.357,-0.318,-0.317
-0.35,-0.342,-0.3,-0.35,-0.312,-0.312
-0.342,-0.338,-0.295,-0.342,-0.306,-0.307
-0.334,-0.334,-0.29,-0.334,-0.3,-0.302
-0.326,-0.33,-0.285,-0.326,-0.294,-0.297
-0.318,-0.326,-0.28,-0.318,-0.287,-0.291
-0.31,-0.321,-0.275,-0.31,-0.28,-0.286
-0.301,-0.317,-0.27,-0.301,-0.274,-0.281
-0.292,-0.312,-0.264,-0.292,-0.267,-0.275
-0.282,-0.307,-0.259,-0.282,-0.259,-0.269
-0.273,-0.301,-0.253,-0.273,-0.251,-0.263
-0.263,-0.295,-0.247,-0.263,-0.243,-0.256
-0.252,-0.288,-0.24,-0.252,-0.235,-0.249
-0.242,-0.281,-0.233,-0.242,-0.226,-0.242
-0.231,-0.274,-0.226,-0.231,-0.217,-0.234
-0.219,-0.265,-0.219,-0.219,-0.208,-0.226
-0.208,-0.257,-0.211,-0.208,-0.198,-0.217
-0.196,-0.247,-0.202,-0.196,-0.187,-0.208
-0.184,-0.238,-0.194,-0.184,-0.177,-0.199
-0.172,-0.227,-0.184,-0.172,-0.166,-0.189
-0.16,-0.216,-0.175,-0.16,-0.154,-0.178
-0.147,-0.205,-0.165,-0.147,-0.143,-0.167
-0.135,-0.193,-0.155,-0.135,-0.131,-0.156
-0.122,-0.181,-0.144,-0.122,-0.119,-0.144
-0.11,-0.168,-0.133,-0.11,-0.107,-0.132
-0.097,-0.156,-0.122,-0.097,-0.094,-0.12
-0.085,-0.142,-0.111,-0.085,-0.082,-0.108
-0.073,-0.129,-0.1,-0.073,-0.069,-0.096
-0.061,-0.116,-0.089,-0.061,-0.057,-0.083
-0.05,-0.102,-0.077,-0.05,-0.044,-0.07
-0.039,-0.089,-0.066,-0.039,-0.032,-0.058
-0.028,-0.075,-0.055,-0.028,-0.02,-0.045
-0.018,-0.062,-0.044,-0.018,-0.009,-0.033
-0.008,-0.049,-0.033,-0.008,0.003,-0.021
0.002,-0.036,-0.023,0.002,0.014,-0.009
0.011,-0.024,-0.013,0.011,0.024,0.002
0.019,-0.012,-0.003,0.019,0.034,0.013
0.027,-0.001,0.007,0.027,0.044,0.024
0.034,0.01,0.016,0.034,0.053,0.034
0.04,0.02,0.024,0.04,0.061,0.044
0.046,0.03,0.032,0.046,0.069,0.053
0.051,0.039,0.04,0.051,0.076,0.062
0.056,0.047,0.046,0.056,0.082,0.07
0.06,0.054,0.053,0.06,0.088,0.077
0.063,0.061,0.059,0.063,0.093,0.083
0.066,0.067,0.064,0.066,0.097,0.089
0.068,0.072,0.068,0.068,0.1,0.094
0.069,0.076,0.072,0.069,0.103,0.099
0.07,0.08,0.076,0.07,0.105,0.103
0.071,0.083,0.079,0.071,0.107,0.106
0.071,0.085,0.081,0.071,0.107,0.108
0.071,0.086,0.083,0.071,0.108,0.11
0.07,0.087,0.085,0.07,0.108,0.111
0.069,0.088,0.086,0.069,0.107,0.112
0.068,0.087,0.086,0.068,0.106,0.112
0.066,0.087,0.087,0.066,0.104,0.111
0.064,0.085,0.086,0.064,0.102,0.11
0.063,0.084,0.086,0.063,0.1,0.109
0.061,0.082,0.085,0.061,0.098,0.107
0.059,0.08,0.085,0.059,0.096,0.105
0.057,0.077,0.083,0.057,0.093,0.103
0.056,0.074,0.082,0.056,0.09,0.1
0.054,0.072,0.081,0.054,0.088,0.097
0.052,0.069,0.079,0.052,0.085,0.094
0.051,0.066,0.078,0.051,0.083,0.092
0.05,0.063,0.076,0.05,0.08,0.089
0.049,0.06,0.074,0.049,0.078,0.086
0.048,0.058,0.073,0.048,0.076,0.083
0.048,0.055,0.071,0.048,0.074,0.08
0.047,0.053,0.07,0.047,0.073,0.077
0.047,0.051,0.068,0.047,0.072,0.075
0.048,0.049,0.067,0.048,0.071,0.073
0.048,0.047,0.066,0.048,0.07,0.07
0.049,0.046,0.064,0.049,0.07,0.069
0.05,0.045,0.063,0.05,0.07,0.067
0.051,0.045,0.062,0.051,0.07,0.066
0.052,0.044,0.062,0.052,0.07,0.065
0.054,0.044,0.061,0.054,0.071,0.064
0.056,0.045,0.06,0.056,0.072,0.063
0.057,0.045,0.06,0.057,0.073,0.063
0.059,0.046,0.06,0.059,0.075,0.063
0.061,0.047,0.059,0.061,0.076,0.063
0.063,0.049,0.059,0.063,0.078,0.064
0.065,0.05,0.059,0.065,0.08,0.064
0.067,0.052,0.06,0.067,0.082,0.065
0.069,0.054,0.06,0.069,0.084,0.066
0.071,0.056,0.06,0.071,0.086,0.067
0.073,0.058,0.061,0.073,0.087,0.068
0.075,0.06,0.061,0.075,0.089,0.07
0.076,0.062,0.062,0.076,0.091,0.071
0.078,0.065,0.062,0.078,0.093,0.073
0.08,0.067,0.063,0.08,0.094,0.074
0.081,0.069,0.063,0.081,0.096,0.076
0.082,0.071,0.064,0.082,0.097,0.078
0.083,0.073,0.065,0.083,0.098,0.079
0.084,0.075,0.065,0.084,0.099,0.081
0.085,0.076,0.066,0.085,0.1,0.083
0.086,0.078,0.067,0.086,0.1,0.085
0.086,0.079,0.067,0.086,0.1,0.086
0.087,0.08,0.068,0.087,0.1,0.088
0.087,0.081,0.068,0.087,0.1,0.09
0.087,0.082,0.069,0.087,0.1,0.091
0.087,0.082,0.069,0.087,0.099,0.093
0.087,0.082,0.07,0.087,0.099,0.095
0.087,0.082,0.07,0.087,0.098,0.096
0.087,0.082,0.071,0.087,0.097,0.098
0.087,0.082,0.071,0.087,0.096,0.099
0.087,0.081,0.072,0.087,0.095,0.1
0.086,0.08,0.072,0.086,0.094,0.102
0.086,0.08,0.072,0.086,0.092,0.103
0.085,0.079,0.073,0.085,0.091,0.104
0.085,0.077,0.073,0.085,0.09,0.105
0.085,0.076,0.074,0.085,0.089,0.106
0.084,0.075,0.074,0.084,0.087,0.107
0.084,0.074,0.075,0.084,0.086,0.108
0.083,0.072,0.075,0.083,0.085,0.109
0.083,0.071,0.076,0.083,0.084,0.11
0.082,0.069,0.076,0.082,0.083,0.11
0.082,0.068,0.077,0.082,0.083,0.111
0.082,0.067,0.077,0.082,0.082,0.111
0.081,0.066,0.078,0.081,0.082,0.112
0.081,0.064,0.078,0.081,0.082,0.112
0.08,0.063,0.079,0.08,0.081,0.112
0.08,0.062,0.08,0.08,0.081,0.112
0.08,0.061,0.08,0.08,0.082,0.112
0.079,0.06,0.081,0.079,0.082,0.112
0.079,0.06,0.082,0.079,0.082,0.112
0.079,0.059,0.083,0.079,0.083,0.111
0.078,0.059,0.083,0.078,0.084,0.111
0.078,0.058,0.084,0.078,0.084,0.111
0.078,0.058,0.084,0.078,0.085,0.11
0.078,0.058,0.085,0.078,0.086,0.11
0.077,0.058,0.085,0.077,0.087,0.109
0.077,0.058,0.086,0.077,0.088,0.109
0.077,0.058,0.086,0.077,0.089,0.108
0.077,0.058,0.087,0.077,0.09,0.108
0.077,0.058,0.087,0.077,0.091,0.107
0.077,0.058,0.087,0.077,0.092,0.107
0.077,0.059,0.087,0.077,0.092,0.107
0.077,0.059,0.087,0.077,0.093,0.106
0.078,0.059,0.087,0.078,0.094,0.106
0.078,0.06,0.087,0.078,0.094,0.106
0.078,0.06,0.087,0.078,0.095,0.105
0.078,0.06,0.087,0.078,0.095,0.105
0.078,0.061,0.086,0.078,0.095,0.105
0.079,0.061,0.086,0.079,0.095,0.105
0.079,0.061,0.086,0.079,0.095,0.105
0.079,0.061,0.085,0.079,0.095,0.105
0.079,0.062,0.084,0.079,0.095,0.106
0.079,0.062,0.084,0.079,0.094,0.106
0.08,0.062,0.083,0.08,0.093,0.106
0.08,0.062,0.082,0.08,0.093,0.107
0.08,0.062,0.081,0.08,0.092,0.107
0.08,0.062,0.08,0.08,0.091,0.108
0.08,0.062,0.08,0.08,0.09,0.108
0.08,0.062,0.079,0.08,0.089,0.109
0.079,0.062,0.078,0.079,0.088,0.11
0.079,0.062,0.077,0.079,0.087,0.111
0.079,0.062,0.076,0.079,0.086,0.112
0.078,0.062,0.075,0.078,0.085,0.112
0.078,0.062,0.075,0.078,0.084,0.113
0.077,0.062,0.074,0.077,0.083,0.114
0.077,0.062,0.073,0.077,0.082,0.115
0.076,0.062,0.073,0.076,0.081,0.116
0.075,0.062,0.072,0.075,0.08,0.117
0.075,0.062,0.072,0.075,0.08,0.118
0.074,0.062,0.072,0.074,0.079,0.118
0.073,0.063,0.071,0.073,0.079,0.119
0.072,0.063,0.071,0.072,0.078,0.12
0.071,0.063,0.071,0.071,0.078,0.12
0.07,0.063,0.071,0.07,0.078,0.121
0.07,0.063,0.071,0.07,0.078,0.121
0.069,0.063,0.072,0.069,0.079,0.121
0.068,0.063,0.072,0.068,0.079,0.121
0.067,0.063,0.072,0.067,0.079,0.121
0.067,0.064,0.073,0.067,0.08,0.121
0.066,0.064,0.073,0.066,0.08,0.12
0.066,0.064,0.073,0.066,0.081,0.12
0.066,0.064,0.074,0.066,0.082,0.119
0.066,0.064,0.075,0.066,0.083,0.118
0.066,0.064,0.075,0.066,0.083,0.117
0.066,0.064,0.076,0.066,0.084,0.116
0.066,0.064,0.076,0.066,0.085,0.114
0.066,0.064,0.077,0.066,0.086,0.113
0.067,0.064,0.077,0.067,0.086,0.111
0.068,0.064,0.078,0.068,0.087,0.11
0.068,0.064,0.078,0.068,0.088,0.108
0.069,0.064,0.079,0.069,0.088,0.106
0.07,0.063,0.079,0.07,0.089,0.105
0.072,0.063,0.08,0.072,0.09,0.103
0.073,0.063,0.08,0.073,0.09,0.101
0.074,0.063,0.081,0.074,0.09,0.099
0.076,0.062,0.081,0.076,0.091,0.098
0.077,0.062,0.081,0.077,0.091,0.096
0.078,0.061,0.081,0.078,0.091,0.094
0.08,0.061,0.082,0.08,0.091,0.093
0.081,0.061,0.082,0.081,0.091,0.092
0.083,0.06,0.082,0.083,0.091,0.091
0.084,0.06,0.082,0.084,0.091,0.09
0.086,0.06,0.082,0.086,0.091,0.089
0.087,0.059,0.082,0.087,0.09,0.088
0.088,0.059,0.082,0.088,0.09,0.088
0.089,0.059,0.082,0.089,0.09,0.088
0.091,0.058,0.082,0.091,0.09,0.088
0.091,0.058,0.082,0.091,0.09,0.089
0.092,0.058,0.082,0.092,0.089,0.089
0.093,0.057,0.082,0.093,0.089,0.09
0.094,0.057,0.082,0.094,0.089,0.091
0.094,0.057,0.082,0.094,0.089,0.093
0.094,0.057,0.082,0.094,0.089,0.094
0.094,0.057,0.082,0.094,0.089,0.096
0.095,0.057,0.082,0.095,0.089,0.098
0.094,0.057,0.082,0.094,0.089,0.101
0.094,0.057,0.082,0.094,0.089,0.103
0.094,0.057,0.082,0.094,0.089,0.106
0.093,0.057,0.082,0.093,0.089,0.109
0.093,0.057,0.082,0.093,0.089,0.112
0.092,0.058,0.082,0.092,0.089,0.115
0.091,0.058,0.082,0.091,0.089,0.118
0.09,0.058,0.082,0.09,0.09,0.121
0.09,0.058,0.082,0.09,0.09,0.124
0.089,0.059,0.081,0.089,0.09,0.128
0.088,0.059,0.081,0.088,0.091,0.131
0.087,0.059,0.081,0.087,0.091,0.134
0.086,0.059,0.081,0.086,0.091,0.137
0.085,0.06,0.08,0.085,0.091,0.14
0.084,0.06,0.08,0.084,0.092,0.143
0.083,0.06,0.079,0.083,0.092,0.146
0.082,0.061,0.079,0.082,0.092,0.148
0.081,0.061,0.078,0.081,0.092,0.151
0.08,0.062,0.077,0.08,0.092,0.153
0.079,0.062,0.077,0.079,0.092,0.155
0.078,0.062,0.076,0.078,0.092,0.156
0.078,0.063,0.075,0.078,0.091,0.158
0.077,0.063,0.075,0.077,0.091,0.159
0.077,0.064,0.074,0.077,0.091,0.16
0.076,0.064,0.073,0.076,0.09,0.16
0.076,0.065,0.073,0.076,0.09,0.161
0.076,0.066,0.072,0.076,0.089,0.161
0.076,0.066,0.071,0.076,0.089,0.16
0.076,0.067,0.071,0.076,0.088,0.16
0.076,0.068,0.07,0.076,0.088,0.159
0.076,0.069,0.07,0.076,0.087,0.157
0.076,0.069,0.07,0.076,0.086,0.156
0.076,0.07,0.069,0.076,0.085,0.154
0.077,0.071,0.069,0.077,0.084,0.153
0.077,0.072,0.069,0.077,0.084,0.151
0.078,0.073,0.069,0.078,0.083,0.148
0.078,0.074,0.069,0.078,0.082,0.146
0.079,0.074,0.069,0.079,0.081,0.144
0.08,0.075,0.07,0.08,0.081,0.141
0.08,0.076,0.07,0.08,0.08,0.139
0.081,0.077,0.071,0.081,0.079,0.136
0.082,0.077,0.071,0.082,0.079,0.133
0.082,0.078,0.072,0.082,0.078,0.131
0.083,0.078,0.073,0.083,0.078,0.128
0.084,0.078,0.073,0.084,0.078,0.126
0.085,0.078,0.074,0.085,0.077,0.124
0.085,0.078,0.075,0.085,0.077,0.121
0.086,0.078,0.076,0.086,0.077,0.119
0.086,0.077,0.077,0.086,0.077,0.117
0.087,0.077,0.078,0.087,0.077,0.116
0.087,0.076,0.08,0.087,0.077,0.114
0.088,0.075,0.081,0.088,0.077,0.113
0.088,0.074,0.082,0.088,0.077,0.112
0.089,0.073,0.083,0.089,0.077,0.111
0.089,0.071,0.084,0.089,0.077,0.111
0.089,0.07,0.086,0.089,0.078,0.11
0.089,0.068,0.087,0.089,0.078,0.11
0.089,0.066,0.088,0.089,0.078,0.11
0.089,0.064,0.089,0.089,0.079,0.111
0.089,0.062,0.09,0.089,0.079,0.112
0.089,0.06,0.091,0.089,0.08,0.112
0.088,0.058,0.092,0.088,0.08,0.114
0.088,0.056,0.093,0.088,0.081,0.115
0.088,0.054,0.094,0.088,0.081,0.116
0.088,0.052,0.095,0.088,0.082,0.118
0.087,0.05,0.095,0.087,0.083,0.12
0.087,0.049,0.096,0.087,0.083,0.122
0.087,0.047,0.097,0.087,0.084,0.124
0.086,0.046,0.097,0.086,0.084,0.127
0.086,0.044,0.097,0.086,0.085,0.129
0.086,0.043,0.098,0.086,0.085,0.131
0.085,0.043,0.098,0.085,0.086,0.134
0.085,0.042,0.098,0.085,0.086,0.137
0.085,0.042,0.098,0.085,0.087,0.139
0.085,0.042,0.098,0.085,0.087,0.142
0.085,0.042,0.098,0.085,0.088,0.144
0.085,0.042,0.098,0.085,0.088,0.146
0.085,0.043,0.097,0.085,0.089,0.149
0.085,0.044,0.097,0.085,0.089,0.151
0.085,0.045,0.097,0.085,0.09,0.153
0.085,0.046,0.097,0.085,0.09,0.155
0.085,0.048,0.096,0.085,0.09,0.156
0.085,0.049,0.096,0.085,0.091,0.158
0.085,0.051,0.095,0.085,0.091,0.159
0.085,0.053,0.095,0.085,0.091,0.16
0.085,0.055,0.094,0.085,0.092,0.161
0.086,0.057,0.094,0.086,0.092,0.161
0.086,0.06,0.093,0.086,0.092,0.162
0.086,0.062,0.093,0.086,0.092,0.162
0.086,0.064,0.093,0.086,0.093,0.162
0.087,0.066,0.092,0.087,0.093,0.161
0.087,0.069,0.092,0.087,0.093,0.161
0.087,0.071,0.092,0.087,0.093,0.16
0.087,0.073,0.091,0.087,0.093,0.159
0.087,0.075,0.091,0.087,0.094,0.158
0.088,0.077,0.091,0.088,0.094,0.157
0.088,0.079,0.091,0.088,0.094,0.156
0.088,0.081,0.091,0.088,0.094,0.154
0.088,0.082,0.091,0.088,0.094,0.153
0.088,0.084,0.091,0.088,0.095,0.151
0.089,0.085,0.091,0.089,0.095,0.15
0.089,0.086,0.091,0.089,0.095,0.148
0.089,0.087,0.091,0.089,0.095,0.147
0.089,0.088,0.091,0.089,0.095,0.145
0.09,0.089,0.092,0.09,0.096,0.144
0.09,0.089,0.092,0.09,0.096,0.142
0.09,0.09,0.093,0.09,0.096,0.141
0.091,0.09,0.093,0.091,0.096,0.14
0.091,0.091,0.094,0.091,0.097,0.139
0.091,0.091,0.094,0.091,0.097,0.138
0.092,0.091,0.095,0.092,0.098,0.138
0.092,0.091,0.096,0.092,0.098,0.138
0.093,0.091,0.097,0.093,0.098,0.137
0.094,0.091,0.098,0.094,0.099,0.137
0.095,0.091,0.099,0.095,0.099,0.138
0.096,0.092,0.1,0.096,0.1,0.138
0.096,0.092,0.101,0.096,0.1,0.139
0.097,0.092,0.102,0.097,0.101,0.139
0.099,0.092,0.104,0.099,0.102,0.14
0.1,0.092,0.105,0.1,0.102,0.142
0.101,0.093,0.106,0.101,0.103,0.143
0.102,0.093,0.108,0.102,0.104,0.145
0.103,0.094,0.109,0.103,0.105,0.146
0.105,0.095,0.111,0.105,0.105,0.148
0.106,0.095,0.113,0.106,0.106,0.15
0.108,0.096,0.114,0.108,0.107,0.152
0.109,0.097,0.116,0.109,0.108,0.154
0.111,0.098,0.117,0.111,0.109,0.156
0.112,0.099,0.119,0.112,0.11,0.158
0.114,0.1,0.121,0.114,0.11,0.16
0.115,0.101,0.122,0.115,0.111,0.162
0.116,0.102,0.124,0.116,0.112,0.164
0.118,0.103,0.125,0.118,0.113,0.166
0.119,0.104,0.127,0.119,0.114,0.168
0.121,0.106,0.128,0.121,0.115,0.17
0.122,0.107,0.13,0.122,0.116,0.172
0.123,0.108,0.131,0.123,0.116,0.173
0.124,0.109,0.133,0.124,0.117,0.175
0.125,0.111,0.134,0.125,0.118,0.176
0.126,0.112,0.135,0.126,0.119,0.177
0.127,0.113,0.136,0.127,0.12,0.179
0.128,0.114,0.137,0.128,0.12,0.18
0.128,0.115,0.138,0.128,0.121,0.181
0.129,0.116,0.139,0.129,0.122,0.182
0.129,0.117,0.14,0.129,0.122,0.182
0.13,0.118,0.141,0.13,0.123,0.183
0.13,0.119,0.142,0.13,0.124,0.184
0.13,0.12,0.142,0.13,0.124,0.184
0.13,0.12,0.143,0.13,0.125,0.185
0.13,0.121,0.143,0.13,0.126,0.185
0.13,0.122,0.144,0.13,0.126,0.185
0.13,0.122,0.144,0.13,0.127,0.186
0.13,0.122,0.145,0.13,0.127,0.186
0.13,0.123,0.145,0.13,0.128,0.187
0.13,0.123,0.146,0.13,0.129,0.187
0.129,0.123,0.146,0.129,0.13,0.187
0.129,0.123,0.146,0.129,0.13,0.188
0.128,0.124,0.147,0.128,0.131,0.188
0.128,0.124,0.147,0.128,0.132,0.189
0.128,0.124,0.148,0.128,0.133,0.189
0.127,0.123,0.148,0.127,0.133,0.19
0.127,0.123,0.149,0.127,0.134,0.19
0.127,0.123,0.149,0.127,0.135,0.191
0.126,0.123,0.15,0.126,0.136,0.191
0.126,0.122,0.15,0.126,0.137,0.192
0.126,0.122,0.151,0.126,0.138,0.193
0.126,0.122,0.151,0.126,0.139,0.193
0.126,0.121,0.152,0.126,0.14,0.194
0.126,0.121,0.152,0.126,0.141,0.195
0.126,0.121,0.153,0.126,0.142,0.196
0.126,0.12,0.153,0.126,0.143,0.196
0.127,0.12,0.154,0.127,0.144,0.197
0.127,0.12,0.154,0.127,0.145,0.198
0.127,0.119,0.155,0.127,0.146,0.199
0.128,0.119,0.155,0.128,0.147,0.2
0.128,0.119,0.155,0.128,0.148,0.2
0.129,0.118,0.156,0.129,0.148,0.201
0.13,0.118,0.156,0.13,0.149,0.202
0.131,0.118,0.156,0.131,0.149,0.203
0.132,0.118,0.156,0.132,0.15,0.204
0.133,0.118,0.156,0.133,0.15,0.205
0.134,0.118,0.156,0.134,0.15,0.206
0.135,0.118,0.156,0.135,0.151,0.207
0.136,0.118,0.156,0.136,0.151,0.208
0.137,0.118,0.156,0.137,0.15,0.209
0.138,0.118,0.155,0.138,0.15,0.21
0.139,0.118,0.155,0.139,0.15,0.211
0.14,0.118,0.154,0.14,0.149,0.212
0.141,0.118,0.154,0.141,0.149,0.213
0.143,0.118,0.153,0.143,0.148,0.214
0.144,0.119,0.152,0.144,0.147,0.215
0.145,0.119,0.152,0.145,0.146,0.216
0.146,0.119,0.151,0.146,0.145,0.217
0.147,0.119,0.15,0.147,0.144,0.218
0.148,0.119,0.149,0.148,0.143,0.219
0.149,0.119,0.148,0.149,0.142,0.22
0.15,0.119,0.147,0.15,0.14,0.221
0.151,0.119,0.146,0.151,0.139,0.221
0.152,0.119,0.146,0.152,0.138,0.222
0.152,0.119,0.145,0.152,0.137,0.222
0.153,0.119,0.144,0.153,0.135,0.223
0.153,0.119,0.143,0.153,0.134,0.223
0.154,0.119,0.143,0.154,0.133,0.223
0.154,0.119,0.142,0.154,0.132,0.223
0.155,0.119,0.141,0.155,0.131,0.223
0.155,0.119,0.141,0.155,0.13,0.222
0.155,0.118,0.14,0.155,0.129,0.221
0.155,0.118,0.14,0.155,0.128,0.221
0.155,0.118,0.14,0.155,0.127,0.22
0.155,0.117,0.139,0.155,0.127,0.218
0.155,0.117,0.139,0.155,0.126,0.217
0.154,0.117,0.139,0.154,0.126,0.216
0.154,0.116,0.139,0.154,0.126,0.214
0.153,0.116,0.139,0.153,0.126,0.212
0.153,0.115,0.138,0.153,0.126,0.21
0.152,0.115,0.138,0.152,0.126,0.208
0.151,0.114,0.138,0.151,0.126,0.206
0.15,0.114,0.138,0.15,0.127,0.204
0.149,0.113,0.138,0.149,0.127,0.202
0.148,0.113,0.138,0.148,0.128,0.199
0.147,0.112,0.138,0.147,0.128,0.197
0.146,0.112,0.137,0.146,0.129,0.195
0.145,0.111,0.137,0.145,0.129,0.192
0.143,0.111,0.137,0.143,0.13,0.19
0.142,0.11,0.136,0.142,0.13,0.188
0.14,0.109,0.136,0.14,0.131,0.186
0.139,0.109,0.135,0.139,0.131,0.184
0.137,0.108,0.135,0.137,0.132,0.182
0.135,0.108,0.134,0.135,0.132,0.181
0.133,0.107,0.133,0.133,0.132,0.179
0.132,0.107,0.132,0.132,0.132,0.178
0.13,0.106,0.132,0.13,0.132,0.177
0.128,0.106,0.131,0.128,0.132,0.176
0.126,0.105,0.13,0.126,0.132,0.176
0.124,0.105,0.128,0.124,0.131,0.176
0.122,0.105,0.127,0.122,0.131,0.176
0.121,0.104,0.126,0.121,0.13,0.176
0.119,0.104,0.125,0.119,0.13,0.176
0.117,0.104,0.124,0.117,0.129,0.177
0.116,0.103,0.123,0.116,0.128,0.178
0.114,0.103,0.121,0.114,0.127,0.179
0.113,0.103,0.12,0.113,0.125,0.18
0.111,0.103,0.119,0.111,0.124,0.181
0.11,0.103,0.118,0.11,0.123,0.183
0.109,0.103,0.117,0.109,0.121,0.184
0.108,0.103,0.116,0.108,0.12,0.186
0.108,0.103,0.115,0.108,0.118,0.187
0.107,0.104,0.114,0.107,0.116,0.189
0.107,0.104,0.114,0.107,0.115,0.19
0.107,0.104,0.113,0.107,0.113,0.192
0.107,0.105,0.113,0.107,0.111,0.193
0.107,0.105,0.112,0.107,0.11,0.194
0.107,0.106,0.112,0.107,0.108,0.195
0.107,0.106,0.112,0.107,0.106,0.196
0.108,0.107,0.112,0.108,0.105,0.196
0.109,0.108,0.112,0.109,0.103,0.197
0.11,0.108,0.112,0.11,0.102,0.197
0.111,0.109,0.112,0.111,0.101,0.196
0.112,0.11,0.112,0.112,0.099,0.196
0.113,0.111,0.112,0.113,0.098,0.195
0.114,0.112,0.113,0.114,0.097,0.194
0.115,0.112,0.113,0.115,0.096,0.192
0.117,0.113,0.114,0.117,0.095,0.191
0.118,0.114,0.114,0.118,0.095,0.189
0.12,0.114,0.115,0.12,0.094,0.187
0.121,0.115,0.115,0.121,0.093,0.184
0.123,0.115,0.116,0.123,0.093,0.182
0.124,0.116,0.116,0.124,0.093,0.179
0.125,0.116,0.117,0.125,0.092,0.176
0.126,0.116,0.117,0.126,0.092,0.173
0.127,0.116,0.118,0.127,0.092,0.17
0.129,0.115,0.118,0.129,0.092,0.167
0.129,0.114,0.118,0.129,0.092,0.163
0.13,0.114,0.119,0.13,0.092,0.16
0.131,0.112,0.119,0.131,0.092,0.157
0.131,0.111,0.119,0.131,0.092,0.154
0.132,0.109,0.119,0.132,0.092,0.151
0.132,0.107,0.119,0.132,0.092,0.149
0.132,0.105,0.119,0.132,0.093,0.146
0,0.103,0.119,0,0.093,0.144
0,0.1,0.118,0,0.093,0.142
0,0.097,0.118,0,0.093,0.14
0,0.094,0.117,0,0.093,0
0,0.091,0.117,0,0.093,0
0,0.088,0.116,0,0.093,0
0,0.084,0,0,0.093,0
0,0.081,0,0,0.093,0
0,0.077,0,0,0,0
0,0.074,0,0,0,0
0,0.07,0,0,0,0
0,0.066,0,0,0,0
0,0.062,0,0,0,0
0,0.059,0,0,0,0
0,0.055,0,0,0,0
0,0,0,0,0,0
0,0,0,0,0,0
0,0,0,0,0,0
0,0,0,0,0,0
0,0,0,0,0,0
0,0,0,0,0,0
0,0,0,0,0,0
0,0,0,0,0,0
0,0,0,0,0,0
0,0,0,0,0,0
0,0,0,0,0,0
0,0,0,0,0,0
0,0,0,0,0,0
0,0,0,0,0,0
0,0,0,0,0,0
0,0,0,0,0,0
0,0,0,0,0,0
0,0,0,0,0,0
0,0,0,0,0,0
0,0,0,0,0,0
0,0,0,0,0,0
0,0,0,0,0,0
0,0,0,0,0,0
0,0,0,0,0,0
0,0,0,0,0,0
0,0,0,0,0,0
0,0,0,0,0,0
0,0,0,0,0,0
0,0,0,0,0,0
0,0,0,0,0,0
0,0,0,0,0,0
0,0,0,0,0,0
0,0,0,0,0,0
0,0,0,0,0,0
0,0,0,0,0,0
0,0,0,0,0,0
0,0,0,0,0,0
0,0,0,0,0,0
0,0,0,0,0,0
0,0,0,0,0,0
0,0,0,0,0,0
0,0,0,0,0,0
0,0,0,0,0,0
0,0,0,0,0,0
0,0,0,0,0,0
0,0,0,0,0,0
0,0,0,0,0,0
0,0,0,0,0,0
0,0,0,0,0,0
0,0,0,0,0,0
0,0,0,0,0,0
0,0,0,0,0,0
0,0,0,0,0,0
0,0,0,0,0,0
0,0,0,0,0,0
0,0,0,0,0,0
0,0,0,0,0,0
0,0,0,0,0,0
0,0,0,0,0,0
0,0,0,0,0,0
0,0,0,0,0,0
0,0,0,0,0,0
0,0,0,0,0,0
0,0,0,0,0,0
0,0,0,0,0,0
0,0,0,0,0,0
0,0,0,0,0,0
0,0,0,0,0,0
0,0,0,0,0,0
0,0,0,0,0,0
0,0,0,0,0,0
0,0,0,0,0,0
0,0,0,0,0,0
0,0,0,0,0,0
0,0,0,0,0,0
0,0,0,0,0,0
0,0,0,0,0,0
0,0,0,0,0,0
0,0,0,0,0,0
0,0,0,0,0,0
0,0,0,0,0,0
0,0,0,0,0,0
0,0,0,0,0,0
0,0,0,0,0,0
0,0,0,0,0,0
0,0,0,0,0,0
0,0,0,0,0,0
0,0,0,0,0,0
0,0,0,0,0,0
0,0,0,0,0,0
0,0,0,0,0,0
0,0,0,0,0,0
0,0,0,0,0,0
0,0,0,0,0,0
0,0,0,0,0,0
0,0,0,0,0,0
0,0,0,0,0,0
0,0,0,0,0,0
0,0,0,0,0,0
0,0,0,0,0,0
0,0,0,0,0,0
0,0,0,0,0,0
0,0,0,0,0,0
0,0,0,0,0,0
0,0,0,0,0,0
0,0,0,0,0,0
0,0,0,0,0,0
0,0,0,0,0,0
0,0,0,0,0,0
0,0,0,0,0,0
0,0,0,0,0,0
0,0,0,0,0,0
0,0,0,0,0,0
0,0,0,0,0,0
0,0,0,0,0,0
0,0,0,0,0,0
0,0,0,0,0,0
0,0,0,0,0,0
0,0,0,0,0,0
0,0,0,0,0,0
0,0,0,0,0,0
0,0,0,0,0,0
0,0,0,0,0,0
0,0,0,0,0,0
0,0,0,0,0,0
0,0,0,0,0,0
0,0,0,0,0,0
0,0,0,0,0,0
0,0,0,0,0,0
0,0,0,0,0,0
0,0,0,0,0,0
0,0,0,0,0,0
0,0,0,0,0,0
0,0,0,0,0,0
0,0,0,0,0,0
0,0,0,0,0,0
0,0,0,0,0,0
0,0,0,0,0,0
0,0,0,0,0,0
0,0,0,0,0,0
0,0,0,0,0,0
0,0,0,0,0,0
0,0,0,0,0,0
0,0,0,0,0,0
0,0,0,0,0,0
0,0,0,0,0,0
0,0,0,0,0,0
0,0,0,0,0,0
0,0,0,0,0,0
0,0,0,0,0,0
0,0,0,0,0,0
0,0,0,0,0,0
0,0,0,0,0,0
0,0,0,0,0,0
0,0,0,0,0,0
0,0,0,0,0,0
0,0,0,0,0,0
0,0,0,0,0,0
0,0,0,0,0,0
0,0,0,0,0,0
0,0,0,0,0,0
0,0,0,0,0,0
0,0,0,0,0,0
0,0,0,0,0,0
0,0,0,0,0,0
0,0,0,0,0,0
0,0,0,0,0,0
0,0,0,0,0,0
0,0,0,0,0,0
0,0,0,0,0,0
0,0,0,0,0,0
0,0,0,0,0,0
0,0,0,0,0,0
0,0,0,0,0,0
0,0,0,0,0,0
0,0,0,0,0,0
0,0,0,0,0,0
0,0,0,0,0,0
0,0,0,0,0,0
0,0,0,0,0,0
0,0,0,0,0,0
0,0,0,0,0,0
0,0,0,0,0,0
0,0,0,0,0,0
0,0,0,0,0,0
0,0,0,0,0,0
0,0,0,0,0,0
0,0,0,0,0,0
0,0,0,0,0,0
0,0,0,0,0,0
0,0,0,0,0,0
0,0,0,0,0,0
0,0,0,0,0,0
0,0,0,0,0,0
0,0,0,0,0,0
0,0,0,0,0,0
0,0,0,0,0,0
0,0,0,0,0,0
0,0,0,0,0,0
0,0,0,0,0,0
0,0,0,0,0,0
0,0,0,0,0,0
0,0,0,0,0,0
0,0,0,0,0,0
0,0,0,0,0,0
0,0,0,0,0,0
0,0,0,0,0,0
0,0,0,0,0,0
0,0,0,0,0,0
0,0,0,0,0,0
0,0,0,0,0,0
0,0,0,0,0,0
0,0,0,0,0,0
0,0,0,0,0,0
0,0,0,0,0,0
0,0,0,0,0,0
0,0,0,0,0,0
0,0,0,0,0,0
0,0,0,0,0,0
0,0,0,0,0,0
0,0,0,0,0,0
0,0,0,0,0,0
0,0,0,0,0,0
0,0,0,0,0,0
0,0,0,0,0,0
0,0,0,0,0,0
0,0,0,0,0,0
0,0,0,0,0,0
0,0,0,0,0,0
0,0,0,0,0,0
0,0,0,0,0,0
0,0,0,0,0,0
0,0,0,0,0,0
0,0,0,0,0,0
0,0,0,0,0,0
0,0,0,0,0,0
0,0,0,0,0,0
0,0,0,0,0,0
0,0,0,0,0,0
0,0,0,0,0,0
0,0,0,0,0,0
0,0,0,0,0,0
0,0,0,0,0,0
0,0,0,0,0,0
0,0,0,0,0,0
0,0,0,0,0,0
0,0,0,0,0,0
0,0,0,0,0,0
0,0,0,0,0,0
0,0,0,0,0,0
0,0,0,0,0,0
0,0,0,0,0,0
0,0,0,0,0,0
0,0,0,0,0,0
0,0,0,0,0,0
0,0,0,0,0,0
0,0,0,0,0,0
0,0,0,0,0,0
0,0,0,0,0,0
0,0,0,0,0,0
0,0,0,0,0,0
0,0,0,0,0,0
0,0,0,0,0,0
0,0,0,0,0,0
0,0,0,0,0,0
0,0,0,0,0,0
0,0,0,0,0,0
0,0,0,0,0,0
0,0,0,0,0,0
0,0,0,0,0,0
0,0,0,0,0,0
0,0,0,0,0,0
0,0,0,0,0,0
0,0,0,0,0,0
0,0,0,0,0,0
0,0,0,0,0,0
0,0,0,0,0,0
0,0,0,0,0,0
0,0,0,0,0,0
0,0,0,0,0,0
0,0,0,0,0,0
0,0,0,0,0,0
0,0,0,0,0,0
0,0,0,0,0,0
0,0,0,0,0,0
0,0,0,0,0,0
0,0,0,0,0,0
0,0,0,0,0,0
0,0,0,0,0,0
0,0,0,0,0,0
0,0,0,0,0,0
0,0,0,0,0,0
0,0,0,0,0,0
0,0,0,0,0,0
0,0,0,0,0,0
0,0,0,0,0,0
0,0,0,0,0,0
0,0,0,0,0,0
0,0,0,0,0,0
0,0,0,0,0,0
0,0,0,0,0,0
0,0,0,0,0,0
0,0,0,0,0,0
0,0,0,0,0,0
0,0,0,0,0,0
0,0,0,0,0,0
0,0,0,0,0,0
0,0,0,0,0,0
0,0,0,0,0,0
0,0,0,0,0,0
0,0,0,0,0,0
0,0,0,0,0,0
0,0,0,0,0,0
0,0,0,0,0,0
0,0,0,0,0,0
0,0,0,0,0,0
0,0,0,0,0,0
0,0,0,0,0,0
0,0,0,0,0,0
0,0,0,0,0,0
0,0,0,0,0,0
0,0,0,0,0,0
0,0,0,0,0,0
0,0,0,0,0,0
0,0,0,0,0,0
0,0,0,0,0,0
0,0,0,0,0,0
0,0,0,0,0,0
0,0,0,0,0,0
0,0,0,0,0,0
0,0,0,0,0,0
0,0,0,0,0,0
0,0,0,0,0,0
0,0,0,0,0,0
0,0,0,0,0,0
0,0,0,0,0,0
0,0,0,0,0,0
0,0,0,0,0,0
0,0,0,0,0,0
0,0,0,0,0,0
0,0,0,0,0,0
0,0,0,0,0,0
0,0,0,0,0,0
0,0,0,0,0,0
0,0,0,0,0,0
0,0,0,0,0,0
0,0,0,0,0,0
0,0,0,0,0,0
0,0,0,0,0,0
0,0,0,0,0,0
0,0,0,0,0,0
0,0,0,0,0,0
0,0,0,0,0,0
0,0,0,0,0,0
0,0,0,0,0,0
0,0,0,0,0,0
0,0,0,0,0,0
0,0,0,0,0,0
0,0,0,0,0,0
0,0,0,0,0,0
0,0,0,0,0,0
0,0,0,0,0,0
0,0,0,0,0,0
0,0,0,0,0,0
0,0,0,0,0,0
0,0,0,0,0,0
0,0,0,0,0,0
0,0,0,0,0,0
0,0,0,0,0,0
0,0,0,0,0,0
0,0,0,0,0,0
0,0,0,0,0,0
0,0,0,0,0,0
0,0,0,0,0,0
0,0,0,0,0,0
0,0,0,0,0,0
0,0,0,0,0,0
0,0,0,0,0,0
0,0,0,0,0,0
0,0,0,0,0,0
0,0,0,0,0,0
0,0,0,0,0,0
0,0,0,0,0,0
0,0,0,0,0,0
0,0,0,0,0,0
0,0,0,0,0,0
0,0,0,0,0,0
0,0,0,0,0,0
0,0,0,0,0,0
0,0,0,0,0,0
0,0,0,0,0,0
0,0,0,0,0,0
0,0,0,0,0,0
0,0,0,0,0,0
0,0,0,0,0,0
0,0,0,0,0,0
0,0,0,0,0,0
0,0,0,0,0,0
0,0,0,0,0,0
0,0,0,0,0,0
0,0,0,0,0,0
0,0,0,0,0,0
0,0,0,0,0,0
0,0,0,0,0,0
0,0,0,0,0,0
0,0,0,0,0,0
0,0,0,0,0,0
0,0,0,0,0,0
0,0,0,0,0,0
0,0,0,0,0,0
0,0,0,0,0,0
0,0,0,0,0,0
0,0,0,0,0,0
0,0,0,0,0,0
0,0,0,0,0,0
0,0,0,0,0,0
0,0,0,0,0,0
0,0,0,0,0,0
0,0,0,0,0,0
0,0,0,0,0,0
0,0,0,0,0,0
0,0,0,0,0,0
0,0,0,0,0,0
0,0,0,0,0,0
0,0,0,0,0,0
0,0,0,0,0,0
0,0,0,0,0,0
0,0,0,0,0,0
0,0,0,0,0,0
0,0,0,0,0,0
0,0,0,0,0,0
0,0,0,0,0,0
0,0,0,0,0,0
0,0,0,0,0,0
0,0,0,0,0,0
0,0,0,0,0,0
0,0,0,0,0,0
0,0,0,0,0,0
0,0,0,0,0,0
0,0,0,0,0,0
0,0,0,0,0,0
0,0,0,0,0,0
0,0,0,0,0,0
0,0,0,0,0,0
0,0,0,0,0,0
0,0,0,0,0,0
0,0,0,0,0,0
0,0,0,0,0,0
0,0,0,0,0,0
0,0,0,0,0,0
0,0,0,0,0,0
0,0,0,0,0,0
0,0,0,0,0,0
0,0,0,0,0,0
0,0,0,0,0,0
0,0,0,0,0,0
0,0,0,0,0,0
0,0,0,0,0,0
0,0,0,0,0,0
0,0,0,0,0,0
0,0,0,0,0,0
0,0,0,0,0,0
0,0,0,0,0,0
0,0,0,0,0,0
0,0,0,0,0,0
0,0,0,0,0,0
0,0,0,0,0,0
0,0,0,0,0,0
0,0,0,0,0,0
0,0,0,0,0,0
0,0,0,0,0,0
0,0,0,0,0,0
0,0,0,0,0,0
0,0,0,0,0,0
0,0,0,0,0,0
0,0,0,0,0,0
0,0,0,0,0,0
