0,0,0.002,0,0.012,0
0,-0.001,0.001,0,0.012,0
0,-0.001,0.001,0,0.012,0
0,-0.001,0,0,0.012,0
0,-0.001,0,0,0.012,0
0,-0.001,-0.001,0,0.012,0
0,-0.001,-0.001,0,0.013,0
0,-0.001,-0.002,0,0.013,0
0,-0.001,-0.003,0,0.013,0
0,-0.001,-0.003,0,0.013,-0.001
0,0,-0.004,0,0.013,-0.001
0,0,-0.004,0,0.013,-0.001
0,0,-0.005,0,0.013,-0.001
0,0.001,-0.005,0,0.013,-0.001
0.001,0.001,-0.006,0.001,0.013,-0.001
0.001,0.001,-0.006,0.001,0.013,-0.001
0.001,0.002,-0.006,0.001,0.013,-0.001
0.001,0.002,-0.007,0.001,0.013,-0.002
0.001,0.003,-0.007,0.001,0.013,-0.002
0.001,0.003,-0.007,0.001,0.013,-0.002
0.001,0.003,-0.007,0.001,0.013,-0.002
0.001,0.004,-0.007,0.001,0.013,-0.002
0.002,0.004,-0.007,0.002,0.013,-0.002
0.002,0.004,-0.007,0.002,0.013,-0.002
0.002,0.004,-0.007,0.002,0.013,-0.002
0.002,0.005,-0.007,0.002,0.012,-0.003
0.003,0.005,-0.007,0.003,0.012,-0.003
0.003,0.005,-0.007,0.003,0.012,-0.003
0.003,0.005,-0.007,0.003,0.012,-0.003
0.003,0.005,-0.007,0.003,0.012,-0.003
0.004,0.005,-0.007,0.004,0.011,-0.004
0.004,0.005,-0.007,0.004,0.011,-0.004
0.004,0.005,-0.006,0.004,0.011,-0.004
0.004,0.005,-0.006,0.004,0.011,-0.004
0.005,0.004,-0.006,0.005,0.011,-0.004
0.005,0.004,-0.006,0.005,0.011,-0.005
0.005,0.004,-0.006,0.005,0.011,-0.005
0.005,0.003,-0.006,0.005,0.011,-0.005
0.005,0.003,-0.006,0.005,0.011,-0.005
0.005,0.002,-0.005,0.005,0.011,-0.005
0.005,0.002,-0.005,0.005,0.011,-0.006
0.005,0.001,-0.005,0.005,0.011,-0.006
0.005,0.001,-0.005,0.005,0.011,-0.006
0.005,0,-0.005,0.005,0.011,-0.006
0.005,-0.001,-0.005,0.005,0.011,-0.007
0.005,-0.001,-0.006,0.005,0.011,-0.007
0.005,-0.002,-0.006,0.005,0.012,-0.007
0.004,-0.003,-0.006,0.004,0.012,-0.007
0.004,-0.003,-0.006,0.004,0.012,-0.007
0.004,-0.004,-0.006,0.004,0.013,-0.007
0.003,-0.005,-0.007,0.003,0.013,-0.008
0.003,-0.005,-0.007,0.003,0.013,-0.008
0.003,-0.006,-0.007,0.003,0.014,-0.008
0.002,-0.006,-0.008,0.002,0.014,-0.008
0.002,-0.007,-0.008,0.002,0.014,-0.008
0.002,-0.007,-0.009,0.002,0.015,-0.008
0.001,-0.008,-0.009,0.001,0.015,-0.008
0.001,-0.008,-0.01,0.001,0.015,-0.008
0.001,-0.008,-0.01,0.001,0.016,-0.007
0,-0.008,-0.011,0,0.016,-0.007
0,-0.008,-0.011,0,0.016,-0.007
0,-0.008,-0.012,0,0.016,-0.007
-0.001,-0.008,-0.013,-0.001,0.016,-0.006
-0.001,-0.008,-0.013,-0.001,0.016,-0.006
-0.001,-0.008,-0.014,-0.001,0.016,-0.006
-0.001,-0.007,-0.014,-0.001,0.016,-0.005
-0.001,-0.007,-0.015,-0.001,0.016,-0.005
-0.001,-0.007,-0.015,-0.001,0.016,-0.005
-0.001,-0.006,-0.016,-0.001,0.016,-0.004
-0.001,-0.005,-0.016,-0.001,0.016,-0.004
-0.001,-0.005,-0.017,-0.001,0.015,-0.004
-0.001,-0.004,-0.017,-0.001,0.015,-0.003
-0.001,-0.004,-0.017,-0.001,0.015,-0.003
0,-0.003,-0.017,0,0.015,-0.002
0,-0.002,-0.018,0,0.014,-0.002
0,-0.002,-0.018,0,0.014,-0.002
0,-0.001,-0.018,0,0.014,-0.001
0.001,0,-0.018,0.001,0.013,-0.001
0.001,0,-0.018,0.001,0.013,-0.001
0.001,0.001,-0.017,0.001,0.013,-0.001
0.002,0.002,-0.017,0.002,0.013,0
0.002,0.002,-0.017,0.002,0.012,0
0.002,0.003,-0.017,0.002,0.012,0
0.003,0.003,-0.016,0.003,0.012,0
0.003,0.003,-0.016,0.003,0.012,0
0.003,0.004,-0.015,0.003,0.012,0
0.003,0.004,-0.014,0.003,0.011,0
0.003,0.004,-0.014,0.003,0.011,0
0.003,0.005,-0.013,0.003,0.011,0
0.003,0.005,-0.012,0.003,0.011,0
0.003,0.005,-0.011,0.003,0.011,0
0.003,0.005,-0.01,0.003,0.011,0
0.003,0.005,-0.01,0.003,0.011,0
0.003,0.005,-0.009,0.003,0.011,0
0.003,0.005,-0.008,0.003,0.011,-0.001
0.003,0.005,-0.007,0.003,0.011,-0.001
0.002,0.005,-0.006,0.002,0.012,-0.001
0.002,0.004,-0.005,0.002,0.012,-0.001
0.002,0.004,-0.004,0.002,0.012,-0.001
0.002,0.004,-0.003,0.002,0.012,-0.001
0.001,0.004,-0.002,0.001,0.012,-0.001
0.001,0.004,-0.001,0.001,0.012,-0.001
0,0.004,-0.001,0,0.012,-0.001
0,0.003,0,0,0.011,-0.001
0,0.003,0.001,0,0.011,-0.001
-0.001,0.003,0.002,-0.001,0.011,-0.001
-0.001,0.003,0.002,-0.001,0.011,-0.002
-0.002,0.003,0.003,-0.002,0.011,-0.002
-0.002,0.003,0.003,-0.002,0.011,-0.002
-0.002,0.002,0.004,-0.002,0.01,-0.002
-0.002,0.002,0.004,-0.002,0.01,-0.001
-0.003,0.002,0.004,-0.003,0.01,-0.001
-0.003,0.002,0.005,-0.003,0.009,-0.001
-0.003,0.002,0.005,-0.003,0.009,-0.001
-0.003,0.002,0.005,-0.003,0.009,-0.001
-0.003,0.002,0.005,-0.003,0.008,-0.001
-0.003,0.002,0.005,-0.003,0.008,-0.001
-0.003,0.002,0.005,-0.003,0.007,-0.001
-0.003,0.002,0.005,-0.003,0.007,-0.001
-0.003,0.001,0.005,-0.003,0.007,-0.001
-0.002,0.001,0.005,-0.002,0.006,-0.001
-0.002,0.001,0.004,-0.002,0.006,-0.001
-0.002,0.001,0.004,-0.002,0.005,0
-0.001,0.001,0.004,-0.001,0.005,0
-0.001,0.001,0.004,-0.001,0.005,0
-0.001,0.001,0.003,-0.001,0.004,0
0,0.001,0.003,0,0.004,0
0,0.001,0.003,0,0.004,0.001
0.001,0.001,0.003,0.001,0.004,0.001
0.001,0.001,0.003,0.001,0.003,0.001
0.001,0.001,0.002,0.001,0.003,0.001
0.002,0.001,0.002,0.002,0.003,0.002
0.002,0,0.002,0.002,0.003,0.002
0.002,0,0.002,0.002,0.003,0.002
0.003,0,0.002,0.003,0.003,0.002
0.003,0,0.002,0.003,0.003,0.003
0.003,0,0.002,0.003,0.004,0.003
0.004,0,0.002,0.004,0.004,0.003
0.004,0,0.002,0.004,0.004,0.004
0.004,0,0.002,0.004,0.004,0.004
0.004,0,0.002,0.004,0.004,0.004
0.004,0,0.003,0.004,0.005,0.004
0.005,0,0.003,0.005,0.005,0.005
0.005,0,0.003,0.005,0.005,0.005
0.005,0,0.004,0.005,0.006,0.005
0.005,0,0.004,0.005,0.006,0.005
0.005,0,0.005,0.005,0.007,0.005
0.005,0,0.005,0.005,0.007,0.005
0.005,-0.001,0.006,0.005,0.007,0.006
0.005,-0.001,0.006,0.005,0.008,0.006
0.005,-0.001,0.007,0.005,0.008,0.006
0.005,-0.001,0.008,0.005,0.008,0.006
0.005,-0.001,0.008,0.005,0.009,0.005
0.005,-0.001,0.009,0.005,0.009,0.005
0.005,-0.002,0.01,0.005,0.009,0.005
0.005,-0.002,0.01,0.005,0.009,0.005
0.005,-0.002,0.011,0.005,0.01,0.005
0.005,-0.002,0.011,0.005,0.01,0.004
0.005,-0.003,0.012,0.005,0.01,0.004
0.005,-0.003,0.013,0.005,0.01,0.004
0.005,-0.003,0.013,0.005,0.01,0.003
0.006,-0.004,0.013,0.006,0.01,0.003
0.006,-0.004,0.014,0.006,0.01,0.002
0.006,-0.005,0.014,0.006,0.01,0.002
0.006,-0.005,0.015,0.006,0.01,0.001
0.007,-0.005,0.015,0.007,0.009,0.001
0.007,-0.006,0.015,0.007,0.009,0
0.007,-0.006,0.015,0.007,0.009,0
0.008,-0.006,0.015,0.008,0.008,-0.001
0.008,-0.006,0.015,0.008,0.008,-0.002
0.009,-0.007,0.015,0.009,0.008,-0.002
0.009,-0.007,0.015,0.009,0.007,-0.003
0.009,-0.007,0.014,0.009,0.007,-0.004
0.01,-0.007,0.014,0.01,0.006,-0.004
0.01,-0.007,0.014,0.01,0.006,-0.005
0.01,-0.007,0.013,0.01,0.005,-0.006
0.011,-0.007,0.013,0.011,0.005,-0.006
0.011,-0.007,0.012,0.011,0.004,-0.007
0.011,-0.007,0.011,0.011,0.003,-0.008
0.011,-0.007,0.01,0.011,0.003,-0.008
0.011,-0.006,0.01,0.011,0.002,-0.009
0.011,-0.006,0.009,0.011,0.002,-0.009
0.012,-0.006,0.008,0.012,0.001,-0.01
0.011,-0.005,0.007,0.011,0.001,-0.01
0.011,-0.005,0.006,0.011,0,-0.011
0.011,-0.004,0.005,0.011,0,-0.011
0.011,-0.004,0.004,0.011,-0.001,-0.011
0.011,-0.003,0.003,0.011,-0.001,-0.012
0.011,-0.003,0.002,0.011,-0.002,-0.012
0.01,-0.002,0.001,0.01,-0.002,-0.012
0.01,-0.002,0,0.01,-0.002,-0.013
0.009,-0.001,-0.001,0.009,-0.003,-0.013
0.009,-0.001,-0.002,0.009,-0.003,-0.013
0.008,0,-0.003,0.008,-0.003,-0.013
0.008,0,-0.004,0.008,-0.003,-0.013
0.007,0.001,-0.005,0.007,-0.003,-0.013
0.007,0.001,-0.006,0.007,-0.003,-0.013
0.006,0.002,-0.007,0.006,-0.003,-0.013
0.005,0.002,-0.008,0.005,-0.003,-0.013
0.005,0.003,-0.008,0.005,-0.003,-0.013
0.004,0.003,-0.009,0.004,-0.003,-0.013
0.003,0.004,-0.01,0.003,-0.002,-0.013
0.003,0.004,-0.011,0.003,-0.002,-0.013
0.002,0.004,-0.011,0.002,-0.002,-0.013
0.002,0.005,-0.012,0.002,-0.001,-0.012
0.001,0.005,-0.013,0.001,-0.001,-0.012
0.001,0.005,-0.013,0.001,-0.001,-0.012
0,0.005,-0.014,0,0,-0.012
0,0.006,-0.014,0,0,-0.011
0,0.006,-0.014,0,0.001,-0.011
0,0.006,-0.015,0,0.001,-0.01
-0.001,0.006,-0.015,-0.001,0.001,-0.01
-0.001,0.006,-0.015,-0.001,0.002,-0.01
-0.001,0.005,-0.015,-0.001,0.002,-0.009
-0.001,0.005,-0.015,-0.001,0.003,-0.009
-0.001,0.005,-0.016,-0.001,0.003,-0.008
-0.001,0.005,-0.015,-0.001,0.003,-0.008
0,0.005,-0.015,0,0.004,-0.007
0,0.004,-0.015,0,0.004,-0.007
0,0.004,-0.015,0,0.004,-0.006
0.001,0.003,-0.015,0.001,0.004,-0.006
0.001,0.003,-0.014,0.001,0.004,-0.005
0.002,0.003,-0.014,0.002,0.005,-0.005
0.002,0.002,-0.013,0.002,0.005,-0.004
0.003,0.002,-0.013,0.003,0.005,-0.004
0.003,0.001,-0.012,0.003,0.005,-0.003
0.004,0.001,-0.011,0.004,0.005,-0.003
0.005,0,-0.011,0.005,0.005,-0.002
0.005,0,-0.01,0.005,0.005,-0.002
0.006,-0.001,-0.009,0.006,0.005,-0.002
0.006,-0.001,-0.008,0.006,0.005,-0.001
0.007,-0.001,-0.007,0.007,0.005,-0.001
0.008,-0.002,-0.006,0.008,0.004,-0.001
0.008,-0.002,-0.006,0.008,0.004,0
0.009,-0.002,-0.005,0.009,0.004,0
0.009,-0.003,-0.004,0.009,0.004,0
0.01,-0.003,-0.003,0.01,0.004,0
0.01,-0.003,-0.002,0.01,0.003,0.001
0.01,-0.003,-0.002,0.01,0.003,0.001
0.011,-0.003,-0.001,0.011,0.003,0.001
0.011,-0.003,0,0.011,0.003,0.001
0.011,-0.003,0,0.011,0.002,0.001
0.011,-0.003,0,0.011,0.002,0.001
0.011,-0.003,0.001,0.011,0.002,0.001
0.011,-0.002,0.001,0.011,0.002,0.001
0.011,-0.002,0.001,0.011,0.001,0.002
0.01,-0.002,0.001,0.01,0.001,0.002
0.01,-0.002,0.001,0.01,0.001,0.002
0.01,-0.001,0,0.01,0,0.002
0.009,-0.001,0,0.009,0,0.002
0.009,-0.001,-0.001,0.009,0,0.002
0.008,-0.001,-0.001,0.008,0,0.003
0.008,0,-0.002,0.008,-0.001,0.003
0.007,0,-0.003,0.007,-0.001,0.003
0.007,0,-0.004,0.007,-0.001,0.003
0.006,0,-0.005,0.006,-0.002,0.004
0.005,0,-0.006,0.005,-0.002,0.004
0.005,0,-0.007,0.005,-0.002,0.004
0.004,0,-0.008,0.004,-0.002,0.004
0.004,0,-0.009,0.004,-0.003,0.005
0.003,0,-0.01,0.003,-0.003,0.005
0.002,0,-0.011,0.002,-0.003,0.005
0.002,0,-0.012,0.002,-0.003,0.006
0.002,0,-0.013,0.002,-0.004,0.006
0.001,-0.001,-0.014,0.001,-0.004,0.006
0.001,-0.001,-0.015,0.001,-0.004,0.006
0.001,-0.001,-0.016,0.001,-0.004,0.006
0.001,-0.002,-0.016,0.001,-0.005,0.007
0.001,-0.003,-0.017,0.001,-0.005,0.007
0,-0.003,-0.017,0,-0.005,0.007
0.001,-0.004,-0.018,0.001,-0.005,0.007
0.001,-0.005,-0.018,0.001,-0.005,0.007
0.001,-0.005,-0.018,0.001,-0.005,0.007
0.001,-0.006,-0.018,0.001,-0.006,0.006
0.002,-0.007,-0.018,0.002,-0.006,0.006
0.002,-0.008,-0.018,0.002,-0.006,0.006
0.002,-0.009,-0.018,0.002,-0.006,0.006
0.003,-0.009,-0.018,0.003,-0.006,0.005
0.003,-0.01,-0.018,0.003,-0.006,0.005
0.004,-0.011,-0.017,0.004,-0.006,0.004
0.005,-0.012,-0.017,0.005,-0.006,0.004
0.005,-0.012,-0.016,0.005,-0.006,0.003
0.006,-0.013,-0.016,0.006,-0.006,0.002
0.006,-0.014,-0.015,0.006,-0.006,0.002
0.007,-0.014,-0.015,0.007,-0.006,0.001
0.007,-0.015,-0.015,0.007,-0.006,0
0.008,-0.015,-0.014,0.008,-0.006,-0.001
0.009,-0.016,-0.014,0.009,-0.006,-0.002
0.009,-0.016,-0.013,0.009,-0.006,-0.002
0.009,-0.016,-0.013,0.009,-0.006,-0.003
0.01,-0.016,-0.013,0.01,-0.006,-0.004
0.01,-0.017,-0.012,0.01,-0.006,-0.005
0.01,-0.017,-0.012,0.01,-0.006,-0.006
0.011,-0.017,-0.012,0.011,-0.006,-0.006
0.011,-0.017,-0.012,0.011,-0.006,-0.007
0.011,-0.016,-0.012,0.011,-0.006,-0.008
0.011,-0.016,-0.012,0.011,-0.006,-0.008
0.011,-0.016,-0.012,0.011,-0.006,-0.009
0.011,-0.016,-0.012,0.011,-0.006,-0.01
0.011,-0.016,-0.013,0.011,-0.006,-0.01
0.011,-0.015,-0.013,0.011,-0.005,-0.01
0.011,-0.015,-0.013,0.011,-0.005,-0.011
0.011,-0.015,-0.014,0.011,-0.005,-0.011
0.01,-0.014,-0.014,0.01,-0.005,-0.011
0.01,-0.014,-0.014,0.01,-0.005,-0.011
0.01,-0.014,-0.015,0.01,-0.005,-0.011
0.01,-0.013,-0.015,0.01,-0.004,-0.011
0.009,-0.013,-0.016,0.009,-0.004,-0.011
0.009,-0.013,-0.016,0.009,-0.004,-0.011
0.009,-0.012,-0.017,0.009,-0.004,-0.01
0.008,-0.012,-0.017,0.008,-0.004,-0.01
0.008,-0.012,-0.017,0.008,-0.004,-0.009
0.008,-0.012,-0.017,0.008,-0.004,-0.009
0.007,-0.011,-0.018,0.007,-0.004,-0.008
0.007,-0.011,-0.018,0.007,-0.004,-0.007
0.007,-0.011,-0.018,0.007,-0.003,-0.007
0.007,-0.011,-0.018,0.007,-0.003,-0.006
0.007,-0.011,-0.018,0.007,-0.003,-0.005
0.006,-0.01,-0.018,0.006,-0.003,-0.004
0.006,-0.01,-0.018,0.006,-0.003,-0.003
0.006,-0.01,-0.018,0.006,-0.003,-0.002
0.006,-0.01,-0.017,0.006,-0.003,-0.001
0.006,-0.01,-0.017,0.006,-0.003,-0.001
0.006,-0.009,-0.017,0.006,-0.003,0
0.006,-0.009,-0.016,0.006,-0.003,0.001
0.007,-0.009,-0.016,0.007,-0.004,0.002
0.007,-0.009,-0.015,0.007,-0.004,0.003
0.007,-0.009,-0.014,0.007,-0.004,0.004
0.007,-0.008,-0.014,0.007,-0.004,0.005
0.007,-0.008,-0.013,0.007,-0.004,0.005
0.008,-0.008,-0.012,0.008,-0.004,0.006
0.008,-0.008,-0.011,0.008,-0.004,0.007
0.008,-0.007,-0.01,0.008,-0.004,0.007
0.009,-0.007,-0.009,0.009,-0.004,0.008
0.009,-0.007,-0.008,0.009,-0.004,0.008
0.009,-0.006,-0.007,0.009,-0.004,0.009
0.01,-0.006,-0.007,0.01,-0.004,0.009
0.01,-0.006,-0.006,0.01,-0.004,0.009
0.01,-0.005,-0.005,0.01,-0.004,0.01
0.011,-0.005,-0.004,0.011,-0.004,0.01
0.011,-0.004,-0.003,0.011,-0.004,0.01
0.011,-0.004,-0.002,0.011,-0.004,0.01
0.011,-0.004,-0.001,0.011,-0.004,0.01
0.012,-0.003,0,0.012,-0.004,0.01
0.012,-0.003,0,0.012,-0.003,0.01
0.012,-0.002,0.001,0.012,-0.003,0.01
0.012,-0.002,0.002,0.012,-0.003,0.01
0.012,-0.002,0.002,0.012,-0.003,0.01
0.013,-0.001,0.003,0.013,-0.003,0.01
0.013,-0.001,0.003,0.013,-0.003,0.01
0.013,0,0.004,0.013,-0.002,0.01
0.013,0,0.004,0.013,-0.002,0.01
0.013,0,0.004,0.013,-0.002,0.01
0.013,0.001,0.004,0.013,-0.002,0.01
0.013,0.001,0.004,0.013,-0.002,0.01
0.012,0.002,0.004,0.012,-0.001,0.01
0.012,0.002,0.004,0.012,-0.001,0.01
0.012,0.002,0.004,0.012,-0.001,0.01
0.012,0.003,0.004,0.012,-0.001,0.01
0.012,0.003,0.004,0.012,-0.001,0.01
0.012,0.004,0.003,0.012,0,0.011
0.012,0.004,0.003,0.012,0,0.011
0.012,0.005,0.002,0.012,0,0.011
0.012,0.005,0.002,0.012,0,0.012
0.012,0.006,0.001,0.012,0,0.012
0.011,0.006,0,0.011,0,0.012
0.011,0.006,-0.001,0.011,0,0.013
0.011,0.007,-0.001,0.011,0,0.013
0.012,0.007,-0.002,0.012,0.001,0.014
0.012,0.008,-0.003,0.012,0.001,0.015
0.012,0.008,-0.004,0.012,0.001,0.015
0.012,0.008,-0.005,0.012,0.001,0.016
0.012,0.009,-0.006,0.012,0.001,0.016
0.012,0.009,-0.007,0.012,0.001,0.017
0.012,0.009,-0.008,0.012,0.001,0.018
0.013,0.009,-0.008,0.013,0.001,0.018
0.013,0.009,-0.009,0.013,0.001,0.019
0.013,0.009,-0.01,0.013,0.001,0.019
0.013,0.009,-0.011,0.013,0.002,0.02
0.013,0.009,-0.011,0.013,0.002,0.02
0.014,0.008,-0.012,0.014,0.002,0.021
0.014,0.008,-0.013,0.014,0.002,0.021
0.014,0.007,-0.013,0.014,0.002,0.021
0.014,0.007,-0.013,0.014,0.003,0.022
0.014,0.006,-0.014,0.014,0.003,0.022
0.014,0.006,-0.014,0.014,0.003,0.022
0.014,0.005,-0.014,0.014,0.003,0.022
0.014,0.004,-0.014,0.014,0.004,0.022
0.014,0.003,-0.014,0.014,0.004,0.022
0.014,0.002,-0.014,0.014,0.005,0.022
0.014,0.001,-0.013,0.014,0.005,0.021
0.014,0,-0.013,0.014,0.005,0.021
0.013,-0.001,-0.013,0.013,0.006,0.021
0.013,-0.002,-0.012,0.013,0.006,0.02
0.012,-0.003,-0.012,0.012,0.007,0.02
0.012,-0.004,-0.011,0.012,0.007,0.019
0.011,-0.004,-0.01,0.011,0.008,0.018
0.01,-0.005,-0.01,0.01,0.008,0.018
0.01,-0.006,-0.009,0.01,0.009,0.017
0.009,-0.007,-0.008,0.009,0.009,0.016
0.008,-0.007,-0.008,0.008,0.01,0.015
0.007,-0.008,-0.007,0.007,0.01,0.014
0.006,-0.008,-0.007,0.006,0.011,0.013
0.005,-0.009,-0.006,0.005,0.011,0.012
0.004,-0.009,-0.006,0.004,0.011,0.011
0.003,-0.009,-0.006,0.003,0.012,0.01
0.002,-0.009,-0.006,0.002,0.012,0.009
0,-0.009,-0.006,0,0.012,0.008
-0.001,-0.009,-0.006,-0.001,0.012,0.007
-0.002,-0.009,-0.006,-0.002,0.012,0.006
-0.003,-0.009,-0.007,-0.003,0.012,0.005
-0.005,-0.009,-0.007,-0.005,0.012,0.004
-0.006,-0.008,-0.008,-0.006,0.012,0.003
-0.007,-0.008,-0.009,-0.007,0.012,0.002
-0.008,-0.008,-0.01,-0.008,0.011,0.001
-0.009,-0.007,-0.011,-0.009,0.011,0
-0.011,-0.007,-0.012,-0.011,0.01,-0.001
-0.012,-0.007,-0.013,-0.012,0.01,-0.002
-0.013,-0.007,-0.015,-0.013,0.009,-0.003
-0.014,-0.006,-0.016,-0.014,0.009,-0.004
-0.016,-0.006,-0.018,-0.016,0.008,-0.004
-0.017,-0.006,-0.019,-0.017,0.007,-0.005
-0.018,-0.006,-0.021,-0.018,0.006,-0.006
-0.019,-0.006,-0.023,-0.019,0.005,-0.007
-0.02,-0.006,-0.025,-0.02,0.004,-0.008
-0.021,-0.007,-0.026,-0.021,0.003,-0.009
-0.022,-0.007,-0.028,-0.022,0.002,-0.009
-0.024,-0.007,-0.03,-0.024,0,-0.01
-0.025,-0.008,-0.032,-0.025,-0.001,-0.011
-0.026,-0.009,-0.033,-0.026,-0.003,-0.012
-0.026,-0.01,-0.035,-0.026,-0.004,-0.013
-0.027,-0.011,-0.036,-0.027,-0.006,-0.014
-0.028,-0.012,-0.038,-0.028,-0.007,-0.015
-0.029,-0.013,-0.039,-0.029,-0.009,-0.016
-0.03,-0.014,-0.041,-0.03,-0.011,-0.017
-0.03,-0.015,-0.042,-0.03,-0.012,-0.019
-0.031,-0.017,-0.043,-0.031,-0.014,-0.02
-0.031,-0.018,-0.044,-0.031,-0.016,-0.021
-0.032,-0.019,-0.045,-0.032,-0.018,-0.023
-0.032,-0.021,-0.046,-0.032,-0.02,-0.024
-0.032,-0.022,-0.046,-0.032,-0.022,-0.025
-0.033,-0.024,-0.047,-0.033,-0.024,-0.027
-0.033,-0.026,-0.047,-0.033,-0.026,-0.028
-0.033,-0.027,-0.048,-0.033,-0.028,-0.029
-0.033,-0.029,-0.048,-0.033,-0.03,-0.031
-0.032,-0.03,-0.048,-0.032,-0.032,-0.032
-0.032,-0.032,-0.048,-0.032,-0.034,-0.034
-0.032,-0.033,-0.049,-0.032,-0.036,-0.035
-0.031,-0.034,-0.049,-0.031,-0.037,-0.036
-0.031,-0.035,-0.048,-0.031,-0.039,-0.038
-0.03,-0.036,-0.048,-0.03,-0.041,-0.039
-0.03,-0.037,-0.048,-0.03,-0.042,-0.04
-0.029,-0.038,-0.048,-0.029,-0.043,-0.041
-0.029,-0.039,-0.048,-0.029,-0.045,-0.042
-0.028,-0.04,-0.047,-0.028,-0.046,-0.043
-0.027,-0.04,-0.047,-0.027,-0.047,-0.043
-0.026,-0.041,-0.047,-0.026,-0.048,-0.044
-0.026,-0.041,-0.046,-0.026,-0.048,-0.045
-0.025,-0.041,-0.046,-0.025,-0.049,-0.045
-0.024,-0.041,-0.046,-0.024,-0.049,-0.045
-0.024,-0.041,-0.045,-0.024,-0.05,-0.045
-0.023,-0.041,-0.045,-0.023,-0.05,-0.045
-0.022,-0.041,-0.045,-0.022,-0.05,-0.045
-0.022,-0.04,-0.044,-0.022,-0.049,-0.045
-0.021,-0.04,-0.044,-0.021,-0.049,-0.045
-0.021,-0.039,-0.044,-0.021,-0.048,-0.044
-0.02,-0.039,-0.044,-0.02,-0.048,-0.044
-0.02,-0.038,-0.043,-0.02,-0.047,-0.043
-0.019,-0.038,-0.043,-0.019,-0.046,-0.042
-0.019,-0.037,-0.043,-0.019,-0.045,-0.042
-0.019,-0.037,-0.043,-0.019,-0.044,-0.041
-0.019,-0.036,-0.043,-0.019,-0.042,-0.04
-0.019,-0.036,-0.042,-0.019,-0.041,-0.039
-0.019,-0.035,-0.042,-0.019,-0.04,-0.038
-0.019,-0.035,-0.042,-0.019,-0.038,-0.037
-0.019,-0.034,-0.042,-0.019,-0.037,-0.037
-0.019,-0.034,-0.042,-0.019,-0.036,-0.036
-0.02,-0.033,-0.042,-0.02,-0.034,-0.035
-0.02,-0.033,-0.042,-0.02,-0.033,-0.034
-0.021,-0.033,-0.042,-0.021,-0.031,-0.033
-0.021,-0.033,-0.042,-0.021,-0.03,-0.033
-0.022,-0.033,-0.041,-0.022,-0.029,-0.032
-0.022,-0.033,-0.041,-0.022,-0.027,-0.032
-0.023,-0.033,-0.041,-0.023,-0.026,-0.032
-0.024,-0.033,-0.041,-0.024,-0.025,-0.031
-0.025,-0.033,-0.041,-0.025,-0.024,-0.031
-0.025,-0.034,-0.041,-0.025,-0.023,-0.031
-0.026,-0.034,-0.041,-0.026,-0.023,-0.031
-0.027,-0.034,-0.041,-0.027,-0.022,-0.032
-0.028,-0.035,-0.041,-0.028,-0.022,-0.032
-0.029,-0.035,-0.041,-0.029,-0.021,-0.033
-0.03,-0.036,-0.041,-0.03,-0.021,-0.033
-0.03,-0.036,-0.041,-0.03,-0.021,-0.034
-0.031,-0.037,-0.041,-0.031,-0.021,-0.035
-0.032,-0.037,-0.041,-0.032,-0.021,-0.036
-0.033,-0.038,-0.041,-0.033,-0.021,-0.037
-0.034,-0.038,-0.041,-0.034,-0.021,-0.038
-0.035,-0.039,-0.041,-0.035,-0.022,-0.039
-0.035,-0.039,-0.041,-0.035,-0.023,-0.041
-0.036,-0.04,-0.041,-0.036,-0.023,-0.042
-0.037,-0.041,-0.041,-0.037,-0.024,-0.043
-0.038,-0.041,-0.042,-0.038,-0.025,-0.045
-0.038,-0.042,-0.042,-0.038,-0.026,-0.046
-0.039,-0.042,-0.042,-0.039,-0.027,-0.048
-0.04,-0.043,-0.042,-0.04,-0.028,-0.049
-0.041,-0.043,-0.043,-0.041,-0.029,-0.051
-0.041,-0.044,-0.043,-0.041,-0.031,-0.052
-0.042,-0.044,-0.044,-0.042,-0.032,-0.054
-0.043,-0.045,-0.044,-0.043,-0.034,-0.055
-0.043,-0.045,-0.045,-0.043,-0.035,-0.057
-0.044,-0.046,-0.045,-0.044,-0.037,-0.058
-0.045,-0.047,-0.046,-0.045,-0.038,-0.059
-0.045,-0.047,-0.047,-0.045,-0.04,-0.06
-0.046,-0.048,-0.047,-0.046,-0.041,-0.061
-0.046,-0.048,-0.048,-0.046,-0.043,-0.062
-0.047,-0.049,-0.049,-0.047,-0.045,-0.063
-0.048,-0.05,-0.05,-0.048,-0.046,-0.064
-0.048,-0.05,-0.051,-0.048,-0.048,-0.064
-0.049,-0.051,-0.052,-0.049,-0.05,-0.065
-0.049,-0.052,-0.053,-0.049,-0.051,-0.065
-0.049,-0.053,-0.054,-0.049,-0.053,-0.066
-0.05,-0.054,-0.055,-0.05,-0.054,-0.066
-0.05,-0.055,-0.056,-0.05,-0.056,-0.066
-0.051,-0.056,-0.057,-0.051,-0.057,-0.066
-0.051,-0.056,-0.058,-0.051,-0.059,-0.066
-0.051,-0.057,-0.059,-0.051,-0.06,-0.065
-0.051,-0.058,-0.06,-0.051,-0.061,-0.065
-0.051,-0.059,-0.061,-0.051,-0.062,-0.065
-0.051,-0.06,-0.062,-0.051,-0.063,-0.064
-0.051,-0.061,-0.062,-0.051,-0.064,-0.064
-0.051,-0.062,-0.063,-0.051,-0.065,-0.063
-0.051,-0.063,-0.064,-0.051,-0.066,-0.063
-0.051,-0.064,-0.065,-0.051,-0.066,-0.062
-0.05,-0.065,-0.065,-0.05,-0.067,-0.061
-0.05,-0.066,-0.066,-0.05,-0.067,-0.061
-0.049,-0.067,-0.067,-0.049,-0.068,-0.06
-0.049,-0.068,-0.067,-0.049,-0.068,-0.059
-0.048,-0.069,-0.067,-0.048,-0.068,-0.058
-0.047,-0.069,-0.067,-0.047,-0.068,-0.058
-0.046,-0.07,-0.067,-0.046,-0.068,-0.057
-0.045,-0.07,-0.067,-0.045,-0.067,-0.056
-0.044,-0.07,-0.067,-0.044,-0.067,-0.056
-0.043,-0.07,-0.067,-0.043,-0.066,-0.055
-0.042,-0.07,-0.067,-0.042,-0.066,-0.054
-0.041,-0.07,-0.066,-0.041,-0.065,-0.053
-0.04,-0.07,-0.065,-0.04,-0.064,-0.053
-0.038,-0.07,-0.065,-0.038,-0.064,-0.052
-0.037,-0.069,-0.064,-0.037,-0.063,-0.051
-0.036,-0.068,-0.063,-0.036,-0.062,-0.051
-0.034,-0.068,-0.062,-0.034,-0.061,-0.05
-0.033,-0.067,-0.06,-0.033,-0.06,-0.05
-0.032,-0.066,-0.059,-0.032,-0.058,-0.049
-0.03,-0.064,-0.058,-0.03,-0.057,-0.048
-0.029,-0.063,-0.056,-0.029,-0.056,-0.048
-0.028,-0.062,-0.054,-0.028,-0.055,-0.047
-0.026,-0.06,-0.053,-0.026,-0.053,-0.046
-0.025,-0.059,-0.051,-0.025,-0.052,-0.045
-0.024,-0.057,-0.049,-0.024,-0.051,-0.045
-0.023,-0.055,-0.047,-0.023,-0.05,-0.044
-0.022,-0.053,-0.045,-0.022,-0.048,-0.043
-0.021,-0.052,-0.043,-0.021,-0.047,-0.042
-0.019,-0.05,-0.041,-0.019,-0.046,-0.041
-0.019,-0.048,-0.039,-0.019,-0.044,-0.041
-0.018,-0.046,-0.038,-0.018,-0.043,-0.04
-0.017,-0.044,-0.036,-0.017,-0.042,-0.039
-0.016,-0.042,-0.034,-0.016,-0.041,-0.037
-0.015,-0.041,-0.032,-0.015,-0.04,-0.036
-0.015,-0.039,-0.03,-0.015,-0.039,-0.035
-0.014,-0.037,-0.029,-0.014,-0.038,-0.034
-0.014,-0.036,-0.027,-0.014,-0.037,-0.033
-0.013,-0.034,-0.026,-0.013,-0.036,-0.032
-0.013,-0.033,-0.024,-0.013,-0.035,-0.031
-0.013,-0.032,-0.023,-0.013,-0.034,-0.029
-0.012,-0.03,-0.022,-0.012,-0.033,-0.028
-0.012,-0.029,-0.021,-0.012,-0.032,-0.027
-0.012,-0.028,-0.02,-0.012,-0.031,-0.026
-0.012,-0.028,-0.019,-0.012,-0.031,-0.025
-0.012,-0.027,-0.018,-0.012,-0.03,-0.024
-0.011,-0.026,-0.017,-0.011,-0.029,-0.023
-0.011,-0.026,-0.017,-0.011,-0.029,-0.022
-0.011,-0.025,-0.016,-0.011,-0.028,-0.021
-0.011,-0.025,-0.016,-0.011,-0.027,-0.02
-0.011,-0.025,-0.015,-0.011,-0.027,-0.019
-0.011,-0.024,-0.015,-0.011,-0.026,-0.019
-0.011,-0.024,-0.015,-0.011,-0.026,-0.018
-0.011,-0.024,-0.015,-0.011,-0.025,-0.018
-0.01,-0.025,-0.015,-0.01,-0.025,-0.017
-0.01,-0.025,-0.014,-0.01,-0.024,-0.017
-0.01,-0.025,-0.014,-0.01,-0.024,-0.017
-0.01,-0.025,-0.014,-0.01,-0.023,-0.016
-0.01,-0.026,-0.014,-0.01,-0.023,-0.016
-0.009,-0.026,-0.014,-0.009,-0.022,-0.016
-0.009,-0.026,-0.014,-0.009,-0.022,-0.016
-0.009,-0.027,-0.014,-0.009,-0.021,-0.016
-0.008,-0.027,-0.014,-0.008,-0.021,-0.017
-0.008,-0.028,-0.014,-0.008,-0.02,-0.017
-0.007,-0.028,-0.014,-0.007,-0.02,-0.017
-0.007,-0.029,-0.014,-0.007,-0.019,-0.017
-0.007,-0.029,-0.014,-0.007,-0.019,-0.017
-0.006,-0.029,-0.014,-0.006,-0.018,-0.017
-0.006,-0.03,-0.014,-0.006,-0.018,-0.017
-0.005,-0.03,-0.013,-0.005,-0.017,-0.017
-0.004,-0.03,-0.013,-0.004,-0.017,-0.017
-0.004,-0.03,-0.013,-0.004,-0.016,-0.017
-0.003,-0.03,-0.012,-0.003,-0.016,-0.017
-0.003,-0.03,-0.012,-0.003,-0.015,-0.017
-0.002,-0.03,-0.012,-0.002,-0.015,-0.017
-0.002,-0.03,-0.011,-0.002,-0.014,-0.016
-0.001,-0.03,-0.011,-0.001,-0.014,-0.016
-0.001,-0.029,-0.011,-0.001,-0.014,-0.016
0,-0.029,-0.01,0,-0.013,-0.015
0,-0.028,-0.01,0,-0.013,-0.015
0.001,-0.028,-0.01,0.001,-0.013,-0.014
0.001,-0.027,-0.009,0.001,-0.012,-0.013
0.002,-0.026,-0.009,0.002,-0.012,-0.013
0.002,-0.026,-0.009,0.002,-0.012,-0.012
0.003,-0.025,-0.008,0.003,-0.012,-0.011
0.003,-0.024,-0.008,0.003,-0.012,-0.011
0.003,-0.023,-0.008,0.003,-0.012,-0.01
0.004,-0.022,-0.008,0.004,-0.012,-0.009
0.004,-0.021,-0.008,0.004,-0.012,-0.008
0.004,-0.02,-0.008,0.004,-0.012,-0.008
0.004,-0.019,-0.008,0.004,-0.012,-0.007
0.004,-0.018,-0.008,0.004,-0.012,-0.006
0.005,-0.017,-0.009,0.005,-0.012,-0.006
0.005,-0.016,-0.009,0.005,-0.012,-0.005
0.005,-0.015,-0.009,0.005,-0.012,-0.005
0.005,-0.014,-0.009,0.005,-0.013,-0.004
0.005,-0.013,-0.01,0.005,-0.013,-0.004
0.005,-0.012,-0.01,0.005,-0.013,-0.003
0.005,-0.011,-0.011,0.005,-0.013,-0.003
0.005,-0.01,-0.011,0.005,-0.014,-0.003
0.006,-0.01,-0.012,0.006,-0.014,-0.002
0.006,-0.009,-0.012,0.006,-0.014,-0.002
0.006,-0.008,-0.012,0.006,-0.015,-0.002
0.006,-0.007,-0.013,0.006,-0.015,-0.002
0.006,-0.007,-0.013,0.006,-0.015,-0.002
0.006,-0.006,-0.013,0.006,-0.015,-0.001
0.007,-0.006,-0.014,0.007,-0.015,-0.001
0.007,-0.005,-0.014,0.007,-0.016,-0.001
0.007,-0.005,-0.014,0.007,-0.016,-0.001
0.007,-0.004,-0.014,0.007,-0.016,-0.001
0.008,-0.004,-0.014,0.008,-0.016,-0.001
0.008,-0.004,-0.014,0.008,-0.016,-0.001
0.008,-0.003,-0.013,0.008,-0.016,-0.001
0.009,-0.003,-0.013,0.009,-0.016,-0.001
0.009,-0.003,-0.012,0.009,-0.016,-0.001
0.009,-0.003,-0.012,0.009,-0.016,-0.001
0.01,-0.002,-0.011,0.01,-0.015,-0.001
0.01,-0.002,-0.01,0.01,-0.015,-0.001
0.01,-0.002,-0.009,0.01,-0.015,-0.001
0.01,-0.002,-0.008,0.01,-0.015,-0.001
0.011,-0.002,-0.007,0.011,-0.014,-0.001
0.011,-0.001,-0.006,0.011,-0.014,-0.001
0.011,-0.001,-0.004,0.011,-0.013,-0.001
0.011,-0.001,-0.003,0.011,-0.013,-0.001
0.012,-0.001,-0.001,0.012,-0.013,-0.001
0.012,-0.001,0,0.012,-0.012,-0.001
0.012,0,0.002,0.012,-0.012,-0.001
0.012,0,0.003,0.012,-0.011,0
0.012,0,0.005,0.012,-0.011,0
0.012,0,0.007,0.012,-0.011,0
0.012,0,0.008,0.012,-0.01,0
0.011,0,0.01,0.011,-0.01,0.001
0.011,0,0.011,0.011,-0.01,0.001
0.011,0.001,0.013,0.011,-0.009,0.002
0.011,0.001,0.014,0.011,-0.009,0.002
0.01,0.001,0.015,0.01,-0.009,0.002
0.01,0.001,0.017,0.01,-0.009,0.003
0.009,0.001,0.018,0.009,-0.009,0.003
0.009,0.001,0.019,0.009,-0.009,0.004
0.008,0.001,0.02,0.008,-0.009,0.005
0.008,0.001,0.02,0.008,-0.009,0.005
0.007,0.001,0.021,0.007,-0.009,0.006
0.007,0.001,0.021,0.007,-0.009,0.006
0.006,0.001,0.022,0.006,-0.009,0.007
0.005,0.001,0.022,0.005,-0.009,0.007
0.005,0,0.022,0.005,-0.01,0.008
0.004,0,0.022,0.004,-0.01,0.008
0.003,0,0.021,0.003,-0.01,0.008
0.003,0,0.021,0.003,-0.011,0.009
0.002,0,0.02,0.002,-0.011,0.009
0.002,0,0.02,0.002,-0.011,0.009
0.001,-0.001,0.019,0.001,-0.012,0.009
0.001,-0.001,0.018,0.001,-0.012,0.009
0,-0.001,0.017,0,-0.012,0.01
0,-0.001,0.016,0,-0.013,0.01
-0.001,-0.002,0.014,-0.001,-0.013,0.01
-0.001,-0.002,0.013,-0.001,-0.014,0.009
-0.001,-0.002,0.012,-0.001,-0.014,0.009
-0.001,-0.002,0.01,-0.001,-0.014,0.009
-0.001,-0.003,0.009,-0.001,-0.014,0.009
-0.001,-0.003,0.007,-0.001,-0.015,0.009
-0.001,-0.003,0.006,-0.001,-0.015,0.008
-0.001,-0.004,0.004,-0.001,-0.015,0.008
-0.001,-0.004,0.003,-0.001,-0.015,0.008
-0.001,-0.004,0.001,-0.001,-0.015,0.007
0,-0.004,0,0,-0.016,0.007
0,-0.005,-0.002,0,-0.016,0.007
0.001,-0.005,-0.003,0.001,-0.016,0.006
0.001,-0.005,-0.004,0.001,-0.016,0.006
0.002,-0.005,-0.006,0.002,-0.016,0.006
0.002,-0.006,-0.007,0.002,-0.016,0.005
0.003,-0.006,-0.008,0.003,-0.016,0.005
0.004,-0.006,-0.009,0.004,-0.016,0.005
0.005,-0.006,-0.01,0.005,-0.016,0.004
0.005,-0.006,-0.01,0.005,-0.016,0.004
0.006,-0.007,-0.011,0.006,-0.016,0.004
0.007,-0.007,-0.011,0.007,-0.017,0.004
0.008,-0.007,-0.012,0.008,-0.017,0.004
0.008,-0.007,-0.012,0.008,-0.017,0.004
0.009,-0.007,-0.012,0.009,-0.017,0.004
0.01,-0.007,-0.012,0.01,-0.017,0.003
0.01,-0.007,-0.012,0.01,-0.017,0.003
0.011,-0.007,-0.012,0.011,-0.017,0.003
0.011,-0.007,-0.011,0.011,-0.017,0.003
0.012,-0.007,-0.011,0.012,-0.017,0.004
0.012,-0.007,-0.011,0.012,-0.017,0.004
0.012,-0.007,-0.01,0.012,-0.017,0.004
0.013,-0.007,-0.01,0.013,-0.017,0.004
0.013,-0.007,-0.009,0.013,-0.017,0.004
0.013,-0.007,-0.008,0.013,-0.017,0.004
0.013,-0.007,-0.007,0.013,-0.017,0.004
0.013,-0.007,-0.007,0.013,-0.016,0.004
0.013,-0.007,-0.006,0.013,-0.016,0.004
0.013,-0.007,-0.005,0.013,-0.016,0.004
0.012,-0.007,-0.004,0.012,-0.016,0.004
0.012,-0.007,-0.003,0.012,-0.015,0.004
0.012,-0.007,-0.003,0.012,-0.015,0.004
0.011,-0.007,-0.002,0.011,-0.015,0.004
0.011,-0.007,-0.001,0.011,-0.014,0.005
0.011,-0.007,0,0.011,-0.014,0.005
0.01,-0.006,0,0.01,-0.013,0.005
0.01,-0.006,0.001,0.01,-0.013,0.005
0.009,-0.006,0.001,0.009,-0.012,0.005
0.009,-0.006,0.002,0.009,-0.012,0.005
0.008,-0.006,0.002,0.008,-0.011,0.005
0.008,-0.006,0.003,0.008,-0.011,0.005
0.008,-0.006,0.003,0.008,-0.01,0.005
0.007,-0.006,0.004,0.007,-0.01,0.005
0.007,-0.006,0.004,0.007,-0.009,0.005
0.007,-0.006,0.004,0.007,-0.009,0.005
0.007,-0.006,0.004,0.007,-0.008,0.005
0.006,-0.006,0.004,0.006,-0.008,0.005
0.006,-0.005,0.004,0.006,-0.007,0.005
0.006,-0.005,0.004,0.006,-0.007,0.005
0.006,-0.005,0.004,0.006,-0.007,0.005
0.006,-0.005,0.004,0.006,-0.006,0.005
0.006,-0.005,0.004,0.006,-0.006,0.005
0.006,-0.005,0.004,0.006,-0.005,0.005
0.006,-0.005,0.004,0.006,-0.005,0.005
0.006,-0.004,0.004,0.006,-0.005,0.005
0.007,-0.004,0.003,0.007,-0.005,0.005
0.007,-0.004,0.003,0.007,-0.005,0.005
0.007,-0.004,0.003,0.007,-0.004,0.005
0.007,-0.003,0.003,0.007,-0.004,0.005
0.008,-0.003,0.003,0.008,-0.004,0.005
0.008,-0.003,0.003,0.008,-0.004,0.004
0.008,-0.003,0.002,0.008,-0.004,0.004
0.008,-0.003,0.002,0.008,-0.004,0.004
0.009,-0.002,0.002,0.009,-0.004,0.004
0.009,-0.002,0.002,0.009,-0.004,0.004
0.009,-0.002,0.002,0.009,-0.004,0.003
0.009,-0.002,0.002,0.009,-0.004,0.003
0.009,-0.002,0.002,0.009,-0.004,0.003
0.009,-0.002,0.002,0.009,-0.004,0.003
0.009,-0.002,0.003,0.009,-0.004,0.002
0.009,-0.001,0.003,0.009,-0.004,0.002
0.009,-0.001,0.003,0.009,-0.004,0.002
0.009,-0.001,0.003,0.009,-0.004,0.001
0.009,-0.001,0.003,0.009,-0.004,0.001
0.009,-0.001,0.004,0.009,-0.004,0.001
0.009,-0.001,0.004,0.009,-0.004,0
0.009,-0.002,0.005,0.009,-0.004,0
0.008,-0.002,0.005,0.008,-0.004,0
0.008,-0.002,0.005,0.008,-0.004,-0.001
0.008,-0.002,0.006,0.008,-0.004,-0.001
0.008,-0.002,0.006,0.008,-0.004,-0.001
0.008,-0.002,0.007,0.008,-0.004,-0.001
0.007,-0.003,0.007,0.007,-0.004,-0.002
0.007,-0.003,0.008,0.007,-0.003,-0.002
0.007,-0.003,0.008,0.007,-0.003,-0.002
0.007,-0.003,0.009,0.007,-0.003,-0.002
0.007,-0.004,0.009,0.007,-0.003,-0.002
0.007,-0.004,0.01,0.007,-0.003,-0.002
0.006,-0.004,0.01,0.006,-0.003,-0.002
0.006,-0.005,0.011,0.006,-0.002,-0.002
0.006,-0.005,0.011,0.006,-0.002,-0.002
0.006,-0.005,0.011,0.006,-0.002,-0.002
0.006,-0.006,0.012,0.006,-0.002,-0.002
0.006,-0.006,0.012,0.006,-0.002,-0.002
0.006,-0.006,0.012,0.006,-0.002,-0.002
0.006,-0.007,0.013,0.006,-0.002,-0.001
0.007,-0.007,0.013,0.007,-0.001,-0.001
0.007,-0.007,0.013,0.007,-0.001,-0.001
0.007,-0.007,0.013,0.007,-0.001,-0.001
0.007,-0.007,0.013,0.007,-0.001,0
0.008,-0.007,0.013,0.008,-0.001,0
0.008,-0.007,0.013,0.008,-0.001,0.001
0.008,-0.008,0.013,0.008,-0.001,0.001
0.009,-0.007,0.013,0.009,-0.001,0.001
0.009,-0.007,0.013,0.009,-0.001,0.002
0.009,-0.007,0.013,0.009,-0.001,0.002
0.01,-0.007,0.013,0.01,-0.001,0.003
0.01,-0.007,0.012,0.01,-0.002,0.003
0.011,-0.007,0.012,0.011,-0.002,0.004
0.011,-0.007,0.012,0.011,-0.002,0.004
0.012,-0.006,0.011,0.012,-0.002,0.005
0.012,-0.006,0.011,0.012,-0.002,0.006
0.013,-0.006,0.01,0.013,-0.002,0.006
0.013,-0.006,0.01,0.013,-0.002,0.007
0.013,-0.005,0.009,0.013,-0.002,0.007
0.014,-0.005,0.008,0.014,-0.003,0.008
0.014,-0.005,0.008,0.014,-0.003,0.008
0.014,-0.004,0.007,0.014,-0.003,0.009
0.015,-0.004,0.006,0.015,-0.003,0.009
0.015,-0.004,0.006,0.015,-0.003,0.01
0.015,-0.004,0.005,0.015,-0.003,0.01
0.016,-0.003,0.004,0.016,-0.003,0.01
0.016,-0.003,0.003,0.016,-0.003,0.011
0.016,-0.003,0.002,0.016,-0.003,0.011
0.016,-0.002,0.002,0.016,-0.003,0.011
0.016,-0.002,0.001,0.016,-0.003,0.011
0.016,-0.002,0,0.016,-0.003,0.011
0.016,-0.002,-0.001,0.016,-0.003,0.012
0.016,-0.002,-0.002,0.016,-0.003,0.011
0.016,-0.001,-0.002,0.016,-0.003,0.011
0.016,-0.001,-0.003,0.016,-0.003,0.011
0.016,-0.001,-0.004,0.016,-0.002,0.011
0.016,-0.001,-0.004,0.016,-0.002,0.011
0.016,-0.001,-0.005,0.016,-0.002,0.01
0.016,-0.001,-0.005,0.016,-0.002,0.01
0.016,0,-0.006,0.016,-0.001,0.009
0.016,0,-0.006,0.016,-0.001,0.009
0.016,0,-0.006,0.016,-0.001,0.008
0.015,0,-0.007,0.015,-0.001,0.008
0.015,0,-0.007,0.015,0,0.007
0.015,0,-0.007,0.015,0,0.006
0.015,0.001,-0.007,0.015,0,0.005
0.015,0.001,-0.007,0.015,0.001,0.004
0.015,0.001,-0.007,0.015,0.001,0.003
0.015,0.001,-0.006,0.015,0.001,0.002
0.015,0.001,-0.006,0.015,0.002,0.001
0.015,0.002,-0.005,0.015,0.002,0
0.014,0.002,-0.005,0.014,0.002,-0.001
0.014,0.002,-0.004,0.014,0.002,-0.002
0.014,0.002,-0.004,0.014,0.003,-0.003
0.014,0.003,-0.003,0.014,0.003,-0.004
0.014,0.003,-0.002,0.014,0.003,-0.005
0.014,0.003,-0.002,0.014,0.003,-0.005
0.014,0.003,-0.001,0.014,0.003,-0.006
0.014,0.004,0,0.014,0.003,-0.007
0.014,0.004,0.001,0.014,0.003,-0.008
0.014,0.004,0.002,0.014,0.004,-0.008
0.014,0.005,0.003,0.014,0.003,-0.009
0.014,0.005,0.004,0.014,0.003,-0.009
0.014,0.005,0.004,0.014,0.003,-0.01
0.014,0.006,0.005,0.014,0.003,-0.01
0.014,0.006,0.006,0.014,0.003,-0.01
0.014,0.006,0.007,0.014,0.003,-0.01
0.014,0.006,0.008,0.014,0.003,-0.01
0.014,0.007,0.008,0.014,0.003,-0.009
0.014,0.007,0.009,0.014,0.002,-0.009
0.014,0.007,0.01,0.014,0.002,-0.008
0.014,0.008,0.01,0.014,0.002,-0.008
0.014,0.008,0.011,0.014,0.002,-0.007
0.014,0.008,0.011,0.014,0.002,-0.006
0.014,0.008,0.011,0.014,0.002,-0.005
0.014,0.009,0.012,0.014,0.001,-0.003
0.014,0.009,0.012,0.014,0.001,-0.002
0.014,0.009,0.012,0.014,0.001,-0.001
0.014,0.009,0.012,0.014,0.001,0.001
0.014,0.009,0.012,0.014,0.001,0.003
0.013,0.009,0.012,0.013,0.001,0.004
0.013,0.009,0.012,0.013,0.001,0.006
0.013,0.009,0.012,0.013,0.001,0.008
0.013,0.009,0.012,0.013,0.001,0.01
0.013,0.009,0.012,0.013,0.002,0.012
0.013,0.009,0.012,0.013,0.002,0.014
0.013,0.008,0.012,0.013,0.002,0.015
0.013,0.008,0.011,0.013,0.002,0.017
0.013,0.008,0.011,0.013,0.003,0.019
0.013,0.007,0.011,0.013,0.003,0.021
0.013,0.007,0.01,0.013,0.004,0.023
0.014,0.006,0.01,0.014,0.004,0.024
0.014,0.006,0.01,0.014,0.004,0.026
0.014,0.005,0.009,0.014,0.005,0.027
0.014,0.005,0.009,0.014,0.005,0.029
0.014,0.004,0.009,0.014,0.006,0.03
0.015,0.003,0.009,0.015,0.007,0.031
0.015,0.003,0.008,0.015,0.007,0.032
0.015,0.002,0.008,0.015,0.008,0.033
0.016,0.001,0.008,0.016,0.008,0.034
0.016,0.001,0.008,0.016,0.009,0.034
0.016,0,0.007,0.016,0.009,0.034
0.017,-0.001,0.007,0.017,0.009,0.035
0.017,-0.001,0.007,0.017,0.01,0.035
0.018,-0.002,0.007,0.018,0.01,0.035
0.019,-0.002,0.007,0.019,0.011,0.034
0.019,-0.003,0.007,0.019,0.011,0.034
0.02,-0.003,0.007,0.02,0.012,0.033
0.02,-0.003,0.007,0.02,0.012,0.033
0.021,-0.003,0.007,0.021,0.012,0.032
0.022,-0.003,0.007,0.022,0.012,0.031
0.023,-0.003,0.007,0.023,0.013,0.03
0.023,-0.003,0.007,0.023,0.013,0.029
0.024,-0.003,0.008,0.024,0.013,0.028
0.025,-0.002,0.008,0.025,0.013,0.027
0.025,-0.002,0.008,0.025,0.014,0.026
0.026,-0.001,0.008,0.026,0.014,0.025
0.027,0,0.009,0.027,0.014,0.024
0.027,0.001,0.009,0.027,0.014,0.023
0.028,0.002,0.009,0.028,0.015,0.022
0.029,0.003,0.01,0.029,0.015,0.021
0.029,0.005,0.01,0.029,0.015,0.021
0.03,0.006,0.01,0.03,0.015,0.02
0.03,0.008,0.011,0.03,0.016,0.02
0.03,0.009,0.011,0.03,0.016,0.02
0.031,0.011,0.011,0.031,0.016,0.02
0.031,0.012,0.012,0.031,0.017,0.02
0.031,0.014,0.012,0.031,0.017,0.021
0.031,0.016,0.012,0.031,0.017,0.021
0.031,0.017,0.012,0.031,0.018,0.022
0.031,0.019,0.013,0.031,0.018,0.023
0.031,0.021,0.013,0.031,0.018,0.024
0.031,0.022,0.013,0.031,0.019,0.026
0.031,0.024,0.013,0.031,0.019,0.027
0.03,0.025,0.013,0.03,0.019,0.029
0.03,0.026,0.013,0.03,0.019,0.031
0.029,0.027,0.013,0.029,0.019,0.032
0.028,0.028,0.013,0.028,0.02,0.034
0.027,0.029,0.013,0.027,0.02,0.036
0.026,0.03,0.013,0.026,0.019,0.038
0.025,0.03,0.012,0.025,0.019,0.04
0.024,0.03,0.012,0.024,0.019,0.042
0.022,0.03,0.011,0.022,0.018,0.044
0.02,0.029,0.011,0.02,0.018,0.045
0.018,0.028,0.01,0.018,0.017,0.047
0.016,0.027,0.009,0.016,0.016,0.048
0.014,0.026,0.008,0.014,0.015,0.049
0.012,0.024,0.006,0.012,0.013,0.049
0.009,0.022,0.005,0.009,0.012,0.05
0.006,0.02,0.003,0.006,0.01,0.05
0.003,0.017,0.001,0.003,0.008,0.049
-0.001,0.014,-0.001,-0.001,0.005,0.048
-0.004,0.01,-0.003,-0.004,0.002,0.047
-0.008,0.006,-0.006,-0.008,-0.001,0.045
-0.013,0.002,-0.009,-0.013,-0.004,0.043
-0.017,-0.003,-0.012,-0.017,-0.008,0.04
-0.022,-0.008,-0.016,-0.022,-0.012,0.037
-0.027,-0.013,-0.02,-0.027,-0.017,0.033
-0.033,-0.019,-0.024,-0.033,-0.022,0.028
-0.039,-0.026,-0.029,-0.039,-0.028,0.023
-0.046,-0.033,-0.034,-0.046,-0.034,0.017
-0.053,-0.04,-0.04,-0.053,-0.04,0.01
-0.06,-0.048,-0.046,-0.06,-0.047,0.003
-0.068,-0.056,-0.053,-0.068,-0.055,-0.005
-0.076,-0.065,-0.06,-0.076,-0.063,-0.014
-0.085,-0.074,-0.067,-0.085,-0.071,-0.024
-0.095,-0.084,-0.076,-0.095,-0.081,-0.034
-0.105,-0.094,-0.084,-0.105,-0.09,-0.044
-0.115,-0.105,-0.094,-0.115,-0.1,-0.056
-0.126,-0.117,-0.104,-0.126,-0.111,-0.068
-0.138,-0.128,-0.114,-0.138,-0.122,-0.081
-0.15,-0.141,-0.125,-0.15,-0.134,-0.094
-0.163,-0.154,-0.136,-0.163,-0.146,-0.108
-0.176,-0.167,-0.149,-0.176,-0.159,-0.123
-0.189,-0.181,-0.161,-0.189,-0.172,-0.138
-0.204,-0.195,-0.174,-0.204,-0.186,-0.153
-0.218,-0.21,-0.188,-0.218,-0.2,-0.169
-0.234,-0.225,-0.202,-0.234,-0.215,-0.186
-0.249,-0.24,-0.217,-0.249,-0.23,-0.202
-0.265,-0.256,-0.232,-0.265,-0.245,-0.219
-0.281,-0.272,-0.248,-0.281,-0.261,-0.237
-0.298,-0.289,-0.264,-0.298,-0.277,-0.254
-0.315,-0.305,-0.28,-0.315,-0.293,-0.272
-0.332,-0.322,-0.297,-0.332,-0.31,-0.29
-0.349,-0.339,-0.313,-0.349,-0.327,-0.308
-0.366,-0.356,-0.33,-0.366,-0.343,-0.325
-0.384,-0.374,-0.347,-0.384,-0.36,-0.343
-0.401,-0.391,-0.364,-0.401,-0.377,-0.361
-0.418,-0.408,-0.382,-0.418,-0.394,-0.378
-0.435,-0.425,-0.399,-0.435,-0.41,-0.395
-0.452,-0.442,-0.416,-0.452,-0.427,-0.411
-0.468,-0.458,-0.432,-0.468,-0.443,-0.428
-0.484,-0.475,-0.449,-0.484,-0.459,-0.443
-0.499,-0.491,-0.465,-0.499,-0.475,-0.458
-0.514,-0.506,-0.481,-0.514,-0.49,-0.473
-0.529,-0.521,-0.496,-0.529,-0.505,-0.487
-0.542,-0.536,-0.511,-0.542,-0.519,-0.5
-0.556,-0.55,-0.525,-0.556,-0.533,-0.512
-0.568,-0.563,-0.539,-0.568,-0.545,-0.524
-0.58,-0.575,-0.552,-0.58,-0.558,-0.535
-0.59,-0.587,-0.564,-0.59,-0.569,-0.545
-0.6,-0.598,-0.576,-0.6,-0.58,-0.554
-0.609,-0.608,-0.586,-0.609,-0.59,-0.562
-0.618,-0.618,-0.596,-0.618,-0.599,-0.569
-0.625,-0.626,-0.605,-0.625,-0.607,-0.576
-0.631,-0.634,-0.613,-0.631,-0.615,-0.581
-0.637,-0.641,-0.62,-0.637,-0.621,-0.586
-0.641,-0.646,-0.626,-0.641,-0.627,-0.589
-0.645,-0.651,-0.631,-0.645,-0.631,-0.592
-0.648,-0.655,-0.635,-0.648,-0.635,-0.594
-0.65,-0.658,-0.638,-0.65,-0.638,-0.595
-0.651,-0.66,-0.64,-0.651,-0.639,-0.595
-0.651,-0.661,-0.641,-0.651,-0.64,-0.595
-0.65,-0.662,-0.642,-0.65,-0.64,-0.593
-0.649,-0.661,-0.641,-0.649,-0.639,-0.591
-0.647,-0.66,-0.64,-0.647,-0.638,-0.588
-0.644,-0.657,-0.637,-0.644,-0.635,-0.585
-0.64,-0.654,-0.634,-0.64,-0.632,-0.581
-0.636,-0.651,-0.631,-0.636,-0.628,-0.576
-0.631,-0.646,-0.626,-0.631,-0.623,-0.571
-0.626,-0.641,-0.621,-0.626,-0.618,-0.565
-0.62,-0.635,-0.615,-0.62,-0.612,-0.559
-0.614,-0.629,-0.609,-0.614,-0.605,-0.552
-0.608,-0.622,-0.602,-0.608,-0.598,-0.545
-0.601,-0.615,-0.595,-0.601,-0.59,-0.538
-0.593,-0.608,-0.587,-0.593,-0.583,-0.53
-0.586,-0.6,-0.579,-0.586,-0.574,-0.522
-0.578,-0.591,-0.571,-0.578,-0.566,-0.514
-0.57,-0.583,-0.562,-0.57,-0.557,-0.506
-0.561,-0.574,-0.553,-0.561,-0.548,-0.497
-0.553,-0.565,-0.544,-0.553,-0.539,-0.489
-0.544,-0.556,-0.535,-0.544,-0.529,-0.48
-0.536,-0.547,-0.526,-0.536,-0.52,-0.472
-0.527,-0.538,-0.517,-0.527,-0.51,-0.463
-0.518,-0.528,-0.507,-0.518,-0.5,-0.454
-0.509,-0.519,-0.498,-0.509,-0.491,-0.445
-0.5,-0.51,-0.488,-0.5,-0.481,-0.437
-0.49,-0.5,-0.479,-0.49,-0.471,-0.428
-0.481,-0.491,-0.47,-0.481,-0.462,-0.419
-0.472,-0.481,-0.46,-0.472,-0.452,-0.41
-0.462,-0.472,-0.451,-0.462,-0.442,-0.402
-0.453,-0.463,-0.442,-0.453,-0.433,-0.393
-0.443,-0.453,-0.433,-0.443,-0.423,-0.384
-0.434,-0.444,-0.424,-0.434,-0.414,-0.376
-0.424,-0.435,-0.415,-0.424,-0.405,-0.367
-0.414,-0.425,-0.406,-0.414,-0.395,-0.359
-0.404,-0.416,-0.397,-0.404,-0.386,-0.35
-0.394,-0.406,-0.388,-0.394,-0.377,-0.342
-0.384,-0.397,-0.379,-0.384,-0.368,-0.333
-0.374,-0.388,-0.37,-0.374,-0.358,-0.325
-0.364,-0.378,-0.362,-0.364,-0.349,-0.316
-0.354,-0.368,-0.353,-0.354,-0.34,-0.308
-0.343,-0.359,-0.344,-0.343,-0.331,-0.299
-0.333,-0.349,-0.335,-0.333,-0.322,-0.29
-0.323,-0.339,-0.326,-0.323,-0.313,-0.282
-0.312,-0.329,-0.317,-0.312,-0.304,-0.273
-0.302,-0.319,-0.309,-0.302,-0.295,-0.265
-0.291,-0.309,-0.3,-0.291,-0.286,-0.256
-0.281,-0.299,-0.291,-0.281,-0.277,-0.247
-0.271,-0.288,-0.282,-0.271,-0.268,-0.239
-0.261,-0.278,-0.273,-0.261,-0.259,-0.23
-0.25,-0.267,-0.263,-0.25,-0.249,-0.221
-0.24,-0.257,-0.254,-0.24,-0.24,-0.213
-0.23,-0.246,-0.245,-0.23,-0.231,-0.204
-0.22,-0.235,-0.236,-0.22,-0.222,-0.195
-0.21,-0.225,-0.226,-0.21,-0.213,-0.186
-0.201,-0.214,-0.217,-0.201,-0.204,-0.178
-0.191,-0.203,-0.208,-0.191,-0.195,-0.169
-0.182,-0.193,-0.198,-0.182,-0.186,-0.16
-0.173,-0.182,-0.189,-0.173,-0.177,-0.152
-0.164,-0.171,-0.18,-0.164,-0.168,-0.143
-0.155,-0.161,-0.17,-0.155,-0.159,-0.135
-0.146,-0.15,-0.161,-0.146,-0.151,-0.126
-0.137,-0.14,-0.152,-0.137,-0.142,-0.118
-0.129,-0.13,-0.143,-0.129,-0.133,-0.109
-0.121,-0.12,-0.133,-0.121,-0.125,-0.101
-0.112,-0.11,-0.124,-0.112,-0.116,-0.093
-0.105,-0.1,-0.115,-0.105,-0.108,-0.085
-0.097,-0.09,-0.106,-0.097,-0.099,-0.076
-0.089,-0.081,-0.097,-0.089,-0.091,-0.068
-0.081,-0.071,-0.088,-0.081,-0.083,-0.06
-0.074,-0.062,-0.08,-0.074,-0.075,-0.053
-0.066,-0.053,-0.071,-0.066,-0.067,-0.045
-0.059,-0.045,-0.063,-0.059,-0.059,-0.037
-0.052,-0.036,-0.054,-0.052,-0.051,-0.03
-0.045,-0.028,-0.046,-0.045,-0.043,-0.022
-0.037,-0.02,-0.038,-0.037,-0.036,-0.015
-0.03,-0.012,-0.03,-0.03,-0.028,-0.008
-0.023,-0.004,-0.022,-0.023,-0.021,-0.001
-0.016,0.003,-0.015,-0.016,-0.014,0.006
-0.009,0.01,-0.008,-0.009,-0.007,0.013
-0.003,0.017,0,-0.003,0,0.019
0.004,0.024,0.006,0.004,0.007,0.026
0.011,0.031,0.013,0.011,0.013,0.032
0.018,0.037,0.02,0.018,0.02,0.038
0.025,0.043,0.026,0.025,0.026,0.044
0.031,0.049,0.032,0.031,0.033,0.05
0.038,0.055,0.038,0.038,0.039,0.055
0.044,0.06,0.044,0.044,0.045,0.061
0.051,0.066,0.049,0.051,0.051,0.066
0.057,0.071,0.054,0.057,0.057,0.071
0.063,0.076,0.059,0.063,0.062,0.076
0.069,0.081,0.064,0.069,0.068,0.08
0.075,0.085,0.069,0.075,0.073,0.085
0.08,0.09,0.073,0.08,0.078,0.089
0.085,0.094,0.077,0.085,0.083,0.093
0.091,0.098,0.081,0.091,0.088,0.097
0.095,0.102,0.084,0.095,0.092,0.1
0.1,0.105,0.088,0.1,0.097,0.104
0.105,0.109,0.091,0.105,0.101,0.107
0.109,0.112,0.094,0.109,0.105,0.11
0.113,0.115,0.096,0.113,0.109,0.114
0.116,0.118,0.099,0.116,0.112,0.116
0.119,0.12,0.101,0.119,0.116,0.119
0.122,0.123,0.103,0.122,0.119,0.122
0.125,0.125,0.105,0.125,0.122,0.124
0.127,0.127,0.107,0.127,0.124,0.126
0.129,0.129,0.108,0.129,0.127,0.129
0.131,0.131,0.11,0.131,0.129,0.131
0.133,0.132,0.111,0.133,0.131,0.132
0.134,0.133,0.112,0.134,0.133,0.134
0.135,0.135,0.113,0.135,0.135,0.136
0.136,0.136,0.114,0.136,0.136,0.137
0.136,0.136,0.115,0.136,0.137,0.138
0.137,0.137,0.115,0.137,0.138,0.139
0.137,0.138,0.116,0.137,0.139,0.14
0.137,0.138,0.117,0.137,0.14,0.141
0.136,0.138,0.117,0.136,0.14,0.142
0.136,0.138,0.117,0.136,0.14,0.143
0.136,0.138,0.118,0.136,0.14,0.143
0.135,0.138,0.118,0.135,0.14,0.144
0.134,0.138,0.118,0.134,0.14,0.144
0.134,0.138,0.119,0.134,0.14,0.144
0.133,0.137,0.119,0.133,0.139,0.144
0.132,0.137,0.119,0.132,0.139,0.144
0.131,0.137,0.119,0.131,0.138,0.144
0.13,0.136,0.119,0.13,0.138,0.144
0.129,0.136,0.12,0.129,0.137,0.144
0.129,0.135,0.12,0.129,0.136,0.144
0.128,0.135,0.12,0.128,0.136,0.144
0.127,0.134,0.12,0.127,0.135,0.144
0.127,0.134,0.12,0.127,0.135,0.143
0.126,0.134,0.121,0.126,0.134,0.143
0.126,0.133,0.121,0.126,0.134,0.143
0.126,0.133,0.121,0.126,0.133,0.143
0.126,0.133,0.121,0.126,0.133,0.143
0.126,0.133,0.121,0.126,0.133,0.143
0.126,0.133,0.122,0.126,0.132,0.143
0.126,0.133,0.122,0.126,0.132,0.143
0.126,0.133,0.122,0.126,0.132,0.143
0.126,0.133,0.122,0.126,0.132,0.143
0.127,0.133,0.122,0.127,0.132,0.143
0.127,0.133,0.122,0.127,0.133,0.143
0.128,0.134,0.122,0.128,0.133,0.143
0.129,0.134,0.122,0.129,0.133,0.143
0.129,0.135,0.122,0.129,0.134,0.143
0.13,0.135,0.122,0.13,0.134,0.143
0.131,0.136,0.122,0.131,0.135,0.144
0.132,0.136,0.122,0.132,0.136,0.144
0.133,0.137,0.122,0.133,0.136,0.144
0.134,0.137,0.122,0.134,0.137,0.144
0.134,0.138,0.122,0.134,0.138,0.145
0.135,0.139,0.121,0.135,0.138,0.145
0.136,0.139,0.121,0.136,0.139,0.145
0.137,0.14,0.121,0.137,0.14,0.146
0.137,0.14,0.12,0.137,0.14,0.146
0.138,0.14,0.12,0.138,0.141,0.147
0.138,0.141,0.12,0.138,0.141,0.147
0.139,0.141,0.119,0.139,0.142,0.148
0.139,0.141,0.119,0.139,0.142,0.148
0.139,0.141,0.119,0.139,0.143,0.149
0.14,0.141,0.118,0.14,0.143,0.149
0.14,0.141,0.118,0.14,0.143,0.15
0.14,0.141,0.117,0.14,0.143,0.151
0.14,0.14,0.117,0.14,0.143,0.151
0.139,0.14,0.117,0.139,0.143,0.152
0.139,0.14,0.116,0.139,0.143,0.153
0.139,0.139,0.116,0.139,0.143,0.154
0.138,0.139,0.116,0.138,0.142,0.154
0.138,0.138,0.115,0.138,0.142,0.155
0.137,0.137,0.115,0.137,0.141,0.156
0.137,0.137,0.115,0.137,0.141,0.157
0.136,0.136,0.115,0.136,0.14,0.158
0.135,0.135,0.115,0.135,0.14,0.158
0.135,0.135,0.114,0.135,0.139,0.159
0.134,0.134,0.114,0.134,0.138,0.16
0.133,0.133,0.114,0.133,0.138,0.16
0.133,0.133,0.114,0.133,0.137,0.161
0.132,0.132,0.113,0.132,0.136,0.162
0.131,0.132,0.113,0.131,0.136,0.162
0.131,0.131,0.113,0.131,0.135,0.163
0.13,0.131,0.113,0.13,0.134,0.163
0.13,0.131,0.112,0.13,0.134,0.163
0.129,0.131,0.112,0.129,0.133,0.163
0.129,0.131,0.112,0.129,0.133,0.163
0.129,0.131,0.111,0.129,0.132,0.163
0.129,0.131,0.111,0.129,0.132,0.163
0.129,0.131,0.11,0.129,0.131,0.162
0.128,0.132,0.11,0.128,0.131,0.162
0.128,0.132,0.109,0.128,0.131,0.161
0.128,0.132,0.109,0.128,0.13,0.161
0.129,0.133,0.108,0.129,0.13,0.16
0.129,0.133,0.108,0.129,0.13,0.159
0.129,0.134,0.107,0.129,0.13,0.158
0.129,0.135,0.106,0.129,0.13,0.157
0.129,0.135,0.105,0.129,0.13,0.155
0.129,0.136,0.104,0.129,0.13,0.154
0.13,0.136,0.104,0.13,0.13,0.153
0.13,0.137,0.103,0.13,0.13,0.151
0.13,0.137,0.102,0.13,0.13,0.15
0.13,0.138,0.101,0.13,0.13,0.148
0.13,0.138,0.1,0.13,0.13,0.147
0.13,0.138,0.099,0.13,0.131,0.145
0.13,0.139,0.098,0.13,0.131,0.144
0.13,0.139,0.097,0.13,0.131,0.142
0.13,0.139,0.097,0.13,0.131,0.141
0.13,0.139,0.096,0.13,0.131,0.139
0.129,0.138,0.095,0.129,0.131,0.138
0.129,0.138,0.094,0.129,0.131,0.137
0.129,0.138,0.093,0.129,0.131,0.136
0.128,0.137,0.093,0.128,0.131,0.135
0.128,0.136,0.092,0.128,0.131,0.135
0.127,0.136,0.092,0.127,0.131,0.134
0.126,0.135,0.091,0.126,0.131,0.134
0.126,0.134,0.091,0.126,0.131,0.133
0.125,0.133,0.091,0.125,0.131,0.133
0.124,0.132,0.09,0.124,0.131,0.133
0.123,0.131,0.09,0.123,0.13,0.134
0.122,0.13,0.09,0.122,0.13,0.134
0.122,0.129,0.09,0.122,0.13,0.135
0.121,0.128,0.09,0.121,0.129,0.136
0.12,0.127,0.09,0.12,0.129,0.137
0.119,0.125,0.09,0.119,0.128,0.138
0.118,0.124,0.09,0.118,0.128,0.139
0.117,0.123,0.09,0.117,0.128,0.14
0.117,0.122,0.091,0.117,0.127,0.142
0.116,0.121,0.091,0.116,0.127,0.143
0.115,0.121,0.091,0.115,0.126,0.145
0.115,0.12,0.091,0.115,0.126,0.146
0.114,0.119,0.092,0.114,0.125,0.148
0.113,0.118,0.092,0.113,0.125,0.15
0.113,0.118,0.092,0.113,0.124,0.151
0.113,0.117,0.092,0.113,0.124,0.153
0.112,0.117,0.092,0.112,0.123,0.154
0.112,0.116,0.093,0.112,0.123,0.156
0.112,0.116,0.093,0.112,0.122,0.157
0.112,0.116,0.093,0.112,0.122,0.158
0.112,0.116,0.093,0.112,0.121,0.159
0.112,0.116,0.093,0.112,0.121,0.16
0.112,0.116,0.093,0.112,0.12,0.161
0.112,0.116,0.093,0.112,0.12,0.161
0.113,0.116,0.092,0.113,0.119,0.161
0.113,0.116,0.092,0.113,0.119,0.162
0.113,0.116,0.092,0.113,0.118,0.161
0.114,0.116,0.092,0.114,0.118,0.161
0.114,0.116,0.091,0.114,0.117,0.161
0.114,0.116,0.091,0.114,0.117,0.16
0.115,0.116,0.091,0.115,0.117,0.159
0.115,0.117,0.091,0.115,0.116,0.158
0.116,0.117,0.09,0.116,0.116,0.156
0.116,0.117,0.09,0.116,0.115,0.155
0.117,0.117,0.09,0.117,0.115,0.153
0.117,0.117,0.089,0.117,0.114,0.152
0.118,0.117,0.089,0.118,0.114,0.15
0.118,0.117,0.089,0.118,0.114,0.148
0.118,0.116,0.089,0.118,0.113,0.146
0.119,0.116,0.089,0.119,0.113,0.144
0.119,0.116,0.089,0.119,0.112,0.143
0.119,0.116,0.089,0.119,0.112,0.141
0.12,0.116,0.089,0.12,0.112,0.139
0.12,0.115,0.089,0.12,0.111,0.137
0.12,0.115,0.089,0.12,0.111,0.135
0.12,0.115,0.089,0.12,0.111,0.134
0.12,0.114,0.09,0.12,0.11,0.132
0.12,0.114,0.09,0.12,0.11,0.131
0.119,0.114,0.091,0.119,0.11,0.13
0.119,0.113,0.091,0.119,0.109,0.128
0.119,0.113,0.092,0.119,0.109,0.127
0.118,0.112,0.092,0.118,0.109,0.127
0.118,0.112,0.093,0.118,0.109,0.126
0.117,0.112,0.094,0.117,0.108,0.126
0.117,0.111,0.095,0.117,0.108,0.125
0.116,0.111,0.095,0.116,0.108,0.125
0.116,0.111,0.096,0.116,0.108,0.125
0.115,0.111,0.097,0.115,0.107,0.125
0.114,0.11,0.098,0.114,0.107,0.126
0.113,0.11,0.098,0.113,0.107,0.126
0.112,0.11,0.099,0.112,0.107,0.127
0.112,0.11,0.1,0.112,0.107,0.127
0.111,0.11,0.1,0.111,0.106,0.128
0.11,0.109,0.101,0.11,0.106,0.129
0.109,0.109,0.101,0.109,0.106,0.13
0.108,0.109,0.102,0.108,0.106,0.131
0.107,0.109,0.102,0.107,0.106,0.132
0.106,0.109,0.103,0.106,0.106,0.133
0.105,0.109,0.103,0.105,0.106,0.134
0.104,0.109,0.104,0.104,0.105,0.135
0.104,0.109,0.104,0.104,0.105,0.136
0.103,0.109,0.104,0.103,0.105,0.137
0.102,0.109,0.104,0.102,0.105,0.138
0.101,0.108,0.104,0.101,0.105,0.139
0.101,0.108,0.104,0.101,0.105,0.14
0.1,0.108,0.104,0.1,0.105,0.141
0.099,0.108,0.105,0.099,0.104,0.142
0.099,0.108,0.104,0.099,0.104,0.143
0.098,0.108,0.104,0.098,0.104,0.144
0.098,0.108,0.104,0.098,0.104,0.144
0.098,0.108,0.104,0.098,0.104,0.145
0.097,0.108,0.104,0.097,0.104,0.145
0.097,0.108,0.104,0.097,0.104,0.145
0.097,0.108,0.104,0.097,0.104,0.146
0.097,0.108,0.104,0.097,0.104,0.146
0.097,0.107,0.104,0.097,0.104,0.146
0.097,0.107,0.104,0.097,0.104,0.146
0.097,0.107,0.104,0.097,0.103,0.146
0.097,0.107,0.104,0.097,0.103,0.146
0.098,0.107,0.104,0.098,0.103,0.146
0.098,0.107,0.104,0.098,0.103,0.145
0.098,0.107,0.103,0.098,0.103,0.145
0.099,0.108,0.103,0.099,0.103,0.145
0.099,0.108,0.103,0.099,0.103,0.144
0.1,0.108,0.103,0.1,0.102,0.144
0.1,0.108,0.103,0.1,0.102,0.143
0.1,0.108,0.103,0.1,0.102,0.143
0.101,0.108,0.103,0.101,0.101,0.142
0.101,0.109,0.103,0.101,0.101,0.141
0.102,0.109,0.103,0.102,0.101,0.141
0.102,0.109,0.103,0.102,0.1,0.14
0.103,0.109,0.102,0.103,0.1,0.139
0.103,0.11,0.102,0.103,0.099,0.138
0.104,0.11,0.102,0.104,0.099,0.137
0.104,0.11,0.102,0.104,0.098,0.137
0.105,0.11,0.102,0.105,0.098,0.136
0.105,0.11,0.101,0.105,0.097,0.135
0.105,0.111,0.101,0.105,0.096,0.134
0.105,0.111,0.101,0.105,0.096,0.133
0.106,0.111,0.1,0.106,0.095,0.132
0.106,0.111,0.1,0.106,0.094,0.131
0.106,0.111,0.1,0.106,0.094,0.13
0.106,0.111,0.099,0.106,0.093,0.129
0.106,0.111,0.099,0.106,0.092,0.128
0.106,0.11,0.098,0.106,0.092,0.127
0.106,0.11,0.098,0.106,0.091,0.126
0.106,0.11,0.098,0.106,0.09,0.125
0.106,0.11,0.097,0.106,0.09,0.124
0.106,0.109,0.097,0.106,0.089,0.123
0.105,0.109,0.096,0.105,0.089,0.122
0.105,0.109,0.096,0.105,0.088,0.121
0.105,0.108,0.096,0.105,0.088,0.12
0.105,0.108,0.095,0.105,0.088,0.119
0.104,0.107,0.095,0.104,0.087,0.117
0.104,0.106,0.095,0.104,0.087,0.116
0.104,0.106,0.094,0.104,0.087,0.115
0.103,0.105,0.094,0.103,0.087,0.114
0.103,0.104,0.094,0.103,0.087,0.113
0.103,0.104,0.094,0.103,0.087,0.113
0.102,0.103,0.094,0.102,0.087,0.112
0.102,0.102,0.094,0.102,0.087,0.111
0.102,0.102,0.094,0.102,0.087,0.11
0.101,0.101,0.094,0.101,0.087,0.109
0.101,0.101,0.094,0.101,0.087,0.109
0.101,0.1,0.094,0.101,0.087,0.108
0.1,0.099,0.094,0.1,0.087,0.107
0.1,0.099,0.094,0.1,0.087,0.107
0.1,0.098,0.094,0.1,0.088,0.106
0.099,0.098,0.094,0.099,0.088,0.106
0.099,0.097,0.094,0.099,0.088,0.106
0.099,0.097,0.094,0.099,0.088,0.106
0.098,0.097,0.094,0.098,0.088,0.105
0.098,0.096,0.095,0.098,0.088,0.105
0.098,0.096,0.095,0.098,0.088,0.105
0.098,0.096,0.095,0.098,0.088,0.105
0.098,0.096,0.095,0.098,0.088,0.105
0.098,0.096,0.095,0.098,0.088,0.106
0.097,0.095,0.095,0.097,0.088,0.106
0.097,0.095,0.095,0.097,0.088,0.106
0.097,0.095,0.095,0.097,0.088,0.106
0.097,0.095,0.094,0.097,0.088,0.107
0.097,0.095,0.094,0.097,0.088,0.107
0.097,0.095,0.094,0.097,0.087,0.108
0.097,0.095,0.094,0.097,0.087,0.108
0.097,0.096,0.094,0.097,0.087,0.109
0.097,0.096,0.093,0.097,0.086,0.109
0.097,0.096,0.093,0.097,0.086,0.11
0.097,0.096,0.092,0.097,0.085,0.11
0.097,0.096,0.092,0.097,0.085,0.111
0.097,0.096,0.092,0.097,0.085,0.112
0.098,0.096,0.091,0.098,0.084,0.112
0.098,0.096,0.09,0.098,0.084,0.113
0.098,0.096,0.09,0.098,0.083,0.113
0.098,0.096,0.089,0.098,0.083,0.114
0.098,0.096,0.089,0.098,0.082,0.114
0.098,0.096,0.088,0.098,0.082,0.115
0.098,0.096,0.087,0.098,0.081,0.115
0.098,0.096,0.087,0.098,0.081,0.116
0.098,0.096,0.086,0.098,0.08,0.116
0.098,0.095,0.085,0.098,0.08,0.117
0.098,0.095,0.085,0.098,0.079,0.117
0.098,0.095,0.084,0.098,0.079,0.117
0.098,0.094,0.083,0.098,0.079,0.118
0.098,0.094,0.083,0.098,0.078,0.118
0.098,0.093,0.082,0.098,0.078,0.118
0.097,0.092,0.082,0.097,0.077,0.119
0.097,0.092,0.081,0.097,0.077,0.119
0.097,0.091,0.08,0.097,0.077,0.119
0.097,0.09,0.08,0.097,0.076,0.119
0.096,0.089,0.079,0.096,0.076,0.12
0.096,0.088,0.079,0.096,0.075,0.12
0.095,0.087,0.079,0.095,0.075,0.12
0.095,0.086,0.078,0.095,0.075,0.12
0.094,0.085,0.078,0.094,0.074,0.121
0.094,0.084,0.077,0.094,0.074,0.121
0.093,0.083,0.077,0.093,0.073,0.121
0.092,0.081,0.077,0.092,0.073,0.121
0.092,0.08,0.077,0.092,0.072,0.121
0.091,0.079,0.076,0.091,0.071,0.121
0.09,0.078,0.076,0.09,0.071,0.121
0.089,0.076,0.076,0.089,0.07,0.121
0.089,0.075,0.075,0.089,0.069,0.121
0.088,0.074,0.075,0.088,0.069,0.121
0.087,0.073,0.075,0.087,0.068,0.121
0.086,0.072,0.074,0.086,0.067,0.121
0.086,0.071,0.074,0.086,0.066,0.12
0.085,0.07,0.073,0.085,0.065,0.12
0.084,0.069,0.073,0.084,0.064,0.12
0.084,0.068,0.072,0.084,0.064,0.119
0.083,0.067,0.072,0.083,0.063,0.119
0.082,0.067,0.071,0.082,0.062,0.118
0.082,0.066,0.071,0.082,0.061,0.118
0.081,0.066,0.07,0.081,0.06,0.117
0.08,0.065,0.069,0.08,0.059,0.116
0.08,0.065,0.068,0.08,0.058,0.115
0.079,0.065,0.068,0.079,0.057,0.114
0.079,0.065,0.067,0.079,0.056,0.113
0.079,0.065,0.066,0.079,0.055,0.112
0.078,0.065,0.065,0.078,0.055,0.111
0.078,0.065,0.064,0.078,0.054,0.109
0.077,0.066,0.064,0.077,0.053,0.108
0.077,0.066,0.063,0.077,0.052,0.106
0.077,0.067,0.062,0.077,0.051,0.105
0.076,0.067,0.061,0.076,0.05,0.103
0.076,0.068,0.06,0.076,0.05,0.101
0.076,0.068,0.06,0.076,0.049,0.1
0.076,0.069,0.059,0.076,0.048,0.098
0.075,0.069,0.058,0.075,0.048,0.096
0.075,0.07,0.058,0.075,0.047,0.094
0.075,0.071,0.057,0.075,0.046,0.092
0.075,0.071,0.057,0.075,0.046,0.09
0.075,0.072,0.056,0.075,0.045,0.088
0.074,0.072,0.056,0.074,0.045,0.086
0.074,0.073,0.056,0.074,0.044,0.084
0.074,0.073,0.056,0.074,0.043,0.082
0.074,0.073,0.056,0.074,0.043,0.08
0.073,0.074,0.056,0.073,0.043,0.078
0.073,0.074,0.056,0.073,0.042,0.077
0.073,0.074,0.056,0.073,0.042,0.075
0.073,0.074,0.056,0.073,0.041,0.073
0.072,0.074,0.056,0.072,0.041,0.071
0.072,0.074,0.056,0.072,0.041,0.07
0.071,0.074,0.057,0.071,0.04,0.069
0.071,0.073,0.057,0.071,0.04,0.067
0.071,0.073,0.057,0.071,0.04,0.066
0.07,0.073,0.058,0.07,0.04,0.065
0.07,0.072,0.058,0.07,0.039,0.064
0.069,0.072,0.058,0.069,0.039,0.064
0.069,0.071,0.058,0.069,0.039,0.063
0.068,0.07,0.059,0.068,0.039,0.063
0.067,0.07,0.059,0.067,0.039,0.063
0.067,0.069,0.059,0.067,0.038,0.063
0.066,0.068,0.059,0.066,0.038,0.063
0.066,0.067,0.059,0.066,0.038,0.063
0.065,0.067,0.06,0.065,0.038,0.064
0.064,0.066,0.06,0.064,0.038,0.065
0.064,0.065,0.06,0.064,0.038,0.065
0.063,0.064,0.059,0.063,0.037,0.066
0.062,0.063,0.059,0.062,0.037,0.067
0.061,0.062,0.059,0.061,0.037,0.069
0.061,0.061,0.059,0.061,0.037,0.07
0.06,0.06,0.059,0.06,0.037,0.071
0.059,0.059,0.058,0.059,0.036,0.073
0.058,0.058,0.058,0.058,0.036,0.074
0.057,0.057,0.058,0.057,0.036,0.076
0.056,0.056,0.057,0.056,0.036,0.077
0.055,0.056,0.057,0.055,0.035,0.079
0.054,0.055,0.056,0.054,0.035,0.08
0.053,0.054,0.056,0.053,0.034,0.082
0.052,0.053,0.055,0.052,0.034,0.083
0.051,0.052,0.055,0.051,0.034,0.084
0.05,0.051,0.054,0.05,0.033,0.085
0.049,0.05,0.054,0.049,0.032,0.086
0.048,0.049,0.053,0.048,0.032,0.087
0.047,0.049,0.052,0.047,0.031,0.088
0.046,0.048,0.052,0.046,0.031,0.089
0.045,0.047,0.051,0.045,0.03,0.089
0.043,0.046,0.051,0.043,0.029,0.089
0.042,0.045,0.05,0.042,0.029,0.089
0.041,0.044,0.05,0.041,0.028,0.089
0.04,0.043,0.049,0.04,0.027,0.089
0.039,0.043,0.048,0.039,0.026,0.089
0.038,0.042,0.048,0.038,0.026,0.088
0.037,0.041,0.047,0.037,0.025,0.087
0.036,0.04,0.047,0.036,0.024,0.087
0.034,0.039,0.046,0.034,0.023,0.086
0.033,0.038,0.046,0.033,0.023,0.084
0.032,0.037,0.045,0.032,0.022,0.083
0.032,0.036,0.045,0.032,0.021,0.082
0.031,0.035,0.044,0.031,0.021,0.08
0.03,0.034,0.044,0.03,0.02,0.079
0.029,0.033,0.043,0.029,0.02,0.077
0.028,0.032,0.043,0.028,0.019,0.075
0.028,0.032,0.042,0.028,0.019,0.073
0.027,0.031,0.042,0.027,0.018,0.071
0.026,0.03,0.041,0.026,0.018,0.069
0.026,0.029,0.041,0.026,0.017,0.067
0.025,0.028,0.041,0.025,0.017,0.065
0.025,0.027,0.04,0.025,0.017,0.064
0.024,0.026,0.04,0.024,0.016,0.062
0.024,0.025,0.04,0.024,0.016,0.06
0.024,0.024,0.04,0.024,0.016,0.058
0.024,0.023,0.039,0.024,0.016,0.056
0.023,0.022,0.039,0.023,0.016,0.054
0.023,0.021,0.039,0.023,0.016,0.052
0.023,0.02,0.039,0.023,0.016,0.051
0.023,0.019,0.039,0.023,0.016,0.049
0.022,0.018,0.038,0.022,0.015,0.048
0.022,0.017,0.038,0.022,0.015,0.047
0.022,0.016,0.038,0.022,0.015,0.045
0.022,0.015,0.038,0.022,0.015,0.044
0.022,0.014,0.038,0.022,0.015,0.043
0.022,0.013,0.038,0.022,0.015,0.042
0.021,0.012,0.038,0.021,0.015,0.042
0.021,0.012,0.037,0.021,0.015,0.041
0.021,0.011,0.037,0.021,0.015,0.04
0.021,0.01,0.037,0.021,0.015,0.04
0.02,0.01,0.037,0.02,0.014,0.04
0.02,0.009,0.037,0.02,0.014,0.04
0.02,0.008,0.037,0.02,0.014,0.04
0.019,0.008,0.037,0.019,0.013,0.04
0.019,0.007,0.037,0.019,0.013,0.04
0.019,0.007,0.037,0.019,0.013,0.04
0.018,0.007,0.037,0.018,0.012,0.041
0.018,0.007,0.037,0.018,0.012,0.041
0.018,0.007,0.037,0.018,0.011,0.042
0.017,0.007,0.036,0.017,0.011,0.043
0.017,0.007,0.036,0.017,0.01,0.044
0.017,0.007,0.036,0.017,0.01,0.045
0.016,0.007,0.036,0.016,0.009,0.046
0.016,0.008,0.036,0.016,0.009,0.047
0.016,0.008,0.036,0.016,0.008,0.048
0.015,0.009,0.036,0.015,0.008,0.049
0,0.009,0.036,0,0.007,0.05
0,0.01,0.036,0,0.007,0.051
0,0.011,0.036,0,0.006,0.053
0,0.012,0.036,0,0.006,0
0,0.012,0.035,0,0.005,0
0,0.013,0.035,0,0.005,0
0,0.014,0,0,0.005,0
0,0.015,0,0,0.004,0
0,0.016,0,0,0,0
0,0.017,0,0,0,0
0,0.018,0,0,0,0
0,0.019,0,0,0,0
0,0.02,0,0,0,0
0,0.021,0,0,0,0
0,0.022,0,0,0,0
0,0,0,0,0,0
0,0,0,0,0,0
0,0,0,0,0,0
0,0,0,0,0,0
0,0,0,0,0,0
0,0,0,0,0,0
0,0,0,0,0,0
0,0,0,0,0,0
0,0,0,0,0,0
0,0,0,0,0,0
0,0,0,0,0,0
0,0,0,0,0,0
0,0,0,0,0,0
0,0,0,0,0,0
0,0,0,0,0,0
0,0,0,0,0,0
0,0,0,0,0,0
0,0,0,0,0,0
0,0,0,0,0,0
0,0,0,0,0,0
0,0,0,0,0,0
0,0,0,0,0,0
0,0,0,0,0,0
0,0,0,0,0,0
0,0,0,0,0,0
0,0,0,0,0,0
0,0,0,0,0,0
0,0,0,0,0,0
0,0,0,0,0,0
0,0,0,0,0,0
0,0,0,0,0,0
0,0,0,0,0,0
0,0,0,0,0,0
0,0,0,0,0,0
0,0,0,0,0,0
0,0,0,0,0,0
0,0,0,0,0,0
0,0,0,0,0,0
0,0,0,0,0,0
0,0,0,0,0,0
0,0,0,0,0,0
0,0,0,0,0,0
0,0,0,0,0,0
0,0,0,0,0,0
0,0,0,0,0,0
0,0,0,0,0,0
0,0,0,0,0,0
0,0,0,0,0,0
0,0,0,0,0,0
0,0,0,0,0,0
0,0,0,0,0,0
0,0,0,0,0,0
0,0,0,0,0,0
0,0,0,0,0,0
0,0,0,0,0,0
0,0,0,0,0,0
0,0,0,0,0,0
0,0,0,0,0,0
0,0,0,0,0,0
0,0,0,0,0,0
0,0,0,0,0,0
0,0,0,0,0,0
0,0,0,0,0,0
0,0,0,0,0,0
0,0,0,0,0,0
0,0,0,0,0,0
0,0,0,0,0,0
0,0,0,0,0,0
0,0,0,0,0,0
0,0,0,0,0,0
0,0,0,0,0,0
0,0,0,0,0,0
0,0,0,0,0,0
0,0,0,0,0,0
0,0,0,0,0,0
0,0,0,0,0,0
0,0,0,0,0,0
0,0,0,0,0,0
0,0,0,0,0,0
0,0,0,0,0,0
0,0,0,0,0,0
0,0,0,0,0,0
0,0,0,0,0,0
0,0,0,0,0,0
0,0,0,0,0,0
0,0,0,0,0,0
0,0,0,0,0,0
0,0,0,0,0,0
0,0,0,0,0,0
0,0,0,0,0,0
0,0,0,0,0,0
0,0,0,0,0,0
0,0,0,0,0,0
0,0,0,0,0,0
0,0,0,0,0,0
0,0,0,0,0,0
0,0,0,0,0,0
0,0,0,0,0,0
0,0,0,0,0,0
0,0,0,0,0,0
0,0,0,0,0,0
0,0,0,0,0,0
0,0,0,0,0,0
0,0,0,0,0,0
0,0,0,0,0,0
0,0,0,0,0,0
0,0,0,0,0,0
0,0,0,0,0,0
0,0,0,0,0,0
0,0,0,0,0,0
0,0,0,0,0,0
0,0,0,0,0,0
0,0,0,0,0,0
0,0,0,0,0,0
0,0,0,0,0,0
0,0,0,0,0,0
0,0,0,0,0,0
0,0,0,0,0,0
0,0,0,0,0,0
0,0,0,0,0,0
0,0,0,0,0,0
0,0,0,0,0,0
0,0,0,0,0,0
0,0,0,0,0,0
0,0,0,0,0,0
0,0,0,0,0,0
0,0,0,0,0,0
0,0,0,0,0,0
0,0,0,0,0,0
0,0,0,0,0,0
0,0,0,0,0,0
0,0,0,0,0,0
0,0,0,0,0,0
0,0,0,0,0,0
0,0,0,0,0,0
0,0,0,0,0,0
0,0,0,0,0,0
0,0,0,0,0,0
0,0,0,0,0,0
0,0,0,0,0,0
0,0,0,0,0,0
0,0,0,0,0,0
0,0,0,0,0,0
0,0,0,0,0,0
0,0,0,0,0,0
0,0,0,0,0,0
0,0,0,0,0,0
0,0,0,0,0,0
0,0,0,0,0,0
0,0,0,0,0,0
0,0,0,0,0,0
0,0,0,0,0,0
0,0,0,0,0,0
0,0,0,0,0,0
0,0,0,0,0,0
0,0,0,0,0,0
0,0,0,0,0,0
0,0,0,0,0,0
0,0,0,0,0,0
0,0,0,0,0,0
0,0,0,0,0,0
0,0,0,0,0,0
0,0,0,0,0,0
0,0,0,0,0,0
0,0,0,0,0,0
0,0,0,0,0,0
0,0,0,0,0,0
0,0,0,0,0,0
0,0,0,0,0,0
0,0,0,0,0,0
0,0,0,0,0,0
0,0,0,0,0,0
0,0,0,0,0,0
0,0,0,0,0,0
0,0,0,0,0,0
0,0,0,0,0,0
0,0,0,0,0,0
0,0,0,0,0,0
0,0,0,0,0,0
0,0,0,0,0,0
0,0,0,0,0,0
0,0,0,0,0,0
0,0,0,0,0,0
0,0,0,0,0,0
0,0,0,0,0,0
0,0,0,0,0,0
0,0,0,0,0,0
0,0,0,0,0,0
0,0,0,0,0,0
0,0,0,0,0,0
0,0,0,0,0,0
0,0,0,0,0,0
0,0,0,0,0,0
0,0,0,0,0,0
0,0,0,0,0,0
0,0,0,0,0,0
0,0,0,0,0,0
0,0,0,0,0,0
0,0,0,0,0,0
0,0,0,0,0,0
0,0,0,0,0,0
0,0,0,0,0,0
0,0,0,0,0,0
0,0,0,0,0,0
0,0,0,0,0,0
0,0,0,0,0,0
0,0,0,0,0,0
0,0,0,0,0,0
0,0,0,0,0,0
0,0,0,0,0,0
0,0,0,0,0,0
0,0,0,0,0,0
0,0,0,0,0,0
0,0,0,0,0,0
0,0,0,0,0,0
0,0,0,0,0,0
0,0,0,0,0,0
0,0,0,0,0,0
0,0,0,0,0,0
0,0,0,0,0,0
0,0,0,0,0,0
0,0,0,0,0,0
0,0,0,0,0,0
0,0,0,0,0,0
0,0,0,0,0,0
0,0,0,0,0,0
0,0,0,0,0,0
0,0,0,0,0,0
0,0,0,0,0,0
0,0,0,0,0,0
0,0,0,0,0,0
0,0,0,0,0,0
0,0,0,0,0,0
0,0,0,0,0,0
0,0,0,0,0,0
0,0,0,0,0,0
0,0,0,0,0,0
0,0,0,0,0,0
0,0,0,0,0,0
0,0,0,0,0,0
0,0,0,0,0,0
0,0,0,0,0,0
0,0,0,0,0,0
0,0,0,0,0,0
0,0,0,0,0,0
0,0,0,0,0,0
0,0,0,0,0,0
0,0,0,0,0,0
0,0,0,0,0,0
0,0,0,0,0,0
0,0,0,0,0,0
0,0,0,0,0,0
0,0,0,0,0,0
0,0,0,0,0,0
0,0,0,0,0,0
0,0,0,0,0,0
0,0,0,0,0,0
0,0,0,0,0,0
0,0,0,0,0,0
0,0,0,0,0,0
0,0,0,0,0,0
0,0,0,0,0,0
0,0,0,0,0,0
0,0,0,0,0,0
0,0,0,0,0,0
0,0,0,0,0,0
0,0,0,0,0,0
0,0,0,0,0,0
0,0,0,0,0,0
0,0,0,0,0,0
0,0,0,0,0,0
0,0,0,0,0,0
0,0,0,0,0,0
0,0,0,0,0,0
0,0,0,0,0,0
0,0,0,0,0,0
0,0,0,0,0,0
0,0,0,0,0,0
0,0,0,0,0,0
0,0,0,0,0,0
0,0,0,0,0,0
0,0,0,0,0,0
0,0,0,0,0,0
0,0,0,0,0,0
0,0,0,0,0,0
0,0,0,0,0,0
0,0,0,0,0,0
0,0,0,0,0,0
0,0,0,0,0,0
0,0,0,0,0,0
0,0,0,0,0,0
0,0,0,0,0,0
0,0,0,0,0,0
0,0,0,0,0,0
0,0,0,0,0,0
0,0,0,0,0,0
0,0,0,0,0,0
0,0,0,0,0,0
0,0,0,0,0,0
0,0,0,0,0,0
0,0,0,0,0,0
0,0,0,0,0,0
0,0,0,0,0,0
0,0,0,0,0,0
0,0,0,0,0,0
0,0,0,0,0,0
0,0,0,0,0,0
0,0,0,0,0,0
0,0,0,0,0,0
0,0,0,0,0,0
0,0,0,0,0,0
0,0,0,0,0,0
0,0,0,0,0,0
0,0,0,0,0,0
0,0,0,0,0,0
0,0,0,0,0,0
0,0,0,0,0,0
0,0,0,0,0,0
0,0,0,0,0,0
0,0,0,0,0,0
0,0,0,0,0,0
0,0,0,0,0,0
0,0,0,0,0,0
0,0,0,0,0,0
0,0,0,0,0,0
0,0,0,0,0,0
0,0,0,0,0,0
0,0,0,0,0,0
0,0,0,0,0,0
0,0,0,0,0,0
0,0,0,0,0,0
0,0,0,0,0,0
0,0,0,0,0,0
0,0,0,0,0,0
0,0,0,0,0,0
0,0,0,0,0,0
0,0,0,0,0,0
0,0,0,0,0,0
0,0,0,0,0,0
0,0,0,0,0,0
0,0,0,0,0,0
0,0,0,0,0,0
0,0,0,0,0,0
0,0,0,0,0,0
0,0,0,0,0,0
0,0,0,0,0,0
0,0,0,0,0,0
0,0,0,0,0,0
0,0,0,0,0,0
0,0,0,0,0,0
0,0,0,0,0,0
0,0,0,0,0,0
0,0,0,0,0,0
0,0,0,0,0,0
0,0,0,0,0,0
0,0,0,0,0,0
0,0,0,0,0,0
0,0,0,0,0,0
0,0,0,0,0,0
0,0,0,0,0,0
0,0,0,0,0,0
0,0,0,0,0,0
0,0,0,0,0,0
0,0,0,0,0,0
0,0,0,0,0,0
0,0,0,0,0,0
0,0,0,0,0,0
0,0,0,0,0,0
0,0,0,0,0,0
0,0,0,0,0,0
0,0,0,0,0,0
0,0,0,0,0,0
0,0,0,0,0,0
0,0,0,0,0,0
0,0,0,0,0,0
0,0,0,0,0,0
0,0,0,0,0,0
0,0,0,0,0,0
0,0,0,0,0,0
0,0,0,0,0,0
0,0,0,0,0,0
0,0,0,0,0,0
0,0,0,0,0,0
0,0,0,0,0,0
0,0,0,0,0,0
0,0,0,0,0,0
0,0,0,0,0,0
0,0,0,0,0,0
0,0,0,0,0,0
0,0,0,0,0,0
0,0,0,0,0,0
0,0,0,0,0,0
0,0,0,0,0,0
0,0,0,0,0,0
0,0,0,0,0,0
0,0,0,0,0,0
0,0,0,0,0,0
0,0,0,0,0,0
0,0,0,0,0,0
0,0,0,0,0,0
0,0,0,0,0,0
0,0,0,0,0,0
0,0,0,0,0,0
0,0,0,0,0,0
0,0,0,0,0,0
0,0,0,0,0,0
0,0,0,0,0,0
0,0,0,0,0,0
0,0,0,0,0,0
0,0,0,0,0,0
0,0,0,0,0,0
0,0,0,0,0,0
0,0,0,0,0,0
0,0,0,0,0,0
0,0,0,0,0,0
0,0,0,0,0,0
0,0,0,0,0,0
0,0,0,0,0,0
0,0,0,0,0,0
0,0,0,0,0,0
0,0,0,0,0,0
0,0,0,0,0,0
0,0,0,0,0,0
0,0,0,0,0,0
0,0,0,0,0,0
0,0,0,0,0,0
0,0,0,0,0,0
0,0,0,0,0,0
0,0,0,0,0,0
0,0,0,0,0,0
0,0,0,0,0,0
0,0,0,0,0,0
0,0,0,0,0,0
0,0,0,0,0,0
0,0,0,0,0,0
0,0,0,0,0,0
0,0,0,0,0,0
0,0,0,0,0,0
0,0,0,0,0,0
0,0,0,0,0,0
0,0,0,0,0,0
0,0,0,0,0,0
0,0,0,0,0,0
0,0,0,0,0,0
0,0,0,0,0,0
0,0,0,0,0,0
0,0,0,0,0,0
0,0,0,0,0,0
0,0,0,0,0,0
0,0,0,0,0,0
0,0,0,0,0,0
0,0,0,0,0,0
0,0,0,0,0,0
0,0,0,0,0,0
0,0,0,0,0,0
0,0,0,0,0,0
0,0,0,0,0,0
0,0,0,0,0,0
0,0,0,0,0,0
0,0,0,0,0,0
0,0,0,0,0,0
0,0,0,0,0,0
0,0,0,0,0,0
0,0,0,0,0,0
0,0,0,0,0,0
0,0,0,0,0,0
0,0,0,0,0,0
0,0,0,0,0,0
0,0,0,0,0,0
0,0,0,0,0,0
0,0,0,0,0,0
0,0,0,0,0,0
0,0,0,0,0,0
0,0,0,0,0,0
0,0,0,0,0,0
0,0,0,0,0,0
0,0,0,0,0,0
