0.018,0.011,0.018,0,0,0.011,0
0.019,0.01,0.019,0.01,-0.043,0.01,-0.043
0.019,0.01,0.019,0.009,-0.042,0.01,-0.042
0.02,0.009,0.02,0.009,-0.041,0.009,-0.041
0.021,0.008,0.021,0.008,-0.041,0.008,-0.041
0.021,0.008,0.021,0.008,-0.04,0.008,-0.04
0.022,0.008,0.022,0.008,-0.04,0.008,-0.04
0.022,0.007,0.022,0.008,-0.039,0.007,-0.039
0.022,0.007,0.022,0.008,-0.038,0.007,-0.038
0.022,0.007,0.022,0.009,-0.038,0.007,-0.038
0.022,0.007,0.022,0.009,-0.037,0.007,-0.037
0.022,0.007,0.022,0.01,-0.037,0.007,-0.037
0.022,0.008,0.022,0.01,-0.036,0.008,-0.036
0.022,0.008,0.022,0.011,-0.036,0.008,-0.036
0.021,0.009,0.021,0.012,-0.035,0.009,-0.035
0.021,0.009,0.021,0.013,-0.035,0.009,-0.035
0.021,0.01,0.021,0.014,-0.034,0.01,-0.034
0.02,0.01,0.02,0.015,-0.034,0.01,-0.034
0.02,0.011,0.02,0.016,-0.033,0.011,-0.033
0.019,0.011,0.019,0.018,-0.032,0.011,-0.032
0.019,0.012,0.019,0.019,-0.032,0.012,-0.032
0.018,0.012,0.018,0.02,-0.031,0.012,-0.031
0.018,0.013,0.018,0.021,-0.03,0.013,-0.03
0.017,0.013,0.017,0.022,-0.029,0.013,-0.029
0.017,0.014,0.017,0.023,-0.028,0.014,-0.028
0.016,0.014,0.016,0.023,-0.027,0.014,-0.027
0.016,0.014,0.016,0.024,-0.026,0.014,-0.026
0.015,0.014,0.015,0.024,-0.025,0.014,-0.025
0.015,0.014,0.015,0.025,-0.024,0.014,-0.024
0.014,0.014,0.014,0.025,-0.023,0.014,-0.023
0.014,0.014,0.014,0.025,-0.022,0.014,-0.022
0.013,0.014,0.013,0.025,-0.021,0.014,-0.021
0.013,0.014,0.013,0.025,-0.02,0.014,-0.02
0.012,0.013,0.012,0.024,-0.019,0.013,-0.019
0.012,0.013,0.012,0.024,-0.018,0.013,-0.018
0.012,0.013,0.012,0.023,-0.017,0.013,-0.017
0.011,0.012,0.011,0.022,-0.016,0.012,-0.016
0.011,0.012,0.011,0.021,-0.015,0.012,-0.015
0.011,0.012,0.011,0.02,-0.014,0.012,-0.014
0.01,0.011,0.01,0.019,-0.013,0.011,-0.013
0.01,0.011,0.01,0.018,-0.012,0.011,-0.012
0.01,0.01,0.01,0.017,-0.012,0.01,-0.012
0.009,0.01,0.009,0.016,-0.011,0.01,-0.011
0.009,0.009,0.009,0.015,-0.011,0.009,-0.011
0.009,0.009,0.009,0.014,-0.01,0.009,-0.01
0.009,0.009,0.009,0.013,-0.01,0.009,-0.01
0.009,0.008,0.009,0.012,-0.009,0.008,-0.009
0.009,0.008,0.009,0.011,-0.009,0.008,-0.009
0.009,0.008,0.009,0.01,-0.009,0.008,-0.009
0.009,0.008,0.009,0.009,-0.009,0.008,-0.009
0.009,0.008,0.009,0.009,-0.008,0.008,-0.008
0.009,0.008,0.009,0.008,-0.008,0.008,-0.008
0.009,0.008,0.009,0.007,-0.008,0.008,-0.008
0.009,0.008,0.009,0.007,-0.008,0.008,-0.008
0.01,0.008,0.01,0.006,-0.007,0.008,-0.007
0.01,0.008,0.01,0.006,-0.007,0.008,-0.007
0.01,0.008,0.01,0.005,-0.007,0.008,-0.007
0.011,0.008,0.011,0.005,-0.007,0.008,-0.007
0.011,0.008,0.011,0.005,-0.006,0.008,-0.006
0.011,0.008,0.011,0.004,-0.006,0.008,-0.006
0.012,0.008,0.012,0.004,-0.005,0.008,-0.005
0.012,0.009,0.012,0.004,-0.005,0.009,-0.005
0.012,0.009,0.012,0.004,-0.004,0.009,-0.004
0.013,0.009,0.013,0.003,-0.004,0.009,-0.004
0.013,0.009,0.013,0.003,-0.003,0.009,-0.003
0.013,0.009,0.013,0.003,-0.002,0.009,-0.002
0.013,0.009,0.013,0.003,-0.001,0.009,-0.001
0.013,0.009,0.013,0.002,-0.001,0.009,-0.001
0.013,0.009,0.013,0.002,0,0.009,0
0.013,0.009,0.013,0.002,0.001,0.009,0.001
0.013,0.009,0.013,0.001,0.002,0.009,0.002
0.013,0.009,0.013,0.001,0.003,0.009,0.003
0.013,0.009,0.013,0.001,0.003,0.009,0.003
0.012,0.009,0.012,0.001,0.004,0.009,0.004
0.012,0.008,0.012,0,0.005,0.008,0.005
0.012,0.008,0.012,0,0.006,0.008,0.006
0.011,0.008,0.011,0,0.006,0.008,0.006
0.011,0.008,0.011,0,0.007,0.008,0.007
0.01,0.008,0.01,-0.001,0.008,0.008,0.008
0.01,0.008,0.01,-0.001,0.008,0.008,0.008
0.009,0.008,0.009,-0.001,0.009,0.008,0.009
0.009,0.008,0.009,-0.001,0.009,0.008,0.009
0.009,0.007,0.009,-0.001,0.01,0.007,0.01
0.008,0.007,0.008,-0.001,0.01,0.007,0.01
0.008,0.007,0.008,-0.001,0.01,0.007,0.01
0.008,0.007,0.008,-0.001,0.01,0.007,0.01
0.008,0.007,0.008,-0.001,0.01,0.007,0.01
0.008,0.007,0.008,-0.001,0.011,0.007,0.011
0.008,0.007,0.008,-0.001,0.011,0.007,0.011
0.008,0.007,0.008,-0.001,0.011,0.007,0.011
0.008,0.007,0.008,-0.001,0.011,0.007,0.011
0.008,0.007,0.008,-0.001,0.011,0.007,0.011
0.008,0.007,0.008,-0.001,0.011,0.007,0.011
0.009,0.007,0.009,-0.001,0.011,0.007,0.011
0.009,0.007,0.009,-0.001,0.011,0.007,0.011
0.009,0.007,0.009,-0.001,0.011,0.007,0.011
0.01,0.007,0.01,-0.001,0.011,0.007,0.011
0.01,0.007,0.01,-0.001,0.011,0.007,0.011
0.01,0.007,0.01,-0.001,0.011,0.007,0.011
0.011,0.007,0.011,-0.001,0.011,0.007,0.011
0.011,0.007,0.011,-0.001,0.011,0.007,0.011
0.011,0.007,0.011,-0.001,0.011,0.007,0.011
0.012,0.007,0.012,-0.001,0.012,0.007,0.012
0.012,0.007,0.012,-0.001,0.012,0.007,0.012
0.012,0.006,0.012,-0.002,0.012,0.006,0.012
0.012,0.006,0.012,-0.002,0.013,0.006,0.013
0.012,0.006,0.012,-0.002,0.013,0.006,0.013
0.012,0.006,0.012,-0.002,0.014,0.006,0.014
0.012,0.006,0.012,-0.002,0.014,0.006,0.014
0.012,0.006,0.012,-0.002,0.015,0.006,0.015
0.012,0.006,0.012,-0.002,0.016,0.006,0.016
0.012,0.005,0.012,-0.002,0.016,0.005,0.016
0.012,0.005,0.012,-0.002,0.017,0.005,0.017
0.012,0.005,0.012,-0.002,0.018,0.005,0.018
0.012,0.005,0.012,-0.002,0.019,0.005,0.019
0.012,0.005,0.012,-0.002,0.02,0.005,0.02
0.012,0.005,0.012,-0.002,0.021,0.005,0.021
0.012,0.005,0.012,-0.002,0.021,0.005,0.021
0.012,0.005,0.012,-0.002,0.022,0.005,0.022
0.013,0.006,0.013,-0.002,0.023,0.006,0.023
0.013,0.006,0.013,-0.001,0.024,0.006,0.024
0.013,0.006,0.013,-0.001,0.025,0.006,0.025
0.013,0.006,0.013,-0.001,0.026,0.006,0.026
0.013,0.006,0.013,-0.001,0.027,0.006,0.027
0.014,0.007,0.014,0,0.028,0.007,0.028
0.014,0.007,0.014,0,0.028,0.007,0.028
0.014,0.007,0.014,0,0.029,0.007,0.029
0.014,0.008,0.014,0.001,0.03,0.008,0.03
0.015,0.008,0.015,0.001,0.031,0.008,0.031
0.015,0.008,0.015,0.002,0.032,0.008,0.032
0.015,0.008,0.015,0.002,0.032,0.008,0.032
0.015,0.009,0.015,0.002,0.033,0.009,0.033
0.015,0.009,0.015,0.002,0.033,0.009,0.033
0.016,0.009,0.016,0.003,0.034,0.009,0.034
0.016,0.009,0.016,0.003,0.035,0.009,0.035
0.016,0.01,0.016,0.003,0.035,0.01,0.035
0.016,0.01,0.016,0.003,0.036,0.01,0.036
0.016,0.01,0.016,0.003,0.036,0.01,0.036
0.016,0.01,0.016,0.003,0.036,0.01,0.036
0.016,0.01,0.016,0.003,0.037,0.01,0.037
0.016,0.01,0.016,0.003,0.037,0.01,0.037
0.016,0.01,0.016,0.002,0.037,0.01,0.037
0.016,0.009,0.016,0.002,0.037,0.009,0.037
0.016,0.009,0.016,0.002,0.037,0.009,0.037
0.016,0.009,0.016,0.001,0.037,0.009,0.037
0.016,0.009,0.016,0.001,0.037,0.009,0.037
0.016,0.008,0.016,0,0.037,0.008,0.037
0.015,0.008,0.015,0,0.037,0.008,0.037
0.015,0.007,0.015,-0.001,0.037,0.007,0.037
0.015,0.007,0.015,-0.001,0.037,0.007,0.037
0.015,0.006,0.015,-0.002,0.036,0.006,0.036
0.015,0.006,0.015,-0.003,0.036,0.006,0.036
0.015,0.005,0.015,-0.003,0.036,0.005,0.036
0.015,0.005,0.015,-0.004,0.036,0.005,0.036
0.015,0.004,0.015,-0.004,0.036,0.004,0.036
0.015,0.003,0.015,-0.005,0.035,0.003,0.035
0.016,0.003,0.016,-0.005,0.035,0.003,0.035
0.016,0.002,0.016,-0.005,0.035,0.002,0.035
0.016,0.002,0.016,-0.005,0.035,0.002,0.035
0.016,0.001,0.016,-0.005,0.035,0.001,0.035
0.016,0.001,0.016,-0.005,0.035,0.001,0.035
0.016,0.001,0.016,-0.005,0.035,0.001,0.035
0.016,0,0.016,-0.005,0.035,0,0.035
0.016,0,0.016,-0.005,0.035,0,0.035
0.017,0,0.017,-0.005,0.036,0,0.036
0.017,-0.001,0.017,-0.004,0.036,-0.001,0.036
0.017,-0.001,0.017,-0.004,0.037,-0.001,0.037
0.017,-0.001,0.017,-0.003,0.037,-0.001,0.037
0.017,-0.001,0.017,-0.003,0.038,-0.001,0.038
0.017,-0.001,0.017,-0.002,0.038,-0.001,0.038
0.017,-0.001,0.017,-0.002,0.039,-0.001,0.039
0.017,-0.001,0.017,-0.001,0.039,-0.001,0.039
0.017,-0.001,0.017,-0.001,0.04,-0.001,0.04
0.017,0,0.017,0,0.041,0,0.041
0.017,0,0.017,0,0.042,0,0.042
0.017,0,0.017,0.001,0.043,0,0.043
0.017,0,0.017,0.001,0.043,0,0.043
0.017,0,0.017,0.001,0.044,0,0.044
0.017,0.001,0.017,0.001,0.045,0.001,0.045
0.017,0.001,0.017,0.001,0.046,0.001,0.046
0.017,0.001,0.017,0.001,0.046,0.001,0.046
0.016,0.001,0.016,0,0.047,0.001,0.047
0.016,0.002,0.016,0,0.048,0.002,0.048
0.016,0.002,0.016,-0.001,0.048,0.002,0.048
0.016,0.002,0.016,-0.001,0.049,0.002,0.049
0.016,0.002,0.016,-0.002,0.049,0.002,0.049
0.015,0.003,0.015,-0.003,0.05,0.003,0.05
0.015,0.003,0.015,-0.004,0.05,0.003,0.05
0.015,0.003,0.015,-0.005,0.05,0.003,0.05
0.014,0.003,0.014,-0.006,0.05,0.003,0.05
0.014,0.003,0.014,-0.007,0.051,0.003,0.051
0.014,0.003,0.014,-0.008,0.05,0.003,0.05
0.013,0.003,0.013,-0.01,0.05,0.003,0.05
0.013,0.003,0.013,-0.011,0.05,0.003,0.05
0.013,0.004,0.013,-0.012,0.05,0.004,0.05
0.013,0.003,0.013,-0.013,0.049,0.003,0.049
0.012,0.003,0.012,-0.014,0.049,0.003,0.049
0.012,0.003,0.012,-0.015,0.049,0.003,0.049
0.012,0.003,0.012,-0.016,0.048,0.003,0.048
0.012,0.003,0.012,-0.016,0.048,0.003,0.048
0.011,0.003,0.011,-0.017,0.047,0.003,0.047
0.011,0.002,0.011,-0.018,0.046,0.002,0.046
0.011,0.002,0.011,-0.018,0.046,0.002,0.046
0.011,0.002,0.011,-0.018,0.045,0.002,0.045
0.011,0.001,0.011,-0.018,0.045,0.001,0.045
0.011,0.001,0.011,-0.018,0.044,0.001,0.044
0.011,0.001,0.011,-0.018,0.044,0.001,0.044
0.011,0,0.011,-0.018,0.044,0,0.044
0.011,0,0.011,-0.017,0.043,0,0.043
0.012,-0.001,0.012,-0.017,0.043,-0.001,0.043
0.012,-0.001,0.012,-0.016,0.043,-0.001,0.043
0.012,-0.002,0.012,-0.015,0.042,-0.002,0.042
0.012,-0.002,0.012,-0.014,0.042,-0.002,0.042
0.012,-0.003,0.012,-0.014,0.042,-0.003,0.042
0.012,-0.003,0.012,-0.013,0.042,-0.003,0.042
0.012,-0.003,0.012,-0.012,0.042,-0.003,0.042
0.013,-0.004,0.013,-0.011,0.042,-0.004,0.042
0.013,-0.004,0.013,-0.01,0.041,-0.004,0.041
0.013,-0.004,0.013,-0.009,0.041,-0.004,0.041
0.013,-0.004,0.013,-0.008,0.041,-0.004,0.041
0.013,-0.004,0.013,-0.007,0.041,-0.004,0.041
0.014,-0.004,0.014,-0.006,0.041,-0.004,0.041
0.014,-0.004,0.014,-0.005,0.041,-0.004,0.041
0.014,-0.004,0.014,-0.004,0.04,-0.004,0.04
0.014,-0.004,0.014,-0.003,0.04,-0.004,0.04
0.014,-0.004,0.014,-0.002,0.04,-0.004,0.04
0.014,-0.004,0.014,-0.001,0.04,-0.004,0.04
0.015,-0.004,0.015,-0.001,0.039,-0.004,0.039
0.015,-0.004,0.015,0,0.039,-0.004,0.039
0.015,-0.003,0.015,0,0.039,-0.003,0.039
0.015,-0.003,0.015,0.001,0.039,-0.003,0.039
0.016,-0.003,0.016,0.001,0.038,-0.003,0.038
0.016,-0.003,0.016,0.001,0.038,-0.003,0.038
0.016,-0.002,0.016,0.001,0.038,-0.002,0.038
0.016,-0.002,0.016,0.001,0.038,-0.002,0.038
0.017,-0.002,0.017,0.001,0.038,-0.002,0.038
0.017,-0.002,0.017,0.002,0.038,-0.002,0.038
0.017,-0.001,0.017,0.001,0.039,-0.001,0.039
0.017,-0.001,0.017,0.001,0.039,-0.001,0.039
0.017,-0.001,0.017,0.001,0.039,-0.001,0.039
0.018,-0.001,0.018,0.001,0.04,-0.001,0.04
0.018,-0.001,0.018,0.001,0.04,-0.001,0.04
0.018,0,0.018,0.001,0.041,0,0.041
0.018,0,0.018,0.001,0.042,0,0.042
0.018,0,0.018,0.001,0.042,0,0.042
0.017,0,0.017,0,0.043,0,0.043
0.017,0,0.017,0,0.044,0,0.044
0.017,0,0.017,0,0.044,0,0.044
0.017,0,0.017,0,0.045,0,0.045
0.016,0,0.016,0,0.046,0,0.046
0.016,0,0.016,0,0.047,0,0.047
0.016,0,0.016,0,0.047,0,0.047
0.015,0,0.015,0,0.048,0,0.048
0.015,-0.001,0.015,-0.001,0.048,-0.001,0.048
0.014,-0.001,0.014,-0.001,0.049,-0.001,0.049
0.014,-0.001,0.014,-0.001,0.049,-0.001,0.049
0.013,-0.001,0.013,-0.001,0.049,-0.001,0.049
0.013,-0.002,0.013,-0.001,0.049,-0.002,0.049
0.012,-0.002,0.012,-0.001,0.049,-0.002,0.049
0.011,-0.002,0.011,-0.001,0.049,-0.002,0.049
0.011,-0.002,0.011,-0.002,0.049,-0.002,0.049
0.01,-0.003,0.01,-0.002,0.049,-0.003,0.049
0.01,-0.003,0.01,-0.002,0.049,-0.003,0.049
0.009,-0.003,0.009,-0.002,0.048,-0.003,0.048
0.009,-0.003,0.009,-0.003,0.048,-0.003,0.048
0.009,-0.004,0.009,-0.003,0.048,-0.004,0.048
0.008,-0.004,0.008,-0.003,0.047,-0.004,0.047
0.008,-0.004,0.008,-0.004,0.047,-0.004,0.047
0.008,-0.004,0.008,-0.004,0.047,-0.004,0.047
0.008,-0.004,0.008,-0.004,0.046,-0.004,0.046
0.008,-0.004,0.008,-0.004,0.046,-0.004,0.046
0.008,-0.004,0.008,-0.005,0.046,-0.004,0.046
0.009,-0.004,0.009,-0.005,0.045,-0.004,0.045
0.009,-0.004,0.009,-0.005,0.045,-0.004,0.045
0.009,-0.004,0.009,-0.005,0.045,-0.004,0.045
0.01,-0.004,0.01,-0.005,0.045,-0.004,0.045
0.01,-0.003,0.01,-0.006,0.045,-0.003,0.045
0.011,-0.003,0.011,-0.006,0.045,-0.003,0.045
0.012,-0.003,0.012,-0.006,0.045,-0.003,0.045
0.012,-0.002,0.012,-0.005,0.045,-0.002,0.045
0.013,-0.002,0.013,-0.005,0.045,-0.002,0.045
0.014,-0.001,0.014,-0.005,0.045,-0.001,0.045
0.014,-0.001,0.014,-0.005,0.045,-0.001,0.045
0.015,-0.001,0.015,-0.005,0.045,-0.001,0.045
0.016,0,0.016,-0.004,0.045,0,0.045
0.016,0,0.016,-0.004,0.045,0,0.045
0.017,0.001,0.017,-0.003,0.045,0.001,0.045
0.017,0.001,0.017,-0.003,0.046,0.001,0.046
0.018,0.001,0.018,-0.002,0.046,0.001,0.046
0.018,0.001,0.018,-0.002,0.046,0.001,0.046
0.018,0.002,0.018,-0.001,0.046,0.002,0.046
0.018,0.002,0.018,-0.001,0.046,0.002,0.046
0.018,0.002,0.018,0,0.046,0.002,0.046
0.018,0.002,0.018,0,0.046,0.002,0.046
0.018,0.002,0.018,0.001,0.046,0.002,0.046
0.018,0.002,0.018,0.002,0.046,0.002,0.046
0.018,0.002,0.018,0.002,0.046,0.002,0.046
0.018,0.001,0.018,0.003,0.046,0.001,0.046
0.017,0.001,0.017,0.003,0.046,0.001,0.046
0.017,0.001,0.017,0.003,0.046,0.001,0.046
0.016,0.001,0.016,0.004,0.046,0.001,0.046
0.016,0,0.016,0.004,0.046,0,0.046
0.015,0,0.015,0.004,0.046,0,0.046
0.015,-0.001,0.015,0.005,0.046,-0.001,0.046
0.014,-0.001,0.014,0.005,0.046,-0.001,0.046
0.013,-0.002,0.013,0.005,0.046,-0.002,0.046
0.013,-0.002,0.013,0.005,0.045,-0.002,0.045
0.013,-0.003,0.013,0.005,0.045,-0.003,0.045
0.012,-0.003,0.012,0.005,0.045,-0.003,0.045
0.012,-0.003,0.012,0.005,0.045,-0.003,0.045
0.012,-0.004,0.012,0.005,0.045,-0.004,0.045
0.011,-0.004,0.011,0.004,0.045,-0.004,0.045
0.011,-0.005,0.011,0.004,0.044,-0.005,0.044
0.011,-0.005,0.011,0.004,0.044,-0.005,0.044
0.012,-0.005,0.012,0.003,0.044,-0.005,0.044
0.012,-0.005,0.012,0.003,0.044,-0.005,0.044
0.012,-0.006,0.012,0.002,0.044,-0.006,0.044
0.012,-0.006,0.012,0.002,0.044,-0.006,0.044
0.013,-0.006,0.013,0.002,0.044,-0.006,0.044
0.013,-0.006,0.013,0.001,0.044,-0.006,0.044
0.014,-0.006,0.014,0.001,0.044,-0.006,0.044
0.014,-0.006,0.014,0,0.044,-0.006,0.044
0.014,-0.006,0.014,0,0.044,-0.006,0.044
0.015,-0.006,0.015,-0.001,0.045,-0.006,0.045
0.015,-0.006,0.015,-0.001,0.045,-0.006,0.045
0.016,-0.006,0.016,-0.002,0.045,-0.006,0.045
0.016,-0.006,0.016,-0.002,0.045,-0.006,0.045
0.017,-0.006,0.017,-0.002,0.045,-0.006,0.045
0.017,-0.006,0.017,-0.002,0.045,-0.006,0.045
0.017,-0.006,0.017,-0.003,0.046,-0.006,0.046
0.017,-0.006,0.017,-0.003,0.046,-0.006,0.046
0.017,-0.006,0.017,-0.003,0.046,-0.006,0.046
0.017,-0.007,0.017,-0.003,0.046,-0.007,0.046
0.017,-0.007,0.017,-0.003,0.046,-0.007,0.046
0.017,-0.007,0.017,-0.003,0.046,-0.007,0.046
0.017,-0.007,0.017,-0.003,0.047,-0.007,0.047
0.016,-0.007,0.016,-0.003,0.047,-0.007,0.047
0.016,-0.008,0.016,-0.003,0.047,-0.008,0.047
0.015,-0.008,0.015,-0.003,0.047,-0.008,0.047
0.015,-0.008,0.015,-0.003,0.047,-0.008,0.047
0.014,-0.008,0.014,-0.003,0.047,-0.008,0.047
0.014,-0.008,0.014,-0.002,0.047,-0.008,0.047
0.013,-0.008,0.013,-0.002,0.047,-0.008,0.047
0.013,-0.008,0.013,-0.002,0.047,-0.008,0.047
0.012,-0.008,0.012,-0.002,0.047,-0.008,0.047
0.012,-0.008,0.012,-0.002,0.047,-0.008,0.047
0.011,-0.007,0.011,-0.001,0.046,-0.007,0.046
0.011,-0.007,0.011,-0.001,0.046,-0.007,0.046
0.01,-0.007,0.01,-0.001,0.046,-0.007,0.046
0.01,-0.006,0.01,-0.001,0.046,-0.006,0.046
0.01,-0.006,0.01,0,0.046,-0.006,0.046
0.009,-0.005,0.009,0,0.046,-0.005,0.046
0.009,-0.004,0.009,0,0.046,-0.004,0.046
0.009,-0.004,0.009,0,0.046,-0.004,0.046
0.009,-0.003,0.009,0.001,0.046,-0.003,0.046
0.009,-0.002,0.009,0.001,0.046,-0.002,0.046
0.009,-0.001,0.009,0.001,0.046,-0.001,0.046
0.009,-0.001,0.009,0.001,0.046,-0.001,0.046
0.009,0,0.009,0.001,0.046,0,0.046
0.009,0.001,0.009,0.001,0.046,0.001,0.046
0.009,0.001,0.009,0.001,0.046,0.001,0.046
0.01,0.002,0.01,0.002,0.046,0.002,0.046
0.01,0.002,0.01,0.002,0.046,0.002,0.046
0.01,0.003,0.01,0.002,0.046,0.003,0.046
0.011,0.003,0.011,0.002,0.046,0.003,0.046
0.011,0.003,0.011,0.002,0.046,0.003,0.046
0.012,0.004,0.012,0.002,0.046,0.004,0.046
0.012,0.004,0.012,0.002,0.046,0.004,0.046
0.013,0.004,0.013,0.002,0.046,0.004,0.046
0.014,0.004,0.014,0.002,0.045,0.004,0.045
0.014,0.004,0.014,0.002,0.045,0.004,0.045
0.015,0.004,0.015,0.002,0.045,0.004,0.045
0.015,0.004,0.015,0.002,0.045,0.004,0.045
0.016,0.004,0.016,0.002,0.045,0.004,0.045
0.017,0.004,0.017,0.003,0.045,0.004,0.045
0.017,0.003,0.017,0.003,0.045,0.003,0.045
0.018,0.003,0.018,0.003,0.045,0.003,0.045
0.019,0.003,0.019,0.003,0.045,0.003,0.045
0.019,0.003,0.019,0.004,0.045,0.003,0.045
0.02,0.002,0.02,0.004,0.044,0.002,0.044
0.02,0.002,0.02,0.005,0.044,0.002,0.044
0.021,0.002,0.021,0.005,0.044,0.002,0.044
0.021,0.002,0.021,0.006,0.044,0.002,0.044
0.021,0.001,0.021,0.006,0.044,0.001,0.044
0.022,0.001,0.022,0.007,0.044,0.001,0.044
0.022,0.001,0.022,0.007,0.044,0.001,0.044
0.022,0.001,0.022,0.008,0.044,0.001,0.044
0.022,0.001,0.022,0.008,0.045,0.001,0.045
0.022,0.001,0.022,0.009,0.045,0.001,0.045
0.023,0,0.023,0.009,0.045,0,0.045
0.022,0,0.022,0.009,0.045,0,0.045
0.022,0,0.022,0.01,0.045,0,0.045
0.022,0,0.022,0.01,0.045,0,0.045
0.022,0,0.022,0.01,0.046,0,0.046
0.022,0,0.022,0.01,0.046,0,0.046
0.021,0,0.021,0.01,0.046,0,0.046
0.021,0,0.021,0.01,0.046,0,0.046
0.021,0,0.021,0.01,0.046,0,0.046
0.02,0,0.02,0.01,0.046,0,0.046
0.02,0.001,0.02,0.01,0.047,0.001,0.047
0.019,0.001,0.019,0.01,0.047,0.001,0.047
0.019,0.001,0.019,0.01,0.047,0.001,0.047
0.019,0.001,0.019,0.009,0.047,0.001,0.047
0.018,0.002,0.018,0.009,0.047,0.002,0.047
0.018,0.002,0.018,0.009,0.047,0.002,0.047
0.017,0.002,0.017,0.008,0.047,0.002,0.047
0.017,0.003,0.017,0.008,0.047,0.003,0.047
0.017,0.003,0.017,0.007,0.047,0.003,0.047
0.017,0.003,0.017,0.007,0.047,0.003,0.047
0.016,0.004,0.016,0.007,0.046,0.004,0.046
0.016,0.004,0.016,0.007,0.046,0.004,0.046
0.016,0.005,0.016,0.006,0.046,0.005,0.046
0.016,0.005,0.016,0.006,0.046,0.005,0.046
0.015,0.006,0.015,0.006,0.046,0.006,0.046
0.015,0.006,0.015,0.006,0.045,0.006,0.045
0.015,0.006,0.015,0.006,0.045,0.006,0.045
0.015,0.007,0.015,0.006,0.045,0.007,0.045
0.015,0.007,0.015,0.006,0.045,0.007,0.045
0.014,0.007,0.014,0.006,0.045,0.007,0.045
0.014,0.007,0.014,0.006,0.045,0.007,0.045
0.014,0.008,0.014,0.006,0.045,0.008,0.045
0.014,0.008,0.014,0.006,0.045,0.008,0.045
0.013,0.007,0.013,0.006,0.046,0.007,0.046
0.013,0.007,0.013,0.006,0.046,0.007,0.046
0.013,0.007,0.013,0.007,0.046,0.007,0.046
0.012,0.007,0.012,0.007,0.047,0.007,0.047
0.012,0.007,0.012,0.007,0.047,0.007,0.047
0.011,0.006,0.011,0.007,0.048,0.006,0.048
0.011,0.006,0.011,0.007,0.049,0.006,0.049
0.011,0.005,0.011,0.006,0.049,0.005,0.049
0.01,0.005,0.01,0.006,0.05,0.005,0.05
0.01,0.004,0.01,0.006,0.051,0.004,0.051
0.009,0.004,0.009,0.006,0.052,0.004,0.052
0.009,0.003,0.009,0.006,0.052,0.003,0.052
0.009,0.003,0.009,0.005,0.053,0.003,0.053
0.009,0.002,0.009,0.005,0.054,0.002,0.054
0.008,0.002,0.008,0.005,0.055,0.002,0.055
0.008,0.002,0.008,0.004,0.056,0.002,0.056
0.008,0.001,0.008,0.004,0.056,0.001,0.056
0.008,0.001,0.008,0.004,0.057,0.001,0.057
0.008,0.001,0.008,0.003,0.058,0.001,0.058
0.008,0.001,0.008,0.003,0.058,0.001,0.058
0.009,0,0.009,0.003,0.059,0,0.059
0.009,0,0.009,0.002,0.059,0,0.059
0.009,0,0.009,0.002,0.059,0,0.059
0.009,0,0.009,0.002,0.06,0,0.06
0.01,0.001,0.01,0.001,0.06,0.001,0.06
0.01,0.001,0.01,0.001,0.06,0.001,0.06
0.011,0.001,0.011,0.001,0.06,0.001,0.06
0.011,0.001,0.011,0.001,0.06,0.001,0.06
0.012,0.002,0.012,0.001,0.06,0.002,0.06
0.012,0.002,0.012,0.001,0.06,0.002,0.06
0.013,0.002,0.013,0.001,0.06,0.002,0.06
0.014,0.003,0.014,0.001,0.06,0.003,0.06
0.014,0.003,0.014,0.001,0.06,0.003,0.06
0.015,0.003,0.015,0.001,0.06,0.003,0.06
0.015,0.004,0.015,0.002,0.06,0.004,0.06
0.016,0.004,0.016,0.002,0.059,0.004,0.059
0.017,0.004,0.017,0.002,0.059,0.004,0.059
0.017,0.005,0.017,0.002,0.059,0.005,0.059
0.017,0.005,0.017,0.003,0.059,0.005,0.059
0.018,0.005,0.018,0.003,0.059,0.005,0.059
0.018,0.005,0.018,0.003,0.059,0.005,0.059
0.018,0.005,0.018,0.004,0.059,0.005,0.059
0.019,0.005,0.019,0.004,0.059,0.005,0.059
0.019,0.005,0.019,0.004,0.06,0.005,0.06
0.019,0.005,0.019,0.005,0.06,0.005,0.06
0.019,0.005,0.019,0.005,0.06,0.005,0.06
0.019,0.005,0.019,0.005,0.06,0.005,0.06
0.019,0.004,0.019,0.005,0.06,0.004,0.06
0.019,0.004,0.019,0.006,0.06,0.004,0.06
0.019,0.004,0.019,0.006,0.06,0.004,0.06
0.018,0.003,0.018,0.006,0.06,0.003,0.06
0.018,0.003,0.018,0.007,0.06,0.003,0.06
0.018,0.002,0.018,0.007,0.06,0.002,0.06
0.017,0.002,0.017,0.007,0.06,0.002,0.06
0.017,0.002,0.017,0.008,0.06,0.002,0.06
0.017,0.001,0.017,0.008,0.06,0.001,0.06
0.016,0.001,0.016,0.009,0.06,0.001,0.06
0.016,0.001,0.016,0.009,0.06,0.001,0.06
0.015,0.001,0.015,0.01,0.061,0.001,0.061
0.015,0,0.015,0.01,0.061,0,0.061
0.014,0,0.014,0.011,0.061,0,0.061
0.014,0,0.014,0.011,0.061,0,0.061
0.014,0,0.014,0.012,0.061,0,0.061
0.013,0,0.013,0.013,0.062,0,0.062
0.013,0,0.013,0.013,0.062,0,0.062
0.012,0,0.012,0.014,0.063,0,0.063
0.012,0,0.012,0.014,0.063,0,0.063
0.011,-0.001,0.011,0.014,0.064,-0.001,0.064
0.011,-0.001,0.011,0.015,0.064,-0.001,0.064
0.011,-0.001,0.011,0.015,0.065,-0.001,0.065
0.01,-0.001,0.01,0.015,0.065,-0.001,0.065
0.01,-0.001,0.01,0.016,0.066,-0.001,0.066
0.01,-0.001,0.01,0.016,0.067,-0.001,0.067
0.009,-0.001,0.009,0.016,0.067,-0.001,0.067
0.009,-0.001,0.009,0.016,0.068,-0.001,0.068
0.009,-0.001,0.009,0.016,0.068,-0.001,0.068
0.008,-0.001,0.008,0.015,0.069,-0.001,0.069
0.008,-0.002,0.008,0.015,0.069,-0.002,0.069
0.008,-0.002,0.008,0.015,0.07,-0.002,0.07
0.007,-0.002,0.007,0.015,0.07,-0.002,0.07
0.007,-0.002,0.007,0.014,0.07,-0.002,0.07
0.007,-0.002,0.007,0.014,0.071,-0.002,0.071
0.007,-0.002,0.007,0.014,0.071,-0.002,0.071
0.007,-0.002,0.007,0.013,0.071,-0.002,0.071
0.006,-0.002,0.006,0.013,0.071,-0.002,0.071
0.006,-0.002,0.006,0.013,0.071,-0.002,0.071
0.006,-0.002,0.006,0.012,0.07,-0.002,0.07
0.006,-0.002,0.006,0.012,0.07,-0.002,0.07
0.006,-0.002,0.006,0.012,0.07,-0.002,0.07
0.006,-0.001,0.006,0.011,0.069,-0.001,0.069
0.006,-0.001,0.006,0.011,0.069,-0.001,0.069
0.006,-0.001,0.006,0.011,0.068,-0.001,0.068
0.006,-0.001,0.006,0.011,0.068,-0.001,0.068
0.006,0,0.006,0.011,0.068,0,0.068
0.006,0,0.006,0.011,0.067,0,0.067
0.007,0.001,0.007,0.011,0.067,0.001,0.067
0.007,0.001,0.007,0.012,0.066,0.001,0.066
0.007,0.001,0.007,0.012,0.066,0.001,0.066
0.007,0.002,0.007,0.012,0.066,0.002,0.066
0.008,0.003,0.008,0.013,0.065,0.003,0.065
0.008,0.003,0.008,0.013,0.065,0.003,0.065
0.009,0.004,0.009,0.014,0.065,0.004,0.065
0.009,0.004,0.009,0.015,0.065,0.004,0.065
0.01,0.005,0.01,0.015,0.066,0.005,0.066
0.01,0.006,0.01,0.016,0.066,0.006,0.066
0.011,0.006,0.011,0.017,0.066,0.006,0.066
0.011,0.007,0.011,0.017,0.067,0.007,0.067
0.012,0.008,0.012,0.018,0.067,0.008,0.067
0.013,0.009,0.013,0.018,0.068,0.009,0.068
0.013,0.009,0.013,0.019,0.068,0.009,0.068
0.014,0.01,0.014,0.02,0.069,0.01,0.069
0.015,0.011,0.015,0.02,0.07,0.011,0.07
0.016,0.012,0.016,0.021,0.071,0.012,0.071
0.017,0.013,0.017,0.021,0.072,0.013,0.072
0.017,0.013,0.017,0.021,0.073,0.013,0.073
0.018,0.014,0.018,0.022,0.073,0.014,0.073
0.019,0.015,0.019,0.022,0.074,0.015,0.074
0.02,0.016,0.02,0.022,0.075,0.016,0.075
0.02,0.017,0.02,0.022,0.076,0.017,0.076
0.021,0.017,0.021,0.022,0.077,0.017,0.077
0.022,0.018,0.022,0.023,0.078,0.018,0.078
0.022,0.019,0.022,0.023,0.079,0.019,0.079
0.023,0.019,0.023,0.023,0.08,0.019,0.08
0.023,0.02,0.023,0.023,0.081,0.02,0.081
0.024,0.021,0.024,0.023,0.082,0.021,0.082
0.024,0.021,0.024,0.023,0.083,0.021,0.083
0.025,0.022,0.025,0.023,0.083,0.022,0.083
0.025,0.023,0.025,0.024,0.084,0.023,0.084
0.026,0.023,0.026,0.024,0.085,0.023,0.085
0.026,0.024,0.026,0.024,0.085,0.024,0.085
0.027,0.025,0.027,0.025,0.086,0.025,0.086
0.027,0.025,0.027,0.025,0.086,0.025,0.086
0.028,0.026,0.028,0.026,0.087,0.026,0.087
0.028,0.026,0.028,0.026,0.087,0.026,0.087
0.029,0.027,0.029,0.027,0.088,0.027,0.088
0.029,0.027,0.029,0.028,0.088,0.027,0.088
0.03,0.028,0.03,0.029,0.088,0.028,0.088
0.03,0.028,0.03,0.03,0.089,0.028,0.089
0.031,0.028,0.031,0.031,0.089,0.028,0.089
0.031,0.029,0.031,0.032,0.089,0.029,0.089
0.032,0.029,0.032,0.033,0.089,0.029,0.089
0.033,0.029,0.033,0.034,0.09,0.029,0.09
0.033,0.03,0.033,0.035,0.09,0.03,0.09
0.034,0.03,0.034,0.036,0.09,0.03,0.09
0.035,0.03,0.035,0.038,0.09,0.03,0.09
0.035,0.03,0.035,0.039,0.09,0.03,0.09
0.036,0.03,0.036,0.04,0.09,0.03,0.09
0.037,0.03,0.037,0.041,0.091,0.03,0.091
0.037,0.03,0.037,0.042,0.091,0.03,0.091
0.038,0.03,0.038,0.043,0.091,0.03,0.091
0.038,0.03,0.038,0.044,0.091,0.03,0.091
0.039,0.03,0.039,0.045,0.092,0.03,0.092
0.039,0.03,0.039,0.046,0.092,0.03,0.092
0.04,0.03,0.04,0.047,0.092,0.03,0.092
0.04,0.03,0.04,0.048,0.092,0.03,0.092
0.041,0.03,0.041,0.048,0.093,0.03,0.093
0.041,0.03,0.041,0.049,0.093,0.03,0.093
0.041,0.03,0.041,0.049,0.094,0.03,0.094
0.042,0.03,0.042,0.05,0.094,0.03,0.094
0.042,0.03,0.042,0.05,0.095,0.03,0.095
0.042,0.03,0.042,0.05,0.095,0.03,0.095
0.042,0.03,0.042,0.05,0.096,0.03,0.096
0.043,0.03,0.043,0.051,0.096,0.03,0.096
0.043,0.03,0.043,0.051,0.097,0.03,0.097
0.043,0.03,0.043,0.051,0.098,0.03,0.098
0.043,0.03,0.043,0.051,0.099,0.03,0.099
0.044,0.03,0.044,0.051,0.099,0.03,0.099
0.044,0.031,0.044,0.051,0.1,0.031,0.1
0.044,0.031,0.044,0.051,0.101,0.031,0.101
0.045,0.031,0.045,0.051,0.102,0.031,0.102
0.045,0.032,0.045,0.051,0.103,0.032,0.103
0.045,0.032,0.045,0.051,0.104,0.032,0.104
0.046,0.033,0.046,0.051,0.105,0.033,0.105
0.046,0.033,0.046,0.051,0.106,0.033,0.106
0.047,0.034,0.047,0.051,0.107,0.034,0.107
0.047,0.034,0.047,0.052,0.108,0.034,0.108
0.048,0.035,0.048,0.052,0.109,0.035,0.109
0.048,0.036,0.048,0.053,0.11,0.036,0.11
0.049,0.037,0.049,0.053,0.111,0.037,0.111
0.049,0.038,0.049,0.054,0.112,0.038,0.112
0.05,0.039,0.05,0.055,0.113,0.039,0.113
0.051,0.04,0.051,0.056,0.114,0.04,0.114
0.051,0.041,0.051,0.057,0.115,0.041,0.115
0.052,0.042,0.052,0.058,0.116,0.042,0.116
0.053,0.043,0.053,0.059,0.117,0.043,0.117
0.054,0.044,0.054,0.061,0.117,0.044,0.117
0.055,0.045,0.055,0.062,0.118,0.045,0.118
0.056,0.046,0.056,0.064,0.119,0.046,0.119
0.057,0.048,0.057,0.065,0.12,0.048,0.12
0.058,0.049,0.058,0.067,0.121,0.049,0.121
0.06,0.05,0.06,0.069,0.122,0.05,0.122
0.061,0.052,0.061,0.071,0.123,0.052,0.123
0.062,0.053,0.062,0.073,0.123,0.053,0.123
0.064,0.054,0.064,0.076,0.125,0.054,0.125
0.065,0.056,0.065,0.078,0.126,0.056,0.126
0.067,0.057,0.067,0.08,0.127,0.057,0.127
0.069,0.059,0.069,0.083,0.128,0.059,0.128
0.07,0.061,0.07,0.085,0.129,0.061,0.129
0.072,0.062,0.072,0.087,0.131,0.062,0.131
0.074,0.064,0.074,0.09,0.132,0.064,0.132
0.076,0.066,0.076,0.092,0.134,0.066,0.134
0.078,0.067,0.078,0.094,0.136,0.067,0.136
0.08,0.069,0.08,0.096,0.138,0.069,0.138
0.082,0.071,0.082,0.098,0.139,0.071,0.139
0.084,0.073,0.084,0.1,0.141,0.073,0.141
0.086,0.074,0.086,0.102,0.143,0.074,0.143
0.088,0.076,0.088,0.104,0.145,0.076,0.145
0.09,0.078,0.09,0.105,0.147,0.078,0.147
0.092,0.08,0.092,0.106,0.149,0.08,0.149
0.094,0.082,0.094,0.108,0.151,0.082,0.151
0.095,0.083,0.095,0.109,0.153,0.083,0.153
0.097,0.085,0.097,0.11,0.154,0.085,0.154
0.099,0.087,0.099,0.11,0.156,0.087,0.156
0.1,0.088,0.1,0.111,0.157,0.088,0.157
0.102,0.09,0.102,0.111,0.158,0.09,0.158
0.103,0.091,0.103,0.111,0.16,0.091,0.16
0.104,0.093,0.104,0.111,0.161,0.093,0.161
0.105,0.094,0.105,0.111,0.161,0.094,0.161
0.106,0.095,0.106,0.111,0.162,0.095,0.162
0.107,0.096,0.107,0.111,0.162,0.096,0.162
0.108,0.097,0.108,0.111,0.163,0.097,0.163
0.108,0.098,0.108,0.11,0.163,0.098,0.163
0.108,0.098,0.108,0.11,0.163,0.098,0.163
0.109,0.099,0.109,0.11,0.163,0.099,0.163
0.109,0.099,0.109,0.11,0.162,0.099,0.162
0.109,0.099,0.109,0.109,0.162,0.099,0.162
0.109,0.099,0.109,0.109,0.162,0.099,0.162
0.109,0.099,0.109,0.109,0.161,0.099,0.161
0.109,0.099,0.109,0.109,0.16,0.099,0.16
0.108,0.099,0.108,0.11,0.16,0.099,0.16
0.108,0.099,0.108,0.11,0.159,0.099,0.159
0.108,0.099,0.108,0.11,0.159,0.099,0.159
0.108,0.099,0.108,0.11,0.158,0.099,0.158
0.108,0.099,0.108,0.111,0.157,0.099,0.157
0.108,0.099,0.108,0.111,0.157,0.099,0.157
0.108,0.099,0.108,0.112,0.156,0.099,0.156
0.108,0.099,0.108,0.113,0.156,0.099,0.156
0.108,0.098,0.108,0.113,0.155,0.098,0.155
0.108,0.098,0.108,0.114,0.155,0.098,0.155
0.108,0.098,0.108,0.114,0.154,0.098,0.154
0.109,0.098,0.109,0.114,0.154,0.098,0.154
0.109,0.098,0.109,0.115,0.153,0.098,0.153
0.11,0.098,0.11,0.115,0.153,0.098,0.153
0.11,0.098,0.11,0.115,0.153,0.098,0.153
0.111,0.098,0.111,0.114,0.153,0.098,0.153
0.111,0.098,0.111,0.114,0.152,0.098,0.152
0.112,0.098,0.112,0.114,0.152,0.098,0.152
0.112,0.098,0.112,0.113,0.151,0.098,0.151
0.113,0.098,0.113,0.112,0.151,0.098,0.151
0.113,0.098,0.113,0.111,0.151,0.098,0.151
0.113,0.098,0.113,0.11,0.15,0.098,0.15
0.114,0.097,0.114,0.108,0.149,0.097,0.149
0.114,0.097,0.114,0.107,0.149,0.097,0.149
0.114,0.097,0.114,0.105,0.148,0.097,0.148
0.113,0.096,0.113,0.103,0.147,0.096,0.147
0.113,0.096,0.113,0.102,0.146,0.096,0.146
0.113,0.095,0.113,0.1,0.145,0.095,0.145
0.112,0.094,0.112,0.098,0.144,0.094,0.144
0.111,0.093,0.111,0.096,0.142,0.093,0.142
0.11,0.092,0.11,0.094,0.141,0.092,0.141
0.109,0.091,0.109,0.092,0.139,0.091,0.139
0.107,0.09,0.107,0.09,0.138,0.09,0.138
0.106,0.088,0.106,0.089,0.136,0.088,0.136
0.104,0.087,0.104,0.087,0.134,0.087,0.134
0.102,0.085,0.102,0.085,0.133,0.085,0.133
0.101,0.083,0.101,0.084,0.131,0.083,0.131
0.099,0.081,0.099,0.082,0.129,0.081,0.129
0.097,0.079,0.097,0.081,0.127,0.079,0.127
0.094,0.078,0.094,0.079,0.125,0.078,0.125
0.092,0.076,0.092,0.078,0.123,0.076,0.123
0.09,0.074,0.09,0.076,0.122,0.074,0.122
0.088,0.072,0.088,0.075,0.12,0.072,0.12
0.086,0.07,0.086,0.074,0.118,0.07,0.118
0.083,0.068,0.083,0.072,0.116,0.068,0.116
0.081,0.066,0.081,0.071,0.114,0.066,0.114
0.079,0.064,0.079,0.07,0.112,0.064,0.112
0.077,0.062,0.077,0.068,0.11,0.062,0.11
0.075,0.06,0.075,0.067,0.108,0.06,0.108
0.073,0.059,0.073,0.065,0.106,0.059,0.106
0.071,0.057,0.071,0.064,0.103,0.057,0.103
0.069,0.056,0.069,0.062,0.101,0.056,0.101
0.066,0.054,0.066,0.06,0.099,0.054,0.099
0.064,0.052,0.064,0.058,0.096,0.052,0.096
0.062,0.051,0.062,0.056,0.094,0.051,0.094
0.06,0.05,0.06,0.053,0.091,0.05,0.091
0.058,0.048,0.058,0.051,0.088,0.048,0.088
0.056,0.046,0.056,0.048,0.085,0.046,0.085
0.054,0.045,0.054,0.045,0.082,0.045,0.082
0.052,0.043,0.052,0.042,0.079,0.043,0.079
0.049,0.042,0.049,0.038,0.076,0.042,0.076
0.047,0.04,0.047,0.035,0.072,0.04,0.072
0.044,0.038,0.044,0.031,0.068,0.038,0.068
0.042,0.036,0.042,0.027,0.064,0.036,0.064
0.039,0.034,0.039,0.023,0.061,0.034,0.061
0.036,0.031,0.036,0.019,0.057,0.031,0.057
0.034,0.029,0.034,0.015,0.052,0.029,0.052
0.031,0.026,0.031,0.011,0.048,0.026,0.048
0.027,0.023,0.027,0.006,0.044,0.023,0.044
0.024,0.02,0.024,0.002,0.04,0.02,0.04
0.021,0.017,0.021,-0.002,0.035,0.017,0.035
0.018,0.014,0.018,-0.006,0.031,0.014,0.031
0.014,0.011,0.014,-0.01,0.027,0.011,0.027
0.011,0.007,0.011,-0.014,0.023,0.007,0.023
0.007,0.004,0.007,-0.018,0.018,0.004,0.018
0.004,0,0.004,-0.021,0.014,0,0.014
0,-0.004,0,-0.025,0.01,-0.004,0.01
-0.003,-0.007,-0.003,-0.028,0.006,-0.007,0.006
-0.006,-0.011,-0.006,-0.031,0.002,-0.011,0.002
-0.01,-0.015,-0.01,-0.033,-0.002,-0.015,-0.002
-0.013,-0.018,-0.013,-0.035,-0.006,-0.018,-0.006
-0.016,-0.022,-0.016,-0.038,-0.009,-0.022,-0.009
-0.019,-0.025,-0.019,-0.039,-0.013,-0.025,-0.013
-0.022,-0.028,-0.022,-0.041,-0.016,-0.028,-0.016
-0.024,-0.031,-0.024,-0.042,-0.02,-0.031,-0.02
-0.027,-0.034,-0.027,-0.043,-0.023,-0.034,-0.023
-0.029,-0.037,-0.029,-0.044,-0.026,-0.037,-0.026
-0.031,-0.039,-0.031,-0.045,-0.029,-0.039,-0.029
-0.033,-0.041,-0.033,-0.045,-0.032,-0.041,-0.032
-0.034,-0.043,-0.034,-0.045,-0.034,-0.043,-0.034
-0.036,-0.045,-0.036,-0.046,-0.037,-0.045,-0.037
-0.037,-0.047,-0.037,-0.045,-0.039,-0.047,-0.039
-0.038,-0.048,-0.038,-0.045,-0.042,-0.048,-0.042
-0.039,-0.049,-0.039,-0.045,-0.044,-0.049,-0.044
-0.04,-0.05,-0.04,-0.045,-0.046,-0.05,-0.046
-0.04,-0.05,-0.04,-0.044,-0.048,-0.05,-0.048
-0.041,-0.051,-0.041,-0.044,-0.05,-0.051,-0.05
-0.041,-0.051,-0.041,-0.043,-0.052,-0.051,-0.052
-0.041,-0.051,-0.041,-0.043,-0.054,-0.051,-0.054
-0.041,-0.051,-0.041,-0.042,-0.055,-0.051,-0.055
-0.04,-0.051,-0.04,-0.042,-0.057,-0.051,-0.057
-0.04,-0.051,-0.04,-0.041,-0.058,-0.051,-0.058
-0.04,-0.051,-0.04,-0.041,-0.059,-0.051,-0.059
-0.039,-0.05,-0.039,-0.041,-0.06,-0.05,-0.06
-0.039,-0.05,-0.039,-0.04,-0.061,-0.05,-0.061
-0.038,-0.049,-0.038,-0.04,-0.062,-0.049,-0.062
-0.038,-0.049,-0.038,-0.04,-0.063,-0.049,-0.063
-0.037,-0.049,-0.037,-0.04,-0.064,-0.049,-0.064
-0.036,-0.048,-0.036,-0.04,-0.065,-0.048,-0.065
-0.036,-0.048,-0.036,-0.04,-0.065,-0.048,-0.065
-0.035,-0.047,-0.035,-0.04,-0.066,-0.047,-0.066
-0.035,-0.047,-0.035,-0.04,-0.066,-0.047,-0.066
-0.034,-0.047,-0.034,-0.04,-0.067,-0.047,-0.067
-0.034,-0.046,-0.034,-0.041,-0.068,-0.046,-0.068
-0.033,-0.046,-0.033,-0.041,-0.068,-0.046,-0.068
-0.033,-0.046,-0.033,-0.041,-0.069,-0.046,-0.069
-0.033,-0.045,-0.033,-0.041,-0.069,-0.045,-0.069
-0.032,-0.045,-0.032,-0.041,-0.07,-0.045,-0.07
-0.032,-0.045,-0.032,-0.042,-0.071,-0.045,-0.071
-0.032,-0.045,-0.032,-0.042,-0.072,-0.045,-0.072
-0.032,-0.044,-0.032,-0.042,-0.072,-0.044,-0.072
-0.032,-0.044,-0.032,-0.042,-0.073,-0.044,-0.073
-0.032,-0.044,-0.032,-0.042,-0.074,-0.044,-0.074
-0.032,-0.044,-0.032,-0.042,-0.075,-0.044,-0.075
-0.032,-0.043,-0.032,-0.042,-0.076,-0.043,-0.076
-0.032,-0.043,-0.032,-0.041,-0.078,-0.043,-0.078
-0.033,-0.043,-0.033,-0.041,-0.079,-0.043,-0.079
-0.033,-0.043,-0.033,-0.041,-0.08,-0.043,-0.08
-0.033,-0.043,-0.033,-0.04,-0.082,-0.043,-0.082
-0.033,-0.042,-0.033,-0.04,-0.083,-0.042,-0.083
-0.034,-0.042,-0.034,-0.04,-0.085,-0.042,-0.085
-0.034,-0.042,-0.034,-0.039,-0.086,-0.042,-0.086
-0.034,-0.042,-0.034,-0.039,-0.088,-0.042,-0.088
-0.034,-0.042,-0.034,-0.038,-0.089,-0.042,-0.089
-0.034,-0.042,-0.034,-0.038,-0.091,-0.042,-0.091
-0.035,-0.042,-0.035,-0.037,-0.093,-0.042,-0.093
-0.035,-0.042,-0.035,-0.037,-0.094,-0.042,-0.094
-0.035,-0.042,-0.035,-0.036,-0.096,-0.042,-0.096
-0.035,-0.042,-0.035,-0.036,-0.097,-0.042,-0.097
-0.034,-0.042,-0.034,-0.036,-0.098,-0.042,-0.098
-0.034,-0.042,-0.034,-0.035,-0.1,-0.042,-0.1
-0.034,-0.042,-0.034,-0.035,-0.101,-0.042,-0.101
-0.034,-0.043,-0.034,-0.035,-0.102,-0.043,-0.102
-0.033,-0.043,-0.033,-0.034,-0.103,-0.043,-0.103
-0.033,-0.043,-0.033,-0.034,-0.104,-0.043,-0.104
-0.032,-0.043,-0.032,-0.034,-0.104,-0.043,-0.104
-0.032,-0.043,-0.032,-0.033,-0.105,-0.043,-0.105
-0.031,-0.043,-0.031,-0.033,-0.105,-0.043,-0.105
-0.031,-0.043,-0.031,-0.033,-0.106,-0.043,-0.106
-0.03,-0.044,-0.03,-0.033,-0.106,-0.044,-0.106
-0.03,-0.044,-0.03,-0.033,-0.106,-0.044,-0.106
-0.029,-0.044,-0.029,-0.033,-0.106,-0.044,-0.106
-0.029,-0.044,-0.029,-0.033,-0.106,-0.044,-0.106
-0.028,-0.043,-0.028,-0.033,-0.105,-0.043,-0.105
-0.027,-0.043,-0.027,-0.033,-0.105,-0.043,-0.105
-0.027,-0.043,-0.027,-0.033,-0.105,-0.043,-0.105
-0.026,-0.043,-0.026,-0.033,-0.104,-0.043,-0.104
-0.026,-0.043,-0.026,-0.033,-0.104,-0.043,-0.104
-0.025,-0.042,-0.025,-0.034,-0.103,-0.042,-0.103
-0.025,-0.042,-0.025,-0.034,-0.102,-0.042,-0.102
-0.024,-0.042,-0.024,-0.034,-0.102,-0.042,-0.102
-0.024,-0.042,-0.024,-0.035,-0.101,-0.042,-0.101
-0.023,-0.041,-0.023,-0.035,-0.1,-0.041,-0.1
-0.023,-0.041,-0.023,-0.036,-0.099,-0.041,-0.099
-0.023,-0.041,-0.023,-0.036,-0.099,-0.041,-0.099
-0.022,-0.04,-0.022,-0.037,-0.098,-0.04,-0.098
-0.022,-0.04,-0.022,-0.038,-0.097,-0.04,-0.097
-0.022,-0.04,-0.022,-0.038,-0.097,-0.04,-0.097
-0.021,-0.04,-0.021,-0.039,-0.096,-0.04,-0.096
-0.021,-0.04,-0.021,-0.04,-0.096,-0.04,-0.096
-0.021,-0.04,-0.021,-0.04,-0.095,-0.04,-0.095
-0.021,-0.04,-0.021,-0.041,-0.095,-0.04,-0.095
-0.021,-0.04,-0.021,-0.042,-0.094,-0.04,-0.094
-0.02,-0.04,-0.02,-0.042,-0.094,-0.04,-0.094
-0.02,-0.04,-0.02,-0.043,-0.094,-0.04,-0.094
-0.02,-0.041,-0.02,-0.043,-0.093,-0.041,-0.093
-0.02,-0.041,-0.02,-0.044,-0.093,-0.041,-0.093
-0.02,-0.041,-0.02,-0.044,-0.093,-0.041,-0.093
-0.02,-0.042,-0.02,-0.044,-0.092,-0.042,-0.092
-0.02,-0.042,-0.02,-0.044,-0.092,-0.042,-0.092
-0.02,-0.042,-0.02,-0.045,-0.092,-0.042,-0.092
-0.02,-0.043,-0.02,-0.045,-0.091,-0.043,-0.091
-0.02,-0.043,-0.02,-0.045,-0.091,-0.043,-0.091
-0.019,-0.044,-0.019,-0.045,-0.091,-0.044,-0.091
-0.019,-0.044,-0.019,-0.044,-0.09,-0.044,-0.09
-0.019,-0.044,-0.019,-0.044,-0.09,-0.044,-0.09
-0.019,-0.045,-0.019,-0.044,-0.089,-0.045,-0.089
-0.019,-0.045,-0.019,-0.044,-0.089,-0.045,-0.089
-0.019,-0.045,-0.019,-0.044,-0.088,-0.045,-0.088
-0.019,-0.045,-0.019,-0.043,-0.088,-0.045,-0.088
-0.019,-0.045,-0.019,-0.043,-0.087,-0.045,-0.087
-0.019,-0.045,-0.019,-0.043,-0.086,-0.045,-0.086
-0.019,-0.045,-0.019,-0.043,-0.086,-0.045,-0.086
-0.019,-0.045,-0.019,-0.043,-0.085,-0.045,-0.085
-0.019,-0.045,-0.019,-0.043,-0.084,-0.045,-0.084
-0.019,-0.044,-0.019,-0.043,-0.084,-0.044,-0.084
-0.019,-0.044,-0.019,-0.043,-0.083,-0.044,-0.083
-0.019,-0.044,-0.019,-0.043,-0.082,-0.044,-0.082
-0.019,-0.043,-0.019,-0.044,-0.081,-0.043,-0.081
-0.02,-0.043,-0.02,-0.044,-0.08,-0.043,-0.08
-0.02,-0.042,-0.02,-0.044,-0.08,-0.042,-0.08
-0.02,-0.042,-0.02,-0.045,-0.079,-0.042,-0.079
-0.02,-0.041,-0.02,-0.045,-0.078,-0.041,-0.078
-0.02,-0.04,-0.02,-0.045,-0.078,-0.04,-0.078
-0.02,-0.04,-0.02,-0.046,-0.077,-0.04,-0.077
-0.021,-0.039,-0.021,-0.046,-0.077,-0.039,-0.077
-0.021,-0.039,-0.021,-0.047,-0.076,-0.039,-0.076
-0.021,-0.038,-0.021,-0.047,-0.076,-0.038,-0.076
-0.021,-0.038,-0.021,-0.048,-0.075,-0.038,-0.075
-0.021,-0.037,-0.021,-0.048,-0.075,-0.037,-0.075
-0.022,-0.036,-0.022,-0.048,-0.074,-0.036,-0.074
-0.022,-0.036,-0.022,-0.049,-0.074,-0.036,-0.074
-0.022,-0.036,-0.022,-0.049,-0.074,-0.036,-0.074
-0.022,-0.035,-0.022,-0.049,-0.074,-0.035,-0.074
-0.022,-0.035,-0.022,-0.049,-0.074,-0.035,-0.074
-0.022,-0.034,-0.022,-0.049,-0.073,-0.034,-0.073
-0.022,-0.034,-0.022,-0.049,-0.073,-0.034,-0.073
-0.023,-0.034,-0.023,-0.049,-0.073,-0.034,-0.073
-0.023,-0.034,-0.023,-0.048,-0.073,-0.034,-0.073
-0.023,-0.033,-0.023,-0.048,-0.073,-0.033,-0.073
-0.023,-0.033,-0.023,-0.047,-0.073,-0.033,-0.073
-0.023,-0.033,-0.023,-0.047,-0.073,-0.033,-0.073
-0.023,-0.033,-0.023,-0.046,-0.072,-0.033,-0.072
-0.023,-0.033,-0.023,-0.045,-0.072,-0.033,-0.072
-0.023,-0.033,-0.023,-0.044,-0.072,-0.033,-0.072
-0.022,-0.033,-0.022,-0.043,-0.072,-0.033,-0.072
-0.022,-0.033,-0.022,-0.042,-0.072,-0.033,-0.072
-0.022,-0.033,-0.022,-0.041,-0.071,-0.033,-0.071
-0.022,-0.033,-0.022,-0.04,-0.071,-0.033,-0.071
-0.022,-0.033,-0.022,-0.039,-0.071,-0.033,-0.071
-0.022,-0.033,-0.022,-0.038,-0.07,-0.033,-0.07
-0.022,-0.033,-0.022,-0.036,-0.07,-0.033,-0.07
-0.022,-0.033,-0.022,-0.035,-0.07,-0.033,-0.07
-0.022,-0.033,-0.022,-0.034,-0.069,-0.033,-0.069
-0.021,-0.033,-0.021,-0.033,-0.069,-0.033,-0.069
-0.021,-0.034,-0.021,-0.032,-0.068,-0.034,-0.068
-0.021,-0.034,-0.021,-0.031,-0.068,-0.034,-0.068
-0.021,-0.034,-0.021,-0.031,-0.067,-0.034,-0.067
-0.021,-0.034,-0.021,-0.03,-0.067,-0.034,-0.067
-0.02,-0.034,-0.02,-0.029,-0.066,-0.034,-0.066
-0.02,-0.034,-0.02,-0.029,-0.066,-0.034,-0.066
-0.02,-0.034,-0.02,-0.029,-0.065,-0.034,-0.065
-0.02,-0.034,-0.02,-0.029,-0.065,-0.034,-0.065
-0.019,-0.035,-0.019,-0.029,-0.064,-0.035,-0.064
-0.019,-0.035,-0.019,-0.029,-0.064,-0.035,-0.064
-0.019,-0.035,-0.019,-0.03,-0.063,-0.035,-0.063
-0.019,-0.035,-0.019,-0.031,-0.063,-0.035,-0.063
-0.018,-0.035,-0.018,-0.031,-0.062,-0.035,-0.062
-0.018,-0.035,-0.018,-0.032,-0.062,-0.035,-0.062
-0.018,-0.035,-0.018,-0.033,-0.061,-0.035,-0.061
-0.017,-0.035,-0.017,-0.034,-0.061,-0.035,-0.061
-0.017,-0.035,-0.017,-0.035,-0.06,-0.035,-0.06
-0.017,-0.035,-0.017,-0.036,-0.06,-0.035,-0.06
-0.017,-0.035,-0.017,-0.038,-0.06,-0.035,-0.06
-0.017,-0.035,-0.017,-0.039,-0.059,-0.035,-0.059
-0.016,-0.034,-0.016,-0.04,-0.059,-0.034,-0.059
-0.016,-0.034,-0.016,-0.041,-0.059,-0.034,-0.059
-0.016,-0.034,-0.016,-0.042,-0.058,-0.034,-0.058
-0.016,-0.034,-0.016,-0.043,-0.058,-0.034,-0.058
-0.016,-0.034,-0.016,-0.044,-0.058,-0.034,-0.058
-0.015,-0.033,-0.015,-0.045,-0.058,-0.033,-0.058
-0.015,-0.033,-0.015,-0.045,-0.058,-0.033,-0.058
-0.015,-0.033,-0.015,-0.046,-0.057,-0.033,-0.057
-0.015,-0.033,-0.015,-0.046,-0.057,-0.033,-0.057
-0.015,-0.032,-0.015,-0.046,-0.058,-0.032,-0.058
-0.016,-0.032,-0.016,-0.047,-0.058,-0.032,-0.058
-0.016,-0.032,-0.016,-0.047,-0.058,-0.032,-0.058
-0.016,-0.032,-0.016,-0.047,-0.058,-0.032,-0.058
-0.016,-0.032,-0.016,-0.046,-0.058,-0.032,-0.058
-0.017,-0.032,-0.017,-0.046,-0.059,-0.032,-0.059
-0.017,-0.032,-0.017,-0.046,-0.059,-0.032,-0.059
-0.018,-0.032,-0.018,-0.046,-0.06,-0.032,-0.06
-0.018,-0.032,-0.018,-0.045,-0.06,-0.032,-0.06
-0.019,-0.032,-0.019,-0.045,-0.061,-0.032,-0.061
-0.02,-0.032,-0.02,-0.045,-0.062,-0.032,-0.062
-0.021,-0.033,-0.021,-0.045,-0.063,-0.033,-0.063
-0.022,-0.033,-0.022,-0.045,-0.064,-0.033,-0.064
-0.023,-0.034,-0.023,-0.046,-0.065,-0.034,-0.065
-0.025,-0.034,-0.025,-0.046,-0.066,-0.034,-0.066
-0.026,-0.035,-0.026,-0.047,-0.067,-0.035,-0.067
-0.027,-0.037,-0.027,-0.048,-0.068,-0.037,-0.068
-0.029,-0.038,-0.029,-0.049,-0.07,-0.038,-0.07
-0.031,-0.039,-0.031,-0.05,-0.071,-0.039,-0.071
-0.033,-0.041,-0.033,-0.051,-0.072,-0.041,-0.072
-0.035,-0.043,-0.035,-0.053,-0.074,-0.043,-0.074
-0.036,-0.045,-0.036,-0.055,-0.075,-0.045,-0.075
-0.039,-0.047,-0.039,-0.058,-0.077,-0.047,-0.077
-0.041,-0.049,-0.041,-0.06,-0.079,-0.049,-0.079
-0.043,-0.051,-0.043,-0.063,-0.08,-0.051,-0.08
-0.045,-0.054,-0.045,-0.066,-0.082,-0.054,-0.082
-0.047,-0.056,-0.047,-0.069,-0.084,-0.056,-0.084
-0.049,-0.059,-0.049,-0.072,-0.085,-0.059,-0.085
-0.051,-0.062,-0.051,-0.075,-0.087,-0.062,-0.087
-0.053,-0.065,-0.053,-0.079,-0.088,-0.065,-0.088
-0.055,-0.067,-0.055,-0.082,-0.09,-0.067,-0.09
-0.057,-0.07,-0.057,-0.085,-0.092,-0.07,-0.092
-0.059,-0.072,-0.059,-0.089,-0.093,-0.072,-0.093
-0.06,-0.075,-0.06,-0.092,-0.095,-0.075,-0.095
-0.062,-0.077,-0.062,-0.095,-0.096,-0.077,-0.096
-0.063,-0.079,-0.063,-0.098,-0.097,-0.079,-0.097
-0.064,-0.081,-0.064,-0.101,-0.098,-0.081,-0.098
-0.064,-0.082,-0.064,-0.103,-0.099,-0.082,-0.099
-0.065,-0.084,-0.065,-0.105,-0.1,-0.084,-0.1
-0.065,-0.084,-0.065,-0.107,-0.1,-0.084,-0.1
-0.064,-0.085,-0.064,-0.109,-0.101,-0.085,-0.101
-0.064,-0.085,-0.064,-0.11,-0.101,-0.085,-0.101
-0.062,-0.084,-0.062,-0.111,-0.101,-0.084,-0.101
-0.061,-0.083,-0.061,-0.111,-0.1,-0.083,-0.1
-0.059,-0.082,-0.059,-0.111,-0.099,-0.082,-0.099
-0.057,-0.08,-0.057,-0.11,-0.098,-0.08,-0.098
-0.054,-0.078,-0.054,-0.11,-0.097,-0.078,-0.097
-0.051,-0.075,-0.051,-0.108,-0.095,-0.075,-0.095
-0.048,-0.072,-0.048,-0.106,-0.093,-0.072,-0.093
-0.044,-0.068,-0.044,-0.104,-0.091,-0.068,-0.091
-0.04,-0.064,-0.04,-0.101,-0.088,-0.064,-0.088
-0.035,-0.059,-0.035,-0.098,-0.084,-0.059,-0.084
-0.03,-0.053,-0.03,-0.094,-0.081,-0.053,-0.081
-0.024,-0.047,-0.024,-0.09,-0.077,-0.047,-0.077
-0.019,-0.041,-0.019,-0.086,-0.072,-0.041,-0.072
-0.012,-0.034,-0.012,-0.08,-0.067,-0.034,-0.067
-0.005,-0.027,-0.005,-0.074,-0.061,-0.027,-0.061
0.002,-0.019,0.002,-0.068,-0.055,-0.019,-0.055
0.01,-0.011,0.01,-0.061,-0.048,-0.011,-0.048
0.018,-0.002,0.018,-0.053,-0.041,-0.002,-0.041
0.027,0.007,0.027,-0.045,-0.034,0.007,-0.034
0.036,0.017,0.036,-0.036,-0.025,0.017,-0.025
0.046,0.027,0.046,-0.026,-0.016,0.027,-0.016
0.056,0.038,0.056,-0.016,-0.007,0.038,-0.007
0.066,0.049,0.066,-0.004,0.003,0.049,0.003
0.078,0.061,0.078,0.008,0.014,0.061,0.014
0.089,0.074,0.089,0.02,0.025,0.074,0.025
0.102,0.086,0.102,0.034,0.037,0.086,0.037
0.114,0.1,0.114,0.048,0.05,0.1,0.05
0.128,0.114,0.128,0.064,0.063,0.114,0.063
0.142,0.128,0.142,0.08,0.077,0.128,0.077
0.156,0.143,0.156,0.097,0.091,0.143,0.091
0.171,0.159,0.171,0.114,0.106,0.159,0.106
0.187,0.175,0.187,0.133,0.122,0.175,0.122
0.202,0.191,0.202,0.152,0.138,0.191,0.138
0.219,0.208,0.219,0.172,0.155,0.208,0.155
0.235,0.226,0.235,0.192,0.172,0.226,0.172
0.252,0.244,0.252,0.213,0.189,0.244,0.189
0.27,0.262,0.27,0.234,0.207,0.262,0.207
0.287,0.281,0.287,0.256,0.225,0.281,0.225
0.305,0.299,0.305,0.278,0.243,0.299,0.243
0.322,0.318,0.322,0.299,0.261,0.318,0.261
0.34,0.338,0.34,0.321,0.279,0.338,0.279
0.357,0.357,0.357,0.343,0.298,0.357,0.298
0.374,0.376,0.374,0.365,0.316,0.376,0.316
0.391,0.394,0.391,0.386,0.334,0.394,0.334
0.408,0.413,0.408,0.407,0.351,0.413,0.351
0.424,0.431,0.424,0.427,0.368,0.431,0.368
0.439,0.449,0.439,0.446,0.385,0.449,0.385
0.454,0.466,0.454,0.465,0.4,0.466,0.4
0.468,0.482,0.468,0.482,0.416,0.482,0.416
0.481,0.497,0.481,0.499,0.43,0.497,0.43
0.493,0.512,0.493,0.514,0.443,0.512,0.443
0.504,0.525,0.504,0.529,0.456,0.525,0.456
0.515,0.537,0.515,0.542,0.467,0.537,0.467
0.524,0.548,0.524,0.553,0.478,0.548,0.478
0.532,0.558,0.532,0.563,0.487,0.558,0.487
0.539,0.567,0.539,0.572,0.495,0.567,0.495
0.544,0.574,0.544,0.579,0.502,0.574,0.502
0.549,0.58,0.549,0.585,0.507,0.58,0.507
0.552,0.584,0.552,0.589,0.512,0.584,0.512
0.554,0.586,0.554,0.592,0.515,0.586,0.515
0.555,0.588,0.555,0.593,0.516,0.588,0.516
0.554,0.587,0.554,0.593,0.516,0.587,0.516
0.553,0.586,0.553,0.591,0.515,0.586,0.515
0.55,0.582,0.55,0.587,0.513,0.582,0.513
0.545,0.577,0.545,0.582,0.509,0.577,0.509
0.54,0.571,0.54,0.575,0.504,0.571,0.504
0.534,0.563,0.534,0.567,0.497,0.563,0.497
0.526,0.554,0.526,0.558,0.489,0.554,0.489
0.517,0.544,0.517,0.547,0.48,0.544,0.48
0.507,0.532,0.507,0.535,0.47,0.532,0.47
0.496,0.519,0.496,0.521,0.459,0.519,0.459
0.484,0.504,0.484,0.506,0.446,0.504,0.446
0.472,0.489,0.472,0.49,0.432,0.489,0.432
0.458,0.473,0.458,0.473,0.417,0.473,0.417
0.443,0.455,0.443,0.455,0.401,0.455,0.401
0.428,0.437,0.428,0.435,0.385,0.437,0.385
0.412,0.417,0.412,0.415,0.367,0.417,0.367
0.395,0.397,0.395,0.394,0.348,0.397,0.348
0.378,0.376,0.378,0.372,0.329,0.376,0.329
0.36,0.355,0.36,0.349,0.309,0.355,0.309
0.342,0.333,0.342,0.326,0.289,0.333,0.289
0.323,0.311,0.323,0.303,0.268,0.311,0.268
0.304,0.288,0.304,0.279,0.246,0.288,0.246
0.285,0.266,0.285,0.255,0.224,0.266,0.224
0.265,0.243,0.265,0.231,0.202,0.243,0.202
0.246,0.22,0.246,0.207,0.18,0.22,0.18
0.226,0.198,0.226,0.184,0.158,0.198,0.158
0.207,0.175,0.207,0.16,0.136,0.175,0.136
0.188,0.153,0.188,0.138,0.114,0.153,0.114
0.169,0.132,0.169,0.116,0.092,0.132,0.092
0.15,0.111,0.15,0.094,0.071,0.111,0.071
0.132,0.09,0.132,0.073,0.051,0.09,0.051
0.114,0.071,0.114,0.054,0.031,0.071,0.031
0.097,0.052,0.097,0.035,0.011,0.052,0.011
0.081,0.034,0.081,0.017,-0.007,0.034,-0.007
0.065,0.017,0.065,0.001,-0.025,0.017,-0.025
0.049,0.001,0.049,-0.014,-0.042,0.001,-0.042
0.035,-0.014,0.035,-0.029,-0.058,-0.014,-0.058
0.021,-0.028,0.021,-0.041,-0.073,-0.028,-0.073
0.008,-0.041,0.008,-0.053,-0.087,-0.041,-0.087
-0.004,-0.053,-0.004,-0.063,-0.099,-0.053,-0.099
-0.015,-0.064,-0.015,-0.072,-0.111,-0.064,-0.111
-0.026,-0.074,-0.026,-0.08,-0.122,-0.074,-0.122
-0.035,-0.082,-0.035,-0.086,-0.131,-0.082,-0.131
-0.044,-0.09,-0.044,-0.092,-0.14,-0.09,-0.14
-0.052,-0.097,-0.052,-0.096,-0.147,-0.097,-0.147
-0.059,-0.102,-0.059,-0.099,-0.154,-0.102,-0.154
-0.065,-0.107,-0.065,-0.101,-0.159,-0.107,-0.159
-0.071,-0.111,-0.071,-0.102,-0.163,-0.111,-0.163
-0.075,-0.114,-0.075,-0.102,-0.167,-0.114,-0.167
-0.079,-0.116,-0.079,-0.102,-0.169,-0.116,-0.169
-0.082,-0.117,-0.082,-0.1,-0.171,-0.117,-0.171
-0.084,-0.118,-0.084,-0.098,-0.172,-0.118,-0.172
-0.086,-0.118,-0.086,-0.095,-0.173,-0.118,-0.173
-0.087,-0.118,-0.087,-0.092,-0.173,-0.118,-0.173
-0.088,-0.117,-0.088,-0.088,-0.172,-0.117,-0.172
-0.088,-0.115,-0.088,-0.084,-0.17,-0.115,-0.17
-0.088,-0.113,-0.088,-0.079,-0.169,-0.113,-0.169
-0.087,-0.111,-0.087,-0.074,-0.166,-0.111,-0.166
-0.086,-0.108,-0.086,-0.069,-0.164,-0.108,-0.164
-0.085,-0.105,-0.085,-0.063,-0.161,-0.105,-0.161
-0.083,-0.102,-0.083,-0.058,-0.158,-0.102,-0.158
-0.082,-0.099,-0.082,-0.052,-0.155,-0.099,-0.155
-0.08,-0.096,-0.08,-0.046,-0.151,-0.096,-0.151
-0.078,-0.092,-0.078,-0.04,-0.148,-0.092,-0.148
-0.076,-0.089,-0.076,-0.035,-0.144,-0.089,-0.144
-0.074,-0.085,-0.074,-0.029,-0.14,-0.085,-0.14
-0.072,-0.082,-0.072,-0.023,-0.137,-0.082,-0.137
-0.07,-0.079,-0.07,-0.018,-0.133,-0.079,-0.133
-0.069,-0.076,-0.069,-0.013,-0.13,-0.076,-0.13
-0.067,-0.074,-0.067,-0.008,-0.127,-0.074,-0.127
-0.066,-0.071,-0.066,-0.003,-0.124,-0.071,-0.124
-0.064,-0.069,-0.064,0.001,-0.121,-0.069,-0.121
-0.063,-0.067,-0.063,0.006,-0.118,-0.067,-0.118
-0.062,-0.066,-0.062,0.009,-0.116,-0.066,-0.116
-0.062,-0.064,-0.062,0.013,-0.114,-0.064,-0.114
-0.061,-0.064,-0.061,0.016,-0.112,-0.064,-0.112
-0.061,-0.063,-0.061,0.019,-0.11,-0.063,-0.11
-0.061,-0.063,-0.061,0.021,-0.109,-0.063,-0.109
-0.062,-0.063,-0.062,0.023,-0.108,-0.063,-0.108
-0.062,-0.063,-0.062,0.025,-0.107,-0.063,-0.107
-0.063,-0.064,-0.063,0.026,-0.107,-0.064,-0.107
-0.063,-0.065,-0.063,0.027,-0.106,-0.065,-0.106
-0.064,-0.066,-0.064,0.027,-0.106,-0.066,-0.106
-0.065,-0.067,-0.065,0.027,-0.106,-0.067,-0.106
-0.066,-0.068,-0.066,0.026,-0.107,-0.068,-0.107
-0.068,-0.07,-0.068,0.026,-0.107,-0.07,-0.107
-0.069,-0.072,-0.069,0.024,-0.108,-0.072,-0.108
-0.07,-0.073,-0.07,0.023,-0.109,-0.073,-0.109
-0.072,-0.075,-0.072,0.021,-0.11,-0.075,-0.11
-0.073,-0.077,-0.073,0.019,-0.111,-0.077,-0.111
-0.075,-0.079,-0.075,0.017,-0.112,-0.079,-0.112
-0.076,-0.081,-0.076,0.014,-0.113,-0.081,-0.113
-0.077,-0.082,-0.077,0.012,-0.114,-0.082,-0.114
-0.079,-0.084,-0.079,0.009,-0.116,-0.084,-0.116
-0.08,-0.085,-0.08,0.006,-0.117,-0.085,-0.117
-0.082,-0.087,-0.082,0.003,-0.118,-0.087,-0.118
-0.083,-0.088,-0.083,0,-0.119,-0.088,-0.119
-0.084,-0.09,-0.084,-0.003,-0.12,-0.09,-0.12
-0.085,-0.091,-0.085,-0.006,-0.121,-0.091,-0.121
-0.086,-0.092,-0.086,-0.009,-0.122,-0.092,-0.122
-0.087,-0.093,-0.087,-0.012,-0.123,-0.093,-0.123
-0.088,-0.093,-0.088,-0.015,-0.124,-0.093,-0.124
-0.089,-0.094,-0.089,-0.017,-0.124,-0.094,-0.124
-0.09,-0.095,-0.09,-0.02,-0.125,-0.095,-0.125
-0.091,-0.095,-0.091,-0.022,-0.125,-0.095,-0.125
-0.091,-0.095,-0.091,-0.024,-0.126,-0.095,-0.126
-0.092,-0.096,-0.092,-0.026,-0.126,-0.096,-0.126
-0.092,-0.096,-0.092,-0.028,-0.126,-0.096,-0.126
-0.092,-0.096,-0.092,-0.03,-0.126,-0.096,-0.126
-0.092,-0.096,-0.092,-0.032,-0.126,-0.096,-0.126
-0.093,-0.096,-0.093,-0.033,-0.126,-0.096,-0.126
-0.093,-0.096,-0.093,-0.034,-0.125,-0.096,-0.125
-0.092,-0.096,-0.092,-0.035,-0.125,-0.096,-0.125
-0.092,-0.096,-0.092,-0.036,-0.124,-0.096,-0.124
-0.092,-0.095,-0.092,-0.037,-0.123,-0.095,-0.123
-0.092,-0.095,-0.092,-0.038,-0.123,-0.095,-0.123
-0.091,-0.095,-0.091,-0.038,-0.122,-0.095,-0.122
-0.091,-0.094,-0.091,-0.039,-0.121,-0.094,-0.121
-0.09,-0.094,-0.09,-0.04,-0.12,-0.094,-0.12
-0.089,-0.093,-0.089,-0.04,-0.119,-0.093,-0.119
-0.089,-0.093,-0.089,-0.041,-0.118,-0.093,-0.118
-0.088,-0.092,-0.088,-0.041,-0.117,-0.092,-0.117
-0.087,-0.091,-0.087,-0.042,-0.116,-0.091,-0.116
-0.086,-0.091,-0.086,-0.042,-0.115,-0.091,-0.115
-0.086,-0.09,-0.086,-0.043,-0.114,-0.09,-0.114
-0.085,-0.09,-0.085,-0.044,-0.114,-0.09,-0.114
-0.084,-0.089,-0.084,-0.045,-0.113,-0.089,-0.113
-0.084,-0.088,-0.084,-0.045,-0.112,-0.088,-0.112
-0.083,-0.088,-0.083,-0.046,-0.111,-0.088,-0.111
-0.082,-0.087,-0.082,-0.047,-0.111,-0.087,-0.111
-0.082,-0.087,-0.082,-0.048,-0.11,-0.087,-0.11
-0.081,-0.086,-0.081,-0.049,-0.11,-0.086,-0.11
-0.081,-0.086,-0.081,-0.05,-0.11,-0.086,-0.11
-0.081,-0.086,-0.081,-0.051,-0.109,-0.086,-0.109
-0.081,-0.085,-0.081,-0.052,-0.109,-0.085,-0.109
-0.08,-0.085,-0.08,-0.053,-0.109,-0.085,-0.109
-0.08,-0.085,-0.08,-0.054,-0.109,-0.085,-0.109
-0.08,-0.085,-0.08,-0.055,-0.109,-0.085,-0.109
-0.08,-0.084,-0.08,-0.056,-0.11,-0.084,-0.11
-0.08,-0.084,-0.08,-0.057,-0.11,-0.084,-0.11
-0.08,-0.084,-0.08,-0.058,-0.11,-0.084,-0.11
-0.081,-0.084,-0.081,-0.059,-0.11,-0.084,-0.11
-0.081,-0.084,-0.081,-0.059,-0.111,-0.084,-0.111
-0.081,-0.084,-0.081,-0.06,-0.111,-0.084,-0.111
-0.081,-0.084,-0.081,-0.06,-0.112,-0.084,-0.112
-0.081,-0.084,-0.081,-0.06,-0.112,-0.084,-0.112
-0.081,-0.084,-0.081,-0.061,-0.112,-0.084,-0.112
-0.081,-0.084,-0.081,-0.061,-0.112,-0.084,-0.112
-0.081,-0.084,-0.081,-0.061,-0.113,-0.084,-0.113
-0.082,-0.084,-0.082,-0.06,-0.113,-0.084,-0.113
-0.082,-0.084,-0.082,-0.06,-0.113,-0.084,-0.113
-0.082,-0.084,-0.082,-0.06,-0.113,-0.084,-0.113
-0.081,-0.084,-0.081,-0.059,-0.113,-0.084,-0.113
-0.081,-0.084,-0.081,-0.059,-0.113,-0.084,-0.113
-0.081,-0.084,-0.081,-0.058,-0.113,-0.084,-0.113
-0.081,-0.083,-0.081,-0.058,-0.113,-0.083,-0.113
-0.081,-0.083,-0.081,-0.057,-0.113,-0.083,-0.113
-0.081,-0.083,-0.081,-0.057,-0.113,-0.083,-0.113
-0.081,-0.083,-0.081,-0.057,-0.113,-0.083,-0.113
-0.08,-0.083,-0.08,-0.056,-0.113,-0.083,-0.113
-0.08,-0.082,-0.08,-0.056,-0.113,-0.082,-0.113
-0.08,-0.082,-0.08,-0.056,-0.113,-0.082,-0.113
-0.08,-0.082,-0.08,-0.056,-0.113,-0.082,-0.113
-0.08,-0.082,-0.08,-0.056,-0.113,-0.082,-0.113
-0.079,-0.082,-0.079,-0.056,-0.113,-0.082,-0.113
-0.079,-0.081,-0.079,-0.056,-0.113,-0.081,-0.113
-0.079,-0.081,-0.079,-0.057,-0.113,-0.081,-0.113
-0.079,-0.081,-0.079,-0.058,-0.113,-0.081,-0.113
-0.079,-0.081,-0.079,-0.058,-0.113,-0.081,-0.113
-0.079,-0.081,-0.079,-0.059,-0.113,-0.081,-0.113
-0.079,-0.081,-0.079,-0.061,-0.113,-0.081,-0.113
-0.079,-0.081,-0.079,-0.062,-0.113,-0.081,-0.113
-0.079,-0.081,-0.079,-0.063,-0.114,-0.081,-0.114
-0.079,-0.081,-0.079,-0.065,-0.114,-0.081,-0.114
-0.079,-0.081,-0.079,-0.067,-0.114,-0.081,-0.114
-0.08,-0.081,-0.08,-0.068,-0.114,-0.081,-0.114
-0.08,-0.082,-0.08,-0.07,-0.114,-0.082,-0.114
-0.08,-0.082,-0.08,-0.072,-0.114,-0.082,-0.114
-0.08,-0.082,-0.08,-0.074,-0.115,-0.082,-0.115
-0.08,-0.082,-0.08,-0.076,-0.115,-0.082,-0.115
-0.081,-0.082,-0.081,-0.078,-0.115,-0.082,-0.115
-0.081,-0.083,-0.081,-0.08,-0.115,-0.083,-0.115
-0.081,-0.083,-0.081,-0.081,-0.114,-0.083,-0.114
-0.081,-0.083,-0.081,-0.083,-0.114,-0.083,-0.114
-0.081,-0.084,-0.081,-0.085,-0.114,-0.084,-0.114
-0.081,-0.084,-0.081,-0.086,-0.114,-0.084,-0.114
-0.082,-0.084,-0.082,-0.088,-0.114,-0.084,-0.114
-0.082,-0.085,-0.082,-0.089,-0.114,-0.085,-0.114
-0.082,-0.085,-0.082,-0.09,-0.113,-0.085,-0.113
-0.082,-0.085,-0.082,-0.091,-0.113,-0.085,-0.113
-0.082,-0.086,-0.082,-0.092,-0.113,-0.086,-0.113
-0.081,-0.086,-0.081,-0.093,-0.112,-0.086,-0.112
-0.081,-0.086,-0.081,-0.094,-0.112,-0.086,-0.112
-0.081,-0.087,-0.081,-0.095,-0.112,-0.087,-0.112
-0.081,-0.087,-0.081,-0.096,-0.112,-0.087,-0.112
-0.08,-0.087,-0.08,-0.096,-0.111,-0.087,-0.111
-0.08,-0.087,-0.08,-0.097,-0.111,-0.087,-0.111
-0.079,-0.087,-0.079,-0.097,-0.111,-0.087,-0.111
-0.079,-0.087,-0.079,-0.098,-0.111,-0.087,-0.111
-0.078,-0.087,-0.078,-0.098,-0.11,-0.087,-0.11
-0.078,-0.087,-0.078,-0.099,-0.11,-0.087,-0.11
-0.077,-0.087,-0.077,-0.099,-0.11,-0.087,-0.11
-0.076,-0.087,-0.076,-0.1,-0.11,-0.087,-0.11
-0.076,-0.087,-0.076,-0.1,-0.109,-0.087,-0.109
-0.075,-0.086,-0.075,-0.101,-0.109,-0.086,-0.109
-0.074,-0.086,-0.074,-0.102,-0.109,-0.086,-0.109
-0.074,-0.085,-0.074,-0.102,-0.108,-0.085,-0.108
-0.073,-0.085,-0.073,-0.103,-0.108,-0.085,-0.108
-0.072,-0.084,-0.072,-0.104,-0.108,-0.084,-0.108
-0.072,-0.084,-0.072,-0.104,-0.107,-0.084,-0.107
-0.071,-0.083,-0.071,-0.105,-0.107,-0.083,-0.107
-0.071,-0.082,-0.071,-0.106,-0.106,-0.082,-0.106
-0.07,-0.082,-0.07,-0.106,-0.106,-0.082,-0.106
-0.07,-0.081,-0.07,-0.107,-0.105,-0.081,-0.105
-0.069,-0.081,-0.069,-0.108,-0.105,-0.081,-0.105
-0.069,-0.08,-0.069,-0.108,-0.104,-0.08,-0.104
-0.069,-0.08,-0.069,-0.109,-0.104,-0.08,-0.104
-0.068,-0.079,-0.068,-0.11,-0.103,-0.079,-0.103
-0.068,-0.079,-0.068,-0.11,-0.103,-0.079,-0.103
-0.068,-0.078,-0.068,-0.111,-0.102,-0.078,-0.102
-0.068,-0.078,-0.068,-0.111,-0.102,-0.078,-0.102
-0.068,-0.078,-0.068,-0.111,-0.102,-0.078,-0.102
-0.068,-0.078,-0.068,-0.111,-0.101,-0.078,-0.101
-0.068,-0.078,-0.068,-0.111,-0.101,-0.078,-0.101
-0.068,-0.078,-0.068,-0.111,-0.101,-0.078,-0.101
-0.069,-0.078,-0.069,-0.111,-0.1,-0.078,-0.1
-0.069,-0.078,-0.069,-0.11,-0.1,-0.078,-0.1
-0.069,-0.078,-0.069,-0.11,-0.1,-0.078,-0.1
-0.069,-0.078,-0.069,-0.109,-0.1,-0.078,-0.1
-0.07,-0.078,-0.07,-0.108,-0.1,-0.078,-0.1
-0.07,-0.078,-0.07,-0.108,-0.1,-0.078,-0.1
-0.07,-0.078,-0.07,-0.107,-0.1,-0.078,-0.1
-0.071,-0.078,-0.071,-0.106,-0.1,-0.078,-0.1
-0.071,-0.078,-0.071,-0.105,-0.1,-0.078,-0.1
-0.071,-0.079,-0.071,-0.104,-0.1,-0.079,-0.1
-0.071,-0.079,-0.071,-0.103,-0.101,-0.079,-0.101
-0.072,-0.079,-0.072,-0.102,-0.101,-0.079,-0.101
-0.072,-0.079,-0.072,-0.101,-0.101,-0.079,-0.101
-0.072,-0.078,-0.072,-0.1,-0.101,-0.078,-0.101
-0.072,-0.078,-0.072,-0.099,-0.102,-0.078,-0.102
-0.072,-0.078,-0.072,-0.098,-0.102,-0.078,-0.102
-0.072,-0.078,-0.072,-0.097,-0.102,-0.078,-0.102
-0.072,-0.078,-0.072,-0.096,-0.103,-0.078,-0.103
-0.072,-0.077,-0.072,-0.096,-0.103,-0.077,-0.103
-0.071,-0.077,-0.071,-0.095,-0.103,-0.077,-0.103
-0.071,-0.077,-0.071,-0.095,-0.103,-0.077,-0.103
-0.071,-0.076,-0.071,-0.094,-0.103,-0.076,-0.103
-0.07,-0.076,-0.07,-0.094,-0.104,-0.076,-0.104
-0.07,-0.076,-0.07,-0.094,-0.104,-0.076,-0.104
-0.07,-0.075,-0.07,-0.093,-0.104,-0.075,-0.104
-0.069,-0.075,-0.069,-0.093,-0.104,-0.075,-0.104
-0.069,-0.075,-0.069,-0.093,-0.104,-0.075,-0.104
-0.069,-0.074,-0.069,-0.093,-0.104,-0.074,-0.104
-0.068,-0.074,-0.068,-0.093,-0.104,-0.074,-0.104
-0.068,-0.074,-0.068,-0.093,-0.104,-0.074,-0.104
-0.067,-0.074,-0.067,-0.093,-0.104,-0.074,-0.104
-0.067,-0.073,-0.067,-0.093,-0.104,-0.073,-0.104
-0.067,-0.073,-0.067,-0.093,-0.103,-0.073,-0.103
-0.066,-0.073,-0.066,-0.094,-0.103,-0.073,-0.103
-0.066,-0.073,-0.066,-0.094,-0.103,-0.073,-0.103
-0.066,-0.074,-0.066,-0.093,-0.103,-0.074,-0.103
-0.065,-0.074,-0.065,-0.093,-0.103,-0.074,-0.103
-0.065,-0.074,-0.065,-0.093,-0.102,-0.074,-0.102
-0.065,-0.074,-0.065,-0.093,-0.102,-0.074,-0.102
-0.064,-0.075,-0.064,-0.093,-0.102,-0.075,-0.102
-0.064,-0.075,-0.064,-0.093,-0.101,-0.075,-0.101
-0.063,-0.075,-0.063,-0.092,-0.101,-0.075,-0.101
-0.063,-0.075,-0.063,-0.092,-0.101,-0.075,-0.101
-0.062,-0.076,-0.062,-0.091,-0.1,-0.076,-0.1
-0.061,-0.076,-0.061,-0.09,-0.1,-0.076,-0.1
-0.061,-0.076,-0.061,-0.09,-0.1,-0.076,-0.1
-0.06,-0.076,-0.06,-0.089,-0.099,-0.076,-0.099
-0.059,-0.077,-0.059,-0.088,-0.099,-0.077,-0.099
-0.059,-0.077,-0.059,-0.087,-0.098,-0.077,-0.098
-0.058,-0.077,-0.058,-0.086,-0.098,-0.077,-0.098
-0.057,-0.077,-0.057,-0.085,-0.097,-0.077,-0.097
-0.056,-0.076,-0.056,-0.084,-0.097,-0.076,-0.097
-0.056,-0.076,-0.056,-0.083,-0.096,-0.076,-0.096
-0.055,-0.076,-0.055,-0.082,-0.096,-0.076,-0.096
-0.054,-0.075,-0.054,-0.081,-0.095,-0.075,-0.095
-0.054,-0.075,-0.054,-0.079,-0.095,-0.075,-0.095
-0.053,-0.075,-0.053,-0.078,-0.094,-0.075,-0.094
-0.053,-0.074,-0.053,-0.077,-0.094,-0.074,-0.094
-0.052,-0.073,-0.052,-0.075,-0.093,-0.073,-0.093
-0.052,-0.073,-0.052,-0.074,-0.092,-0.073,-0.092
-0.052,-0.072,-0.052,-0.072,-0.092,-0.072,-0.092
-0.052,-0.071,-0.052,-0.071,-0.091,-0.071,-0.091
-0.051,-0.071,-0.051,-0.07,-0.09,-0.071,-0.09
-0.051,-0.07,-0.051,-0.068,-0.089,-0.07,-0.089
-0.051,-0.069,-0.051,-0.067,-0.089,-0.069,-0.089
-0.051,-0.068,-0.051,-0.065,-0.088,-0.068,-0.088
-0.052,-0.068,-0.052,-0.064,-0.087,-0.068,-0.087
-0.052,-0.067,-0.052,-0.063,-0.086,-0.067,-0.086
-0.052,-0.066,-0.052,-0.062,-0.085,-0.066,-0.085
-0.052,-0.066,-0.052,-0.06,-0.085,-0.066,-0.085
-0.052,-0.065,-0.052,-0.059,-0.084,-0.065,-0.084
-0.053,-0.065,-0.053,-0.058,-0.083,-0.065,-0.083
-0.053,-0.064,-0.053,-0.057,-0.082,-0.064,-0.082
-0.053,-0.064,-0.053,-0.056,-0.081,-0.064,-0.081
-0.053,-0.063,-0.053,-0.055,-0.08,-0.063,-0.08
-0.054,-0.063,-0.054,-0.054,-0.079,-0.063,-0.079
-0.054,-0.063,-0.054,-0.053,-0.079,-0.063,-0.079
-0.054,-0.063,-0.054,-0.052,-0.078,-0.063,-0.078
-0.054,-0.063,-0.054,-0.051,-0.077,-0.063,-0.077
-0.054,-0.063,-0.054,-0.05,-0.076,-0.063,-0.076
-0.054,-0.063,-0.054,-0.049,-0.076,-0.063,-0.076
-0.053,-0.063,-0.053,-0.048,-0.075,-0.063,-0.075
-0.053,-0.063,-0.053,-0.048,-0.075,-0.063,-0.075
-0.053,-0.063,-0.053,-0.047,-0.074,-0.063,-0.074
-0.053,-0.063,-0.053,-0.046,-0.074,-0.063,-0.074
-0.052,-0.063,-0.052,-0.046,-0.074,-0.063,-0.074
-0.052,-0.063,-0.052,-0.045,-0.073,-0.063,-0.073
-0.051,-0.063,-0.051,-0.045,-0.073,-0.063,-0.073
-0.051,-0.063,-0.051,-0.044,-0.073,-0.063,-0.073
-0.05,-0.063,-0.05,-0.044,-0.073,-0.063,-0.073
-0.05,-0.063,-0.05,-0.044,-0.073,-0.063,-0.073
-0.049,-0.063,-0.049,-0.043,-0.073,-0.063,-0.073
-0.048,-0.063,-0.048,-0.043,-0.073,-0.063,-0.073
-0.048,-0.063,-0.048,-0.043,-0.073,-0.063,-0.073
-0.047,-0.063,-0.047,-0.043,-0.073,-0.063,-0.073
-0.047,-0.063,-0.047,-0.043,-0.073,-0.063,-0.073
-0.046,-0.063,-0.046,-0.043,-0.073,-0.063,-0.073
-0.045,-0.063,-0.045,-0.043,-0.073,-0.063,-0.073
-0.045,-0.063,-0.045,-0.043,-0.073,-0.063,-0.073
-0.045,-0.063,-0.045,-0.043,-0.072,-0.063,-0.072
-0.044,-0.063,-0.044,-0.043,-0.072,-0.063,-0.072
-0.044,-0.063,-0.044,-0.044,-0.072,-0.063,-0.072
-0.044,-0.063,-0.044,-0.044,-0.072,-0.063,-0.072
-0.043,-0.062,-0.043,-0.044,-0.071,-0.062,-0.071
-0.043,-0.062,-0.043,-0.044,-0.07,-0.062,-0.07
-0.043,-0.062,-0.043,-0.045,-0.07,-0.062,-0.07
-0.043,-0.062,-0.043,-0.045,-0.069,-0.062,-0.069
-0.043,-0.062,-0.043,-0.045,-0.068,-0.062,-0.068
-0.043,-0.061,-0.043,-0.045,-0.067,-0.061,-0.067
-0.043,-0.061,-0.043,-0.046,-0.066,-0.061,-0.066
-0.043,-0.061,-0.043,-0.046,-0.065,-0.061,-0.065
-0.044,-0.061,-0.044,-0.046,-0.064,-0.061,-0.064
-0.044,-0.06,-0.044,-0.046,-0.063,-0.06,-0.063
-0.044,-0.06,-0.044,-0.047,-0.062,-0.06,-0.062
-0.045,-0.06,-0.045,-0.047,-0.06,-0.06,-0.06
-0.045,-0.059,-0.045,-0.047,-0.059,-0.059,-0.059
-0.045,-0.059,-0.045,-0.047,-0.058,-0.059,-0.058
-0.045,-0.059,-0.045,-0.047,-0.057,-0.059,-0.057
-0.046,-0.059,-0.046,-0.047,-0.056,-0.059,-0.056
-0.046,-0.058,-0.046,-0.048,-0.055,-0.058,-0.055
-0.046,-0.058,-0.046,-0.048,-0.054,-0.058,-0.054
-0.047,-0.058,-0.047,-0.048,-0.054,-0.058,-0.054
-0.047,-0.057,-0.047,-0.048,-0.053,-0.057,-0.053
-0.047,-0.057,-0.047,-0.048,-0.052,-0.057,-0.052
-0.047,-0.057,-0.047,-0.049,-0.052,-0.057,-0.052
-0.047,-0.057,-0.047,-0.049,-0.052,-0.057,-0.052
-0.048,-0.056,-0.048,-0.049,-0.051,-0.056,-0.051
-0.048,-0.056,-0.048,-0.05,-0.051,-0.056,-0.051
-0.048,-0.056,-0.048,-0.05,-0.051,-0.056,-0.051
-0.047,-0.056,-0.047,-0.051,-0.051,-0.056,-0.051
-0.047,-0.056,-0.047,-0.051,-0.05,-0.056,-0.05
-0.047,-0.055,-0.047,-0.052,-0.05,-0.055,-0.05
-0.047,-0.055,-0.047,-0.052,-0.05,-0.055,-0.05
-0.047,-0.055,-0.047,-0.052,-0.05,-0.055,-0.05
-0.047,-0.055,-0.047,-0.053,-0.05,-0.055,-0.05
-0.046,-0.055,-0.046,-0.053,-0.05,-0.055,-0.05
-0.046,-0.055,-0.046,-0.054,-0.05,-0.055,-0.05
-0.046,-0.055,-0.046,-0.054,-0.05,-0.055,-0.05
-0.045,-0.055,-0.045,-0.054,-0.05,-0.055,-0.05
-0.045,-0.055,-0.045,-0.055,-0.05,-0.055,-0.05
-0.045,-0.055,-0.045,-0.055,-0.05,-0.055,-0.05
-0.044,-0.055,-0.044,-0.055,-0.05,-0.055,-0.05
-0.044,-0.055,-0.044,-0.055,-0.05,-0.055,-0.05
-0.044,-0.056,-0.044,-0.055,-0.05,-0.056,-0.05
-0.044,-0.056,-0.044,-0.055,-0.05,-0.056,-0.05
-0.043,-0.056,-0.043,-0.055,-0.05,-0.056,-0.05
-0.043,-0.056,-0.043,-0.055,-0.05,-0.056,-0.05
-0.043,-0.056,-0.043,-0.054,-0.05,-0.056,-0.05
-0.043,-0.056,-0.043,-0.054,-0.05,-0.056,-0.05
-0.043,-0.056,-0.043,-0.054,-0.05,-0.056,-0.05
-0.043,-0.056,-0.043,-0.053,-0.05,-0.056,-0.05
-0.043,-0.056,-0.043,-0.053,-0.05,-0.056,-0.05
-0.043,-0.056,-0.043,-0.052,-0.051,-0.056,-0.051
-0.043,-0.056,-0.043,-0.051,-0.051,-0.056,-0.051
-0.043,-0.056,-0.043,-0.05,-0.051,-0.056,-0.051
-0.043,-0.056,-0.043,-0.049,-0.052,-0.056,-0.052
-0.043,-0.055,-0.043,-0.048,-0.052,-0.055,-0.052
-0.043,-0.055,-0.043,-0.047,-0.052,-0.055,-0.052
-0.043,-0.055,-0.043,-0.046,-0.053,-0.055,-0.053
-0.043,-0.055,-0.043,-0.044,-0.053,-0.055,-0.053
-0.043,-0.054,-0.043,-0.043,-0.054,-0.054,-0.054
-0.043,-0.054,-0.043,-0.041,-0.054,-0.054,-0.054
-0.043,-0.054,-0.043,-0.04,-0.054,-0.054,-0.054
-0.042,-0.054,-0.042,-0.038,-0.055,-0.054,-0.055
-0.042,-0.053,-0.042,-0.036,-0.055,-0.053,-0.055
-0.042,-0.053,-0.042,-0.035,-0.055,-0.053,-0.055
-0.041,-0.053,-0.041,-0.033,-0.056,-0.053,-0.056
-0.041,-0.053,-0.041,-0.031,-0.056,-0.053,-0.056
-0.04,-0.053,-0.04,-0.029,-0.056,-0.053,-0.056
-0.039,-0.053,-0.039,-0.027,-0.056,-0.053,-0.056
-0.039,-0.053,-0.039,-0.026,-0.056,-0.053,-0.056
-0.038,-0.053,-0.038,-0.024,-0.056,-0.053,-0.056
-0.037,-0.053,-0.037,-0.022,-0.056,-0.053,-0.056
-0.036,-0.053,-0.036,-0.02,-0.056,-0.053,-0.056
-0.036,-0.053,-0.036,-0.018,-0.056,-0.053,-0.056
-0.035,-0.053,-0.035,-0.017,-0.056,-0.053,-0.056
-0.034,-0.053,-0.034,-0.015,-0.056,-0.053,-0.056
-0.033,-0.053,-0.033,-0.013,-0.056,-0.053,-0.056
-0.033,-0.053,-0.033,-0.012,-0.056,-0.053,-0.056
-0.032,-0.053,-0.032,-0.01,-0.056,-0.053,-0.056
-0.032,-0.053,-0.032,-0.009,-0.056,-0.053,-0.056
-0.032,-0.053,-0.032,-0.008,-0.056,-0.053,-0.056
-0.032,-0.053,-0.032,-0.006,-0.056,-0.053,-0.056
-0.032,-0.053,-0.032,-0.005,-0.056,-0.053,-0.056
-0.032,-0.053,-0.032,-0.004,-0.056,-0.053,-0.056
-0.032,-0.053,-0.032,-0.003,-0.056,-0.053,-0.056
-0.032,-0.052,-0.032,-0.002,-0.056,-0.052,-0.056
-0.033,-0.052,-0.033,-0.002,-0.056,-0.052,-0.056
-0.033,-0.052,-0.033,-0.001,-0.056,-0.052,-0.056
-0.034,-0.051,-0.034,-0.001,-0.057,-0.051,-0.057
-0.035,-0.051,-0.035,0,-0.057,-0.051,-0.057
-0.035,-0.05,-0.035,0,-0.057,-0.05,-0.057
-0.036,-0.05,-0.036,0,-0.058,-0.05,-0.058
-0.037,-0.049,-0.037,0,-0.058,-0.049,-0.058
-0.038,-0.049,-0.038,0,-0.058,-0.049,-0.058
-0.039,-0.048,-0.039,-0.001,-0.059,-0.048,-0.059
-0.039,-0.048,-0.039,-0.001,-0.059,-0.048,-0.059
-0.04,-0.047,-0.04,-0.002,-0.06,-0.047,-0.06
-0.041,-0.047,-0.041,-0.002,-0.06,-0.047,-0.06
-0.041,-0.046,-0.041,-0.003,-0.061,-0.046,-0.061
-0.042,-0.046,-0.042,-0.004,-0.061,-0.046,-0.061
-0.042,-0.046,-0.042,-0.004,-0.062,-0.046,-0.062
-0.043,-0.046,-0.043,-0.005,-0.062,-0.046,-0.062
-0.043,-0.046,-0.043,-0.006,-0.062,-0.046,-0.062
-0.043,-0.046,-0.043,-0.007,-0.062,-0.046,-0.062
-0.044,-0.046,-0.044,-0.007,-0.063,-0.046,-0.063
-0.044,-0.046,-0.044,-0.008,-0.063,-0.046,-0.063
-0.044,-0.046,-0.044,-0.009,-0.063,-0.046,-0.063
-0.044,-0.047,-0.044,-0.009,-0.063,-0.047,-0.063
-0.044,-0.047,-0.044,-0.01,-0.062,-0.047,-0.062
-0.044,-0.047,-0.044,-0.01,-0.062,-0.047,-0.062
-0.044,-0.048,-0.044,-0.011,-0.062,-0.048,-0.062
-0.044,-0.048,-0.044,-0.011,-0.061,-0.048,-0.061
-0.044,-0.049,-0.044,-0.011,-0.06,-0.049,-0.06
-0.044,-0.049,-0.044,-0.011,-0.06,-0.049,-0.06
-0.044,-0.049,-0.044,-0.011,-0.059,-0.049,-0.059
-0.044,-0.05,-0.044,-0.011,-0.058,-0.05,-0.058
-0.044,-0.05,-0.044,-0.011,-0.057,-0.05,-0.057
-0.044,-0.05,-0.044,-0.011,-0.056,-0.05,-0.056
-0.044,-0.051,-0.044,-0.011,-0.055,-0.051,-0.055
-0.044,-0.051,-0.044,-0.011,-0.054,-0.051,-0.054
-0.044,-0.051,-0.044,-0.011,-0.053,-0.051,-0.053
-0.044,-0.051,-0.044,-0.01,-0.052,-0.051,-0.052
-0.044,-0.051,-0.044,-0.01,-0.051,-0.051,-0.051
-0.044,-0.051,-0.044,-0.01,-0.05,-0.051,-0.05
-0.044,-0.051,-0.044,-0.01,-0.049,-0.051,-0.049
-0.044,-0.05,-0.044,-0.009,-0.048,-0.05,-0.048
-0.044,-0.05,-0.044,-0.009,-0.047,-0.05,-0.047
-0.044,-0.05,-0.044,-0.009,-0.047,-0.05,-0.047
-0.044,-0.05,-0.044,-0.008,-0.046,-0.05,-0.046
-0.044,-0.049,-0.044,-0.008,-0.046,-0.049,-0.046
-0.044,-0.049,-0.044,-0.008,-0.045,-0.049,-0.045
-0.044,-0.049,-0.044,-0.008,-0.045,-0.049,-0.045
-0.044,-0.048,-0.044,-0.008,-0.045,-0.048,-0.045
-0.044,-0.048,-0.044,-0.008,-0.045,-0.048,-0.045
-0.043,-0.048,-0.043,-0.008,-0.045,-0.048,-0.045
-0.043,-0.047,-0.043,-0.008,-0.046,-0.047,-0.046
-0.043,-0.047,-0.043,-0.008,-0.046,-0.047,-0.046
-0.043,-0.047,-0.043,-0.008,-0.046,-0.047,-0.046
-0.043,-0.047,-0.043,-0.008,-0.047,-0.047,-0.047
-0.043,-0.046,-0.043,-0.008,-0.048,-0.046,-0.048
-0.043,-0.046,-0.043,-0.008,-0.048,-0.046,-0.048
-0.043,-0.046,-0.043,-0.008,-0.049,-0.046,-0.049
-0.043,-0.046,-0.043,-0.008,-0.049,-0.046,-0.049
-0.043,-0.046,-0.043,-0.008,-0.05,-0.046,-0.05
-0.043,-0.045,-0.043,-0.008,-0.05,-0.045,-0.05
-0.043,-0.045,-0.043,-0.008,-0.05,-0.045,-0.05
-0.043,-0.045,-0.043,-0.008,-0.051,-0.045,-0.051
-0.043,-0.045,-0.043,-0.008,-0.051,-0.045,-0.051
-0.043,-0.045,-0.043,-0.009,-0.051,-0.045,-0.051
-0.043,-0.044,-0.043,-0.009,-0.051,-0.044,-0.051
-0.044,-0.044,-0.044,-0.009,-0.051,-0.044,-0.051
-0.044,-0.043,-0.044,-0.009,-0.051,-0.043,-0.051
-0.044,-0.043,-0.044,-0.009,-0.05,-0.043,-0.05
-0.044,-0.042,-0.044,-0.009,-0.05,-0.042,-0.05
-0.045,-0.042,-0.045,-0.01,-0.05,-0.042,-0.05
-0.045,-0.041,-0.045,-0.01,-0.049,-0.041,-0.049
-0.045,-0.04,-0.045,-0.01,-0.048,-0.04,-0.048
-0.045,-0.04,-0.045,-0.01,-0.048,-0.04,-0.048
-0.046,-0.039,-0.046,-0.01,-0.047,-0.039,-0.047
-0.046,-0.038,-0.046,-0.01,-0.046,-0.038,-0.046
-0.046,-0.037,-0.046,-0.011,-0.045,-0.037,-0.045
-0.046,-0.036,-0.046,-0.011,-0.045,-0.036,-0.045
-0.046,-0.035,-0.046,-0.011,-0.044,-0.035,-0.044
-0.047,-0.034,-0.047,-0.011,-0.043,-0.034,-0.043
-0.047,-0.032,-0.047,-0.011,-0.043,-0.032,-0.043
-0.047,-0.031,-0.047,-0.011,-0.042,-0.031,-0.042
-0.047,-0.03,-0.047,-0.011,-0.042,-0.03,-0.042
-0.047,-0.029,-0.047,-0.012,-0.041,-0.029,-0.041
-0.047,-0.028,-0.047,-0.012,-0.041,-0.028,-0.041
-0.047,-0.027,-0.047,-0.012,-0.04,-0.027,-0.04
-0.047,-0.026,-0.047,-0.012,-0.04,-0.026,-0.04
-0.047,-0.026,-0.047,-0.012,-0.04,-0.026,-0.04
-0.047,-0.025,-0.047,-0.012,-0.04,-0.025,-0.04
-0.047,-0.024,-0.047,-0.012,-0.04,-0.024,-0.04
-0.047,-0.024,-0.047,-0.012,-0.04,-0.024,-0.04
-0.047,-0.023,-0.047,-0.013,-0.04,-0.023,-0.04
-0.047,-0.023,-0.047,-0.013,-0.04,-0.023,-0.04
-0.047,-0.023,-0.047,-0.013,-0.04,-0.023,-0.04
-0.047,-0.022,-0.047,-0.013,-0.04,-0.022,-0.04
-0.047,-0.022,-0.047,-0.013,-0.04,-0.022,-0.04
-0.047,-0.022,-0.047,-0.014,-0.041,-0.022,-0.041
-0.047,-0.022,-0.047,-0.014,-0.041,-0.022,-0.041
-0.047,-0.022,-0.047,-0.014,-0.041,-0.022,-0.041
-0.047,-0.023,-0.047,-0.015,-0.041,-0.023,-0.041
-0.047,-0.023,-0.047,-0.015,-0.041,-0.023,-0.041
-0.047,-0.023,-0.047,-0.015,-0.041,-0.023,-0.041
-0.047,-0.023,-0.047,-0.016,-0.041,-0.023,-0.041
-0.047,-0.023,-0.047,-0.016,-0.041,-0.023,-0.041
-0.047,-0.023,-0.047,-0.016,-0.041,-0.023,-0.041
-0.047,-0.023,-0.047,-0.017,-0.041,-0.023,-0.041
-0.046,-0.023,-0.046,-0.017,-0.041,-0.023,-0.041
-0.046,-0.023,-0.046,-0.018,-0.04,-0.023,-0.04
-0.046,-0.023,-0.046,-0.018,-0.04,-0.023,-0.04
-0.045,-0.023,-0.045,-0.018,-0.04,-0.023,-0.04
-0.045,-0.022,-0.045,-0.019,-0.04,-0.022,-0.04
-0.045,-0.022,-0.045,-0.019,-0.039,-0.022,-0.039
-0.044,-0.022,-0.044,-0.02,-0.039,-0.022,-0.039
-0.044,-0.021,-0.044,-0.02,-0.039,-0.021,-0.039
-0.043,-0.021,-0.043,-0.02,-0.038,-0.021,-0.038
-0.043,-0.02,-0.043,-0.021,-0.038,-0.02,-0.038
-0.042,-0.019,-0.042,-0.021,-0.038,-0.019,-0.038
-0.042,-0.019,-0.042,-0.022,-0.038,-0.019,-0.038
-0.041,-0.018,-0.041,-0.022,-0.037,-0.018,-0.037
-0.041,-0.018,-0.041,-0.023,-0.037,-0.018,-0.037
-0.04,-0.017,-0.04,-0.023,-0.037,-0.017,-0.037
-0.04,-0.016,-0.04,-0.024,-0.037,-0.016,-0.037
-0.039,-0.015,-0.039,-0.024,-0.037,-0.015,-0.037
-0.039,-0.015,-0.039,-0.024,-0.037,-0.015,-0.037
-0.039,-0.014,-0.039,-0.025,-0.037,-0.014,-0.037
-0.038,-0.014,-0.038,-0.025,-0.037,-0.014,-0.037
-0.038,-0.013,-0.038,-0.026,-0.037,-0.013,-0.037
-0.038,-0.012,-0.038,-0.026,-0.038,-0.012,-0.038
-0.038,-0.012,-0.038,-0.027,-0.038,-0.012,-0.038
-0.038,-0.011,-0.038,-0.027,-0.038,-0.011,-0.038
-0.038,-0.011,-0.038,-0.027,-0.039,-0.011,-0.039
-0.038,-0.011,-0.038,-0.028,-0.04,-0.011,-0.04
-0.038,-0.01,-0.038,-0.028,-0.04,-0.01,-0.04
-0.038,-0.01,-0.038,-0.028,-0.041,-0.01,-0.041
-0.038,-0.01,-0.038,-0.028,-0.042,-0.01,-0.042
-0.039,-0.009,-0.039,-0.028,-0.043,-0.009,-0.043
-0.039,-0.009,-0.039,-0.028,-0.043,-0.009,-0.043
-0.039,-0.009,-0.039,-0.028,-0.044,-0.009,-0.044
-0.039,-0.009,-0.039,-0.028,-0.045,-0.009,-0.045
-0.04,-0.009,-0.04,-0.028,-0.046,-0.009,-0.046
-0.04,-0.009,-0.04,-0.029,-0.047,-0.009,-0.047
-0.041,-0.009,-0.041,-0.029,-0.047,-0.009,-0.047
-0.041,-0.009,-0.041,-0.029,-0.048,-0.009,-0.048
-0.042,-0.009,-0.042,-0.029,-0.049,-0.009,-0.049
-0.042,-0.01,-0.042,-0.029,-0.049,-0.01,-0.049
-0.042,-0.01,-0.042,-0.029,-0.05,-0.01,-0.05
-0.043,-0.011,-0.043,-0.03,-0.05,-0.011,-0.05
-0.043,-0.011,-0.043,-0.03,-0.05,-0.011,-0.05
-0.043,-0.012,-0.043,-0.031,-0.05,-0.012,-0.05
-0.044,-0.012,-0.044,-0.031,-0.05,-0.012,-0.05
-0.044,-0.013,-0.044,-0.032,-0.05,-0.013,-0.05
-0.044,-0.014,-0.044,-0.033,-0.05,-0.014,-0.05
-0.045,-0.014,-0.045,-0.033,-0.049,-0.014,-0.049
-0.045,-0.015,-0.045,-0.034,-0.049,-0.015,-0.049
-0.045,-0.016,-0.045,-0.035,-0.048,-0.016,-0.048
-0.045,-0.017,-0.045,-0.036,-0.048,-0.017,-0.048
-0.045,-0.018,-0.045,-0.037,-0.047,-0.018,-0.047
-0.045,-0.019,-0.045,-0.038,-0.046,-0.019,-0.046
-0.045,-0.02,-0.045,-0.039,-0.045,-0.02,-0.045
-0.044,-0.021,-0.044,-0.04,-0.044,-0.021,-0.044
-0.044,-0.021,-0.044,-0.041,-0.043,-0.021,-0.043
-0.044,-0.022,-0.044,-0.042,-0.042,-0.022,-0.042
-0.044,-0.023,-0.044,-0.042,-0.041,-0.023,-0.041
-0.043,-0.024,-0.043,-0.043,-0.039,-0.024,-0.039
-0.043,-0.024,-0.043,-0.044,-0.038,-0.024,-0.038
-0.042,-0.025,-0.042,-0.044,-0.037,-0.025,-0.037
-0.042,-0.025,-0.042,-0.045,-0.036,-0.025,-0.036
-0.041,-0.026,-0.041,-0.045,-0.035,-0.026,-0.035
-0.041,-0.026,-0.041,-0.045,-0.034,-0.026,-0.034
-0.041,-0.026,-0.041,-0.046,-0.033,-0.026,-0.033
-0.04,-0.027,-0.04,-0.046,-0.032,-0.027,-0.032
-0.04,-0.027,-0.04,-0.046,-0.031,-0.027,-0.031
-0.039,-0.027,-0.039,-0.046,-0.031,-0.027,-0.031
-0.039,-0.027,-0.039,-0.046,-0.03,-0.027,-0.03
-0.039,-0.026,-0.039,-0.046,-0.03,-0.026,-0.03
-0.038,-0.026,-0.038,-0.046,-0.029,-0.026,-0.029
-0.038,-0.026,-0.038,-0.046,-0.029,-0.026,-0.029
-0.038,-0.026,-0.038,-0.046,-0.029,-0.026,-0.029
-0.038,-0.025,-0.038,-0.046,-0.029,-0.025,-0.029
-0.038,-0.025,-0.038,-0.046,-0.029,-0.025,-0.029
-0.037,-0.024,-0.037,-0.046,-0.029,-0.024,-0.029
-0.037,-0.024,-0.037,-0.047,-0.029,-0.024,-0.029
-0.037,-0.023,-0.037,-0.047,-0.029,-0.023,-0.029
-0.037,-0.023,-0.037,-0.047,-0.03,-0.023,-0.03
-0.037,-0.022,-0.037,-0.047,-0.03,-0.022,-0.03
-0.038,-0.022,-0.038,-0.048,-0.031,-0.022,-0.031
-0.038,-0.021,-0.038,-0.048,-0.031,-0.021,-0.031
-0.038,-0.021,-0.038,-0.048,-0.032,-0.021,-0.032
-0.038,-0.02,-0.038,-0.049,-0.032,-0.02,-0.032
-0.038,-0.02,-0.038,-0.049,-0.032,-0.02,-0.032
-0.038,-0.019,-0.038,-0.05,-0.033,-0.019,-0.033
-0.038,-0.019,-0.038,-0.05,-0.033,-0.019,-0.033
-0.037,-0.018,-0.037,-0.051,-0.033,-0.018,-0.033
-0.037,-0.018,-0.037,-0.051,-0.034,-0.018,-0.034
-0.037,-0.017,-0.037,-0.052,-0.034,-0.017,-0.034
-0.037,-0.017,-0.037,-0.052,-0.034,-0.017,-0.034
-0.036,-0.016,-0.036,-0.053,-0.034,-0.016,-0.034
-0.036,-0.016,-0.036,-0.053,-0.034,-0.016,-0.034
-0.035,-0.016,-0.035,-0.053,-0.034,-0.016,-0.034
-0.035,-0.015,-0.035,-0.054,-0.034,-0.015,-0.034
-0.034,-0.015,-0.034,-0.054,-0.033,-0.015,-0.033
-0.033,-0.014,-0.033,-0.054,-0.033,-0.014,-0.033
-0.033,-0.014,-0.033,-0.054,-0.033,-0.014,-0.033
-0.032,-0.014,-0.032,-0.055,-0.032,-0.014,-0.032
-0.031,-0.014,-0.031,-0.055,-0.032,-0.014,-0.032
-0.03,-0.013,-0.03,-0.055,-0.031,-0.013,-0.031
-0.029,-0.013,-0.029,-0.055,-0.03,-0.013,-0.03
-0.029,-0.013,-0.029,-0.055,-0.03,-0.013,-0.03
-0.028,-0.013,-0.028,-0.055,-0.029,-0.013,-0.029
-0.027,-0.013,-0.027,-0.054,-0.028,-0.013,-0.028
-0.026,-0.013,-0.026,-0.054,-0.027,-0.013,-0.027
-0.025,-0.012,-0.025,-0.054,-0.026,-0.012,-0.026
-0.025,-0.012,-0.025,-0.054,-0.025,-0.012,-0.025
-0.024,-0.012,-0.024,-0.054,-0.024,-0.012,-0.024
-0.023,-0.012,-0.023,-0.054,-0.023,-0.012,-0.023
-0.023,-0.011,-0.023,-0.054,-0.022,-0.011,-0.022
-0.022,-0.011,-0.022,-0.053,-0.021,-0.011,-0.021
-0.022,-0.011,-0.022,-0.053,-0.02,-0.011,-0.02
-0.021,-0.01,-0.021,-0.053,-0.019,-0.01,-0.019
-0.021,-0.01,-0.021,-0.053,-0.018,-0.01,-0.018
-0.021,-0.01,-0.021,-0.053,-0.017,-0.01,-0.017
-0.02,-0.009,-0.02,-0.053,-0.016,-0.009,-0.016
-0.02,-0.008,-0.02,-0.053,-0.016,-0.008,-0.016
-0.02,-0.008,-0.02,-0.054,-0.015,-0.008,-0.015
-0.02,-0.007,-0.02,-0.054,-0.014,-0.007,-0.014
-0.019,-0.006,-0.019,-0.054,-0.013,-0.006,-0.013
-0.019,-0.006,-0.019,-0.054,-0.012,-0.006,-0.012
-0.019,-0.005,-0.019,-0.055,-0.012,-0.005,-0.012
-0.019,-0.004,-0.019,-0.055,-0.011,-0.004,-0.011
-0.019,-0.003,-0.019,-0.056,-0.01,-0.003,-0.01
-0.018,-0.003,-0.018,-0.056,-0.01,-0.003,-0.01
-0.018,-0.002,-0.018,-0.056,-0.009,-0.002,-0.009
-0.018,-0.001,-0.018,-0.057,-0.009,-0.001,-0.009
-0.017,-0.001,-0.017,-0.057,-0.008,-0.001,-0.008
-0.017,0,-0.017,-0.058,-0.008,0,-0.008
-0.017,0.001,-0.017,-0.058,-0.007,0.001,-0.007
-0.016,0.001,-0.016,-0.059,-0.007,0.001,-0.007
-0.016,0.002,-0.016,-0.059,-0.007,0.002,-0.007
-0.015,0.002,-0.015,-0.059,-0.006,0.002,-0.006
-0.014,0.003,-0.014,-0.06,-0.006,0.003,-0.006
-0.014,0.003,-0.014,-0.06,-0.006,0.003,-0.006
-0.013,0.003,-0.013,-0.06,-0.005,0.003,-0.005
-0.012,0.004,-0.012,-0.06,-0.005,0.004,-0.005
-0.011,0.004,-0.011,-0.06,-0.005,0.004,-0.005
-0.01,0.004,-0.01,-0.06,-0.004,0.004,-0.004
-0.009,0.004,-0.009,-0.06,-0.004,0.004,-0.004
-0.009,0.004,-0.009,-0.06,-0.004,0.004,-0.004
-0.008,0.004,-0.008,-0.06,-0.003,0.004,-0.003
-0.007,0.004,-0.007,-0.06,-0.003,0.004,-0.003
-0.006,0.004,-0.006,-0.06,-0.003,0.004,-0.003
-0.005,0.005,-0.005,-0.06,-0.002,0.005,-0.002
-0.005,0.005,-0.005,-0.06,-0.002,0.005,-0.002
-0.004,0.005,-0.004,-0.06,-0.002,0.005,-0.002
-0.003,0.005,-0.003,-0.06,-0.001,0.005,-0.001
-0.003,0.005,-0.003,-0.06,-0.001,0.005,-0.001
-0.002,0.005,-0.002,-0.06,-0.001,0.005,-0.001
-0.002,0.005,-0.002,-0.06,0,0.005,0
-0.001,0.005,-0.001,-0.06,0,0.005,0
-0.001,0.005,-0.001,-0.06,0.001,0.005,0.001
-0.001,0.005,-0.001,-0.06,0.001,0.005,0.001
0,0.005,0,-0.061,0.002,0.005,0.002
0,0.005,0,-0.061,0.002,0.005,0.002
0,0.005,0,-0.061,0.003,0.005,0.003
0,0.005,0,-0.062,0.003,0.005,0.003
0,0.005,0,-0.062,0.004,0.005,0.004
0.001,0.005,0.001,-0.062,0.004,0.005,0.004
0.001,0.005,0.001,-0.062,0.005,0.005,0.005
0.001,0.005,0.001,-0.062,0.006,0.005,0.006
0.001,0.005,0.001,-0.063,0.006,0.005,0.006
0.002,0.005,0.002,-0.062,0.007,0.005,0.007
0.002,0.005,0.002,-0.062,0.007,0.005,0.007
0.002,0.005,0.002,-0.062,0.007,0.005,0.007
0.003,0.005,0.003,-0.062,0.008,0.005,0.008
0.003,0.006,0.003,-0.061,0.008,0.006,0.008
0.004,0.006,0.004,-0.061,0.008,0.006,0.008
0.004,0.006,0.004,-0.06,0.009,0.006,0.009
0.005,0.006,0.005,-0.06,0.009,0.006,0.009
0.006,0.006,0.006,-0.059,0.009,0.006,0.009
0.007,0.006,0.007,-0.058,0.009,0.006,0.009
0.008,0.006,0.008,-0.057,0.009,0.006,0.009
0.009,0.006,0.009,-0.056,0.008,0.006,0.008
0.009,0.006,0.009,-0.055,0.008,0.006,0.008
0.01,0.006,0.01,-0.054,0.008,0.006,0.008
0.011,0.006,0.011,-0.052,0.008,0.006,0.008
0.012,0.006,0.012,-0.051,0.007,0.006,0.007
0.013,0.007,0.013,-0.05,0.007,0.007,0.007
0.013,0.007,0.013,-0.049,0.006,0.007,0.006
0.014,0.007,0.014,-0.048,0.006,0.007,0.006
0.015,0.007,0.015,-0.048,0.005,0.007,0.005
0.015,0.007,0.015,-0.047,0.005,0.007,0.005
0.016,0.007,0.016,-0.046,0.004,0.007,0.004
0.016,0.007,0.016,-0.046,0.004,0.007,0.004
0.016,0.007,0.016,-0.045,0.004,0.007,0.004
0.016,0.008,0.016,-0.045,0.003,0.008,0.003
0.016,0.008,0.016,-0.045,0.003,0.008,0.003
0.016,0.008,0.016,-0.045,0.003,0.008,0.003
0.016,0.008,0.016,-0.045,0.003,0.008,0.003
0.016,0.008,0.016,-0.045,0.003,0.008,0.003
0.016,0.008,0.016,-0.045,0.003,0.008,0.003
0.015,0.008,0.015,-0.045,0.003,0.008,0.003
0.015,0.008,0.015,-0.046,0.003,0.008,0.003
0.015,0.008,0.015,-0.046,0.003,0.008,0.003
0.014,0.008,0.014,-0.047,0.004,0.008,0.004
0.014,0.008,0.014,-0.047,0.004,0.008,0.004
0.014,0.008,0.014,-0.048,0.005,0.008,0.005
0.014,0.008,0.014,-0.048,0.005,0.008,0.005
0.013,0.008,0.013,-0.049,0.006,0.008,0.006
0.013,0.008,0.013,-0.049,0.007,0.008,0.007
0.013,0.007,0.013,-0.049,0.007,0.007,0.007
0.013,0.007,0.013,-0.05,0.008,0.007,0.008
0.013,0.007,0.013,-0.05,0.009,0.007,0.009
0.014,0.006,0.014,-0.05,0.01,0.006,0.01
0.014,0.006,0.014,-0.05,0.01,0.006,0.01
0.014,0.005,0.014,-0.05,0.011,0.005,0.011
0.014,0.005,0.014,-0.05,0.012,0.005,0.012
0.015,0.004,0.015,-0.05,0.013,0.004,0.013
0.015,0.004,0.015,-0.049,0.014,0.004,0.014
0.016,0.003,0.016,-0.049,0.014,0.003,0.014
0.017,0.003,0.017,-0.049,0.015,0.003,0.015
0.017,0.002,0.017,-0.048,0.016,0.002,0.016
0.018,0.002,0.018,-0.048,0.017,0.002,0.017
0.019,0.001,0.019,-0.047,0.017,0.001,0.017
0.019,0.001,0.019,-0.046,0.018,0.001,0.018
0.02,0,0.02,-0.046,0.019,0,0.019
0.021,0,0.021,-0.045,0.019,0,0.019
0.021,0,0.021,-0.045,0.02,0,0.02
0.022,-0.001,0.022,-0.044,0.02,-0.001,0.02
0.023,-0.001,0.023,-0.044,0.021,-0.001,0.021
0.023,-0.001,0.023,-0.043,0.022,-0.001,0.022
0.024,-0.001,0.024,-0.043,0.022,-0.001,0.022
0.024,-0.001,0.024,-0.042,0.023,-0.001,0.023
0.024,-0.001,0.024,-0.042,0.023,-0.001,0.023
0.024,-0.001,0.024,-0.041,0.023,-0.001,0.023
0.025,-0.001,0.025,-0.041,0.024,-0.001,0.024
0.025,0,0.025,-0.041,0.024,0,0.024
0.025,0,0.025,-0.041,0.024,0,0.024
0.025,0.001,0.025,-0.04,0.025,0.001,0.025
0.024,0.001,0.024,-0.04,0.025,0.001,0.025
0.024,0.002,0.024,-0.04,0.025,0.002,0.025
0.024,0.002,0.024,-0.04,0.025,0.002,0.025
0.023,0.003,0.023,-0.04,0.025,0.003,0.025
0.023,0.003,0.023,-0.04,0.025,0.003,0.025
0.022,0.004,0.022,-0.039,0.025,0.004,0.025
0.021,0.005,0.021,-0.039,0.025,0.005,0.025
0.02,0.005,0.02,-0.039,0.025,0.005,0.025
0.02,0.006,0.02,-0.038,0.025,0.006,0.025
0.019,0.007,0.019,-0.038,0.024,0.007,0.024
0.018,0.007,0.018,-0.038,0.024,0.007,0.024
0.017,0.008,0.017,-0.037,0.023,0.008,0.023
0.016,0.009,0.016,-0.037,0.023,0.009,0.023
0.015,0.009,0.015,-0.036,0.022,0.009,0.022
0.014,0.01,0.014,-0.036,0.022,0.01,0.022
0.013,0.01,0.013,-0.035,0.021,0.01,0.021
0.012,0.011,0.012,-0.034,0.021,0.011,0.021
0.011,0.011,0.011,-0.034,0.02,0.011,0.02
0.01,0.011,0.01,-0.033,0.02,0.011,0.02
0.01,0.011,0.01,-0.032,0.019,0.011,0.019
0.009,0.012,0.009,-0.032,0.019,0.012,0.019
0.008,0.011,0.008,-0.031,0.018,0.011,0.018
0.008,0.011,0.008,-0.03,0.017,0.011,0.017
0.008,0.011,0.008,-0.029,0.017,0.011,0.017
0.008,0.011,0.008,-0.029,0.017,0.011,0.017
0.008,0.01,0.008,-0.028,0.016,0.01,0.016
0.008,0.01,0.008,-0.027,0.016,0.01,0.016
0.008,0.009,0.008,-0.026,0.016,0.009,0.016
0.009,0.009,0.009,-0.026,0.016,0.009,0.016
0.01,0.008,0.01,-0.025,0.016,0.008,0.016
0.01,0.007,0.01,-0.025,0.016,0.007,0.016
0.011,0.006,0.011,-0.024,0.016,0.006,0.016
0.012,0.005,0.012,-0.024,0.016,0.005,0.016
0.013,0.005,0.013,-0.023,0.016,0.005,0.016
0.014,0.004,0.014,-0.023,0.016,0.004,0.016
0.015,0.003,0.015,-0.022,0.017,0.003,0.017
0.016,0.002,0.016,-0.022,0.017,0.002,0.017
0.017,0.001,0.017,-0.022,0.018,0.001,0.018
0.018,0.001,0.018,-0.022,0.018,0.001,0.018
0.02,0,0.02,-0.022,0.019,0,0.019
0.021,-0.001,0.021,-0.022,0.02,-0.001,0.02
0.022,-0.001,0.022,-0.021,0.02,-0.001,0.02
0.022,-0.002,0.022,-0.021,0.021,-0.002,0.021
0.023,-0.002,0.023,-0.021,0.022,-0.002,0.022
0.024,-0.003,0.024,-0.021,0.023,-0.003,0.023
0.024,-0.003,0.024,-0.021,0.024,-0.003,0.024
0.025,-0.003,0.025,-0.021,0.024,-0.003,0.024
0.025,-0.003,0.025,-0.021,0.025,-0.003,0.025
0.025,-0.003,0.025,-0.021,0.026,-0.003,0.026
0.025,-0.003,0.025,-0.021,0.026,-0.003,0.026
0.025,-0.003,0.025,-0.021,0.027,-0.003,0.027
0.025,-0.003,0.025,-0.021,0.027,-0.003,0.027
0.025,-0.003,0.025,-0.021,0.028,-0.003,0.028
0.024,-0.003,0.024,-0.021,0.028,-0.003,0.028
0.024,-0.002,0.024,-0.021,0.028,-0.002,0.028
0.023,-0.002,0.023,-0.021,0.029,-0.002,0.029
0.022,-0.002,0.022,-0.021,0.029,-0.002,0.029
0.022,-0.002,0.022,-0.02,0.028,-0.002,0.028
0.021,-0.001,0.021,-0.02,0.028,-0.001,0.028
0.02,-0.001,0.02,-0.02,0.028,-0.001,0.028
0.019,-0.001,0.019,-0.019,0.027,-0.001,0.027
0.018,0,0.018,-0.019,0.027,0,0.027
0.017,0,0.017,-0.018,0.026,0,0.026
0.016,0.001,0.016,-0.018,0.026,0.001,0.026
0.015,0.001,0.015,-0.017,0.025,0.001,0.025
0.014,0.001,0.014,-0.017,0.024,0.001,0.024
0.013,0.002,0.013,-0.016,0.023,0.002,0.023
0.013,0.002,0.013,-0.015,0.022,0.002,0.022
0.012,0.003,0.012,-0.015,0.022,0.003,0.022
0.011,0.003,0.011,-0.014,0.021,0.003,0.021
0.011,0.004,0.011,-0.013,0.02,0.004,0.02
0.011,0.004,0.011,-0.013,0.019,0.004,0.019
0.01,0.004,0.01,-0.012,0.018,0.004,0.018
0.01,0.005,0.01,-0.011,0.018,0.005,0.018
0.01,0.005,0.01,-0.01,0.017,0.005,0.017
0.01,0.006,0.01,-0.01,0.016,0.006,0.016
0.01,0.006,0.01,-0.009,0.016,0.006,0.016
0.01,0.007,0.01,-0.008,0.015,0.007,0.015
0.01,0.007,0.01,-0.008,0.015,0.007,0.015
0.01,0.008,0.01,-0.007,0.015,0.008,0.015
0.01,0.008,0.01,-0.007,0.015,0.008,0.015
0.011,0.008,0.011,-0.006,0.015,0.008,0.015
0.011,0.009,0.011,-0.006,0.014,0.009,0.014
0.011,0.009,0.011,-0.005,0.014,0.009,0.014
0.011,0.009,0.011,-0.005,0.014,0.009,0.014
0.012,0.009,0.012,-0.004,0.015,0.009,0.015
0.012,0.009,0.012,-0.004,0.015,0.009,0.015
0.012,0.009,0.012,-0.004,0.015,0.009,0.015
0.012,0.009,0.012,-0.004,0.015,0.009,0.015
0.012,0.009,0.012,-0.004,0.015,0.009,0.015
0.012,0.008,0.012,-0.004,0.015,0.008,0.015
0.012,0.008,0.012,-0.004,0.015,0.008,0.015
0.012,0.008,0.012,-0.004,0.015,0.008,0.015
0.012,0.007,0.012,-0.004,0.015,0.007,0.015
0.012,0.007,0.012,-0.004,0.015,0.007,0.015
0.012,0.006,0.012,-0.004,0.015,0.006,0.015
0.012,0.006,0.012,-0.004,0.015,0.006,0.015
0.012,0.005,0.012,-0.004,0.015,0.005,0.015
0.011,0.004,0.011,-0.004,0.014,0.004,0.014
0.011,0.004,0.011,-0.004,0.014,0.004,0.014
0.011,0.003,0.011,-0.004,0.014,0.003,0.014
0.011,0.003,0.011,-0.004,0.013,0.003,0.013
0.01,0.002,0.01,-0.005,0.013,0.002,0.013
0.01,0.002,0.01,-0.005,0.012,0.002,0.012
0.01,0.002,0.01,-0.004,0.012,0.002,0.012
0.01,0.001,0.01,-0.004,0.012,0.001,0.012
0.009,0.001,0.009,-0.004,0.011,0.001,0.011
0.009,0.001,0.009,-0.004,0.011,0.001,0.011
0.009,0.001,0.009,-0.004,0.01,0.001,0.01
0.009,0,0.009,-0.004,0.01,0,0.01
0.009,0,0.009,-0.004,0.009,0,0.009
0.008,0,0.008,-0.003,0.009,0,0.009
0.008,0,0.008,-0.003,0.009,0,0.009
0.008,0,0.008,-0.003,0.009,0,0.009
0.008,0.001,0.008,-0.003,0.009,0.001,0.009
0.008,0.001,0.008,-0.002,0.009,0.001,0.009
0.008,0.001,0.008,-0.002,0.009,0.001,0.009
0.008,0.001,0.008,-0.002,0.009,0.001,0.009
0.008,0.001,0.008,-0.001,0.01,0.001,0.01
0.008,0.002,0.008,-0.001,0.01,0.002,0.01
0.008,0.002,0.008,0,0.011,0.002,0.011
0.008,0.002,0.008,0,0.011,0.002,0.011
0.008,0.002,0.008,0,0.012,0.002,0.012
0.009,0.002,0.009,0.001,0.013,0.002,0.013
0.009,0.002,0.009,0.001,0.013,0.002,0.013
0.009,0.002,0.009,0.001,0.014,0.002,0.014
0.009,0.002,0.009,0.001,0.015,0.002,0.015
0.01,0.002,0.01,0.002,0.016,0.002,0.016
0.01,0.002,0.01,0.002,0.016,0.002,0.016
0.01,0.002,0.01,0.002,0.017,0.002,0.017
0.01,0.002,0.01,0.002,0.018,0.002,0.018
0.011,0.002,0.011,0.002,0.018,0.002,0.018
0.011,0.002,0.011,0.002,0.019,0.002,0.019
0.011,0.002,0.011,0.002,0.019,0.002,0.019
0.011,0.002,0.011,0.002,0.02,0.002,0.02
0.012,0.002,0.012,0.002,0.02,0.002,0.02
0.012,0.001,0.012,0.002,0.02,0.001,0.02
0.012,0.001,0.012,0.002,0.02,0.001,0.02
0.012,0.001,0.012,0.002,0.02,0.001,0.02
0.012,0.001,0.012,0.002,0.02,0.001,0.02
0.012,0.001,0.012,0.002,0.02,0.001,0.02
0.013,0,0.013,0.002,0.02,0,0.02
0.013,0,0.013,0.001,0.02,0,0.02
0.013,0,0.013,0.001,0.02,0,0.02
0.013,0,0.013,0.001,0.019,0,0.019
0.013,0,0.013,0.001,0.019,0,0.019
0.013,-0.001,0.013,0.001,0.019,-0.001,0.019
0.013,-0.001,0.013,0.001,0.018,-0.001,0.018
0.013,-0.001,0.013,0.001,0.018,-0.001,0.018
0.013,-0.001,0.013,0.001,0.018,-0.001,0.018
0.013,-0.001,0.013,0.001,0.018,-0.001,0.018
0.013,-0.001,0.013,0.002,0.018,-0.001,0.018
0.013,-0.001,0.013,0.002,0.018,-0.001,0.018
0.013,-0.001,0.013,0.002,0.018,-0.001,0.018
0.013,-0.002,0.013,0.002,0.018,-0.002,0.018
0.014,-0.002,0.014,0.003,0.018,-0.002,0.018
0.014,-0.002,0.014,0.003,0.018,-0.002,0.018
0.014,-0.002,0.014,0.003,0.018,-0.002,0.018
0.014,-0.002,0.014,0.004,0.019,-0.002,0.019
0.014,-0.002,0.014,0.004,0.019,-0.002,0.019
0.014,-0.002,0.014,0.005,0.02,-0.002,0.02
0.014,-0.002,0.014,0.005,0.02,-0.002,0.02
0.014,-0.002,0.014,0.006,0.021,-0.002,0.021
0.014,-0.002,0.014,0.006,0.021,-0.002,0.021
0.014,-0.002,0.014,0.006,0.022,-0.002,0.022
0.014,-0.003,0.014,0.007,0.022,-0.003,0.022
0.014,-0.003,0.014,0.007,0.023,-0.003,0.023
0.014,-0.003,0.014,0.008,0.023,-0.003,0.023
0.014,-0.003,0.014,0.008,0.024,-0.003,0.024
0.014,-0.003,0.014,0.008,0.024,-0.003,0.024
0.013,-0.003,0.013,0.008,0.024,-0.003,0.024
0.013,-0.003,0.013,0.008,0.025,-0.003,0.025
0.013,-0.003,0.013,0.009,0.025,-0.003,0.025
0.013,-0.003,0.013,0.009,0.025,-0.003,0.025
0.013,-0.003,0.013,0.009,0.026,-0.003,0.026
0.013,-0.003,0.013,0.008,0.026,-0.003,0.026
0.013,-0.003,0.013,0.008,0.026,-0.003,0.026
0.013,-0.003,0.013,0.008,0.026,-0.003,0.026
0.013,-0.003,0.013,0.008,0.027,-0.003,0.027
0.014,-0.003,0.014,0.008,0.027,-0.003,0.027
0.014,-0.003,0.014,0.007,0.027,-0.003,0.027
0.014,-0.003,0.014,0.007,0.027,-0.003,0.027
0.014,-0.002,0.014,0.007,0.027,-0.002,0.027
0.014,-0.002,0.014,0.006,0.027,-0.002,0.027
0.015,-0.002,0.015,0.006,0.027,-0.002,0.027
0.015,-0.002,0.015,0.005,0.027,-0.002,0.027
0.015,-0.001,0.015,0.005,0.027,-0.001,0.027
0.016,-0.001,0.016,0.004,0.027,-0.001,0.027
0.016,-0.001,0.016,0.004,0.027,-0.001,0.027
0.016,0,0.016,0.003,0.028,0,0.028
0.017,0,0.017,0.003,0.028,0,0.028
0.017,0,0.017,0.002,0.028,0,0.028
0.018,0,0.018,0.001,0.028,0,0.028
0.018,0,0.018,0.001,0.028,0,0.028
0.018,0,0.018,0,0.027,0,0.027
0.018,0,0.018,0,0.027,0,0.027
0.019,0,0.019,-0.001,0.027,0,0.027
0.019,0,0.019,-0.001,0.027,0,0.027
0.019,0,0.019,-0.002,0.027,0,0.027
0.019,0,0.019,-0.003,0.027,0,0.027
0.02,-0.001,0.02,-0.003,0.026,-0.001,0.026
0.02,-0.001,0.02,-0.004,0.026,-0.001,0.026
0.02,-0.001,0.02,-0.004,0.026,-0.001,0.026
0.02,-0.002,0.02,-0.005,0.025,-0.002,0.025
0.02,-0.002,0.02,-0.005,0.025,-0.002,0.025
0.02,-0.002,0.02,-0.006,0.024,-0.002,0.024
0.019,-0.003,0.019,-0.006,0.024,-0.003,0.024
0.019,-0.003,0.019,-0.007,0.023,-0.003,0.023
0.019,-0.004,0.019,-0.007,0.023,-0.004,0.023
0.019,-0.004,0.019,-0.008,0.022,-0.004,0.022
0.018,-0.004,0.018,-0.008,0.022,-0.004,0.022
0.018,-0.005,0.018,-0.009,0.021,-0.005,0.021
0.018,-0.005,0.018,-0.01,0.02,-0.005,0.02
0.017,-0.005,0.017,-0.01,0.02,-0.005,0.02
0.017,-0.006,0.017,-0.011,0.019,-0.006,0.019
0.016,-0.006,0.016,-0.011,0.019,-0.006,0.019
0.016,-0.006,0.016,-0.012,0.018,-0.006,0.018
0.015,-0.006,0.015,-0.012,0.018,-0.006,0.018
0.015,-0.006,0.015,-0.013,0.017,-0.006,0.017
0.014,-0.006,0.014,-0.013,0.017,-0.006,0.017
0.014,-0.006,0.014,-0.014,0.017,-0.006,0.017
0.013,-0.006,0.013,-0.015,0.016,-0.006,0.016
0.012,-0.006,0.012,-0.015,0.016,-0.006,0.016
0.012,-0.006,0.012,-0.016,0.016,-0.006,0.016
0.011,-0.006,0.011,-0.016,0.016,-0.006,0.016
0.011,-0.006,0.011,-0.017,0.016,-0.006,0.016
0.011,-0.005,0.011,-0.018,0.015,-0.005,0.015
0.01,-0.005,0.01,-0.018,0.015,-0.005,0.015
0.01,-0.005,0.01,-0.019,0.015,-0.005,0.015
0.01,-0.005,0.01,-0.02,0.015,-0.005,0.015
0.009,-0.004,0.009,-0.02,0.015,-0.004,0.015
0.009,-0.004,0.009,-0.021,0.015,-0.004,0.015
0.009,-0.004,0.009,-0.022,0.015,-0.004,0.015
0.009,-0.003,0.009,-0.022,0.015,-0.003,0.015
0.009,-0.003,0.009,-0.023,0.015,-0.003,0.015
0.009,-0.003,0.009,-0.024,0.016,-0.003,0.016
0.009,-0.002,0.009,-0.024,0.016,-0.002,0.016
0.009,-0.002,0.009,-0.025,0.015,-0.002,0.015
0.009,-0.002,0.009,-0.026,0.015,-0.002,0.015
0.009,-0.002,0.009,-0.026,0.015,-0.002,0.015
0.009,-0.001,0.009,-0.027,0.015,-0.001,0.015
0.009,-0.001,0.009,-0.028,0.015,-0.001,0.015
0.009,-0.001,0.009,-0.028,0.015,-0.001,0.015
0.009,-0.001,0.009,-0.029,0.015,-0.001,0.015
0.01,-0.001,0.01,-0.03,0.015,-0.001,0.015
0.01,-0.001,0.01,-0.031,0.015,-0.001,0.015
0.01,0,0.01,-0.031,0.015,0,0.015
0.01,0,0.01,-0.032,0.015,0,0.015
0.011,0,0.011,-0.033,0.015,0,0.015
0.011,0,0.011,-0.033,0.016,0,0.016
0.011,0,0.011,-0.034,0.016,0,0.016
0.011,0,0.011,-0.035,0.016,0,0.016
0.011,0,0.011,-0.035,0.016,0,0.016
0.012,0,0.012,-0.036,0.016,0,0.016
0.012,0,0.012,-0.037,0.016,0,0.016
0.012,0,0.012,-0.037,0.017,0,0.017
0.012,0,0.012,-0.038,0.017,0,0.017
0.012,0,0.012,-0.039,0.017,0,0.017
0.012,0,0.012,-0.04,0.017,0,0.017
0.012,0,0.012,-0.04,0.018,0,0.018
0.011,0,0.011,-0.041,0.018,0,0.018
0.011,0,0.011,-0.042,0.018,0,0.018
0.011,0,0.011,-0.043,0.019,0,0.019
0.011,0,0.011,-0.044,0.019,0,0.019
0.01,0,0.01,-0.045,0.019,0,0.019
0.01,0,0.01,-0.046,0.019,0,0.019
0.009,0,0.009,-0.047,0.019,0,0.019
0.009,-0.001,0.009,-0.047,0.019,-0.001,0.019
0.008,-0.001,0.008,-0.048,0.019,-0.001,0.019
0.008,-0.001,0.008,-0.049,0.019,-0.001,0.019
