-0.057,-0.055,-0.057,0,0,-0.055,0
-0.056,-0.055,-0.056,-0.042,-0.046,-0.055,-0.046
-0.055,-0.056,-0.055,-0.042,-0.046,-0.056,-0.046
-0.054,-0.057,-0.054,-0.042,-0.046,-0.057,-0.046
-0.053,-0.058,-0.053,-0.041,-0.047,-0.058,-0.047
-0.052,-0.059,-0.052,-0.041,-0.048,-0.059,-0.048
-0.051,-0.059,-0.051,-0.04,-0.049,-0.059,-0.049
-0.051,-0.06,-0.051,-0.04,-0.049,-0.06,-0.049
-0.05,-0.061,-0.05,-0.039,-0.05,-0.061,-0.05
-0.05,-0.061,-0.05,-0.038,-0.051,-0.061,-0.051
-0.049,-0.062,-0.049,-0.037,-0.052,-0.062,-0.052
-0.049,-0.062,-0.049,-0.036,-0.053,-0.062,-0.053
-0.049,-0.062,-0.049,-0.035,-0.054,-0.062,-0.054
-0.049,-0.063,-0.049,-0.034,-0.055,-0.063,-0.055
-0.049,-0.063,-0.049,-0.033,-0.056,-0.063,-0.056
-0.049,-0.063,-0.049,-0.032,-0.057,-0.063,-0.057
-0.049,-0.062,-0.049,-0.03,-0.058,-0.062,-0.058
-0.049,-0.062,-0.049,-0.029,-0.059,-0.062,-0.059
-0.049,-0.062,-0.049,-0.028,-0.059,-0.062,-0.059
-0.049,-0.061,-0.049,-0.027,-0.06,-0.061,-0.06
-0.05,-0.061,-0.05,-0.026,-0.061,-0.061,-0.061
-0.05,-0.06,-0.05,-0.025,-0.061,-0.06,-0.061
-0.05,-0.059,-0.05,-0.024,-0.061,-0.059,-0.061
-0.05,-0.058,-0.05,-0.023,-0.062,-0.058,-0.062
-0.05,-0.057,-0.05,-0.023,-0.062,-0.057,-0.062
-0.05,-0.057,-0.05,-0.022,-0.062,-0.057,-0.062
-0.05,-0.056,-0.05,-0.021,-0.062,-0.056,-0.062
-0.05,-0.055,-0.05,-0.021,-0.062,-0.055,-0.062
-0.05,-0.054,-0.05,-0.021,-0.062,-0.054,-0.062
-0.049,-0.053,-0.049,-0.021,-0.062,-0.053,-0.062
-0.049,-0.052,-0.049,-0.02,-0.062,-0.052,-0.062
-0.049,-0.051,-0.049,-0.02,-0.062,-0.051,-0.062
-0.049,-0.051,-0.049,-0.021,-0.062,-0.051,-0.062
-0.049,-0.05,-0.049,-0.021,-0.062,-0.05,-0.062
-0.048,-0.049,-0.048,-0.021,-0.062,-0.049,-0.062
-0.048,-0.049,-0.048,-0.021,-0.061,-0.049,-0.061
-0.048,-0.049,-0.048,-0.022,-0.062,-0.049,-0.062
-0.047,-0.048,-0.047,-0.022,-0.062,-0.048,-0.062
-0.047,-0.048,-0.047,-0.022,-0.062,-0.048,-0.062
-0.047,-0.048,-0.047,-0.023,-0.062,-0.048,-0.062
-0.046,-0.048,-0.046,-0.023,-0.062,-0.048,-0.062
-0.046,-0.048,-0.046,-0.024,-0.063,-0.048,-0.063
-0.046,-0.048,-0.046,-0.024,-0.063,-0.048,-0.063
-0.046,-0.048,-0.046,-0.024,-0.064,-0.048,-0.064
-0.045,-0.048,-0.045,-0.025,-0.065,-0.048,-0.065
-0.045,-0.048,-0.045,-0.025,-0.065,-0.048,-0.065
-0.045,-0.049,-0.045,-0.025,-0.066,-0.049,-0.066
-0.045,-0.049,-0.045,-0.025,-0.067,-0.049,-0.067
-0.044,-0.049,-0.044,-0.026,-0.068,-0.049,-0.068
-0.044,-0.05,-0.044,-0.026,-0.069,-0.05,-0.069
-0.044,-0.05,-0.044,-0.026,-0.07,-0.05,-0.07
-0.043,-0.051,-0.043,-0.026,-0.071,-0.051,-0.071
-0.043,-0.051,-0.043,-0.026,-0.072,-0.051,-0.072
-0.043,-0.052,-0.043,-0.026,-0.073,-0.052,-0.073
-0.042,-0.052,-0.042,-0.026,-0.074,-0.052,-0.074
-0.042,-0.053,-0.042,-0.027,-0.075,-0.053,-0.075
-0.041,-0.053,-0.041,-0.027,-0.075,-0.053,-0.075
-0.041,-0.054,-0.041,-0.027,-0.076,-0.054,-0.076
-0.04,-0.054,-0.04,-0.027,-0.077,-0.054,-0.077
-0.04,-0.054,-0.04,-0.027,-0.078,-0.054,-0.078
-0.039,-0.055,-0.039,-0.027,-0.078,-0.055,-0.078
-0.039,-0.055,-0.039,-0.027,-0.079,-0.055,-0.079
-0.038,-0.055,-0.038,-0.028,-0.079,-0.055,-0.079
-0.038,-0.055,-0.038,-0.028,-0.08,-0.055,-0.08
-0.037,-0.055,-0.037,-0.028,-0.08,-0.055,-0.08
-0.037,-0.055,-0.037,-0.028,-0.081,-0.055,-0.081
-0.037,-0.055,-0.037,-0.029,-0.081,-0.055,-0.081
-0.036,-0.055,-0.036,-0.029,-0.081,-0.055,-0.081
-0.036,-0.055,-0.036,-0.029,-0.081,-0.055,-0.081
-0.036,-0.055,-0.036,-0.029,-0.081,-0.055,-0.081
-0.036,-0.054,-0.036,-0.029,-0.081,-0.054,-0.081
-0.036,-0.054,-0.036,-0.029,-0.081,-0.054,-0.081
-0.036,-0.054,-0.036,-0.03,-0.081,-0.054,-0.081
-0.036,-0.054,-0.036,-0.03,-0.08,-0.054,-0.08
-0.036,-0.054,-0.036,-0.03,-0.08,-0.054,-0.08
-0.036,-0.054,-0.036,-0.03,-0.08,-0.054,-0.08
-0.037,-0.053,-0.037,-0.03,-0.08,-0.053,-0.08
-0.037,-0.053,-0.037,-0.03,-0.079,-0.053,-0.079
-0.037,-0.053,-0.037,-0.03,-0.079,-0.053,-0.079
-0.038,-0.053,-0.038,-0.03,-0.078,-0.053,-0.078
-0.038,-0.053,-0.038,-0.03,-0.078,-0.053,-0.078
-0.038,-0.053,-0.038,-0.03,-0.078,-0.053,-0.078
-0.039,-0.054,-0.039,-0.03,-0.077,-0.054,-0.077
-0.039,-0.054,-0.039,-0.03,-0.077,-0.054,-0.077
-0.04,-0.054,-0.04,-0.029,-0.077,-0.054,-0.077
-0.04,-0.054,-0.04,-0.029,-0.076,-0.054,-0.076
-0.04,-0.055,-0.04,-0.029,-0.076,-0.055,-0.076
-0.04,-0.055,-0.04,-0.029,-0.076,-0.055,-0.076
-0.04,-0.055,-0.04,-0.029,-0.075,-0.055,-0.075
-0.041,-0.056,-0.041,-0.029,-0.075,-0.056,-0.075
-0.041,-0.056,-0.041,-0.029,-0.075,-0.056,-0.075
-0.041,-0.057,-0.041,-0.029,-0.075,-0.057,-0.075
-0.04,-0.058,-0.04,-0.028,-0.075,-0.058,-0.075
-0.04,-0.058,-0.04,-0.028,-0.075,-0.058,-0.075
-0.04,-0.059,-0.04,-0.028,-0.075,-0.059,-0.075
-0.04,-0.06,-0.04,-0.028,-0.074,-0.06,-0.074
-0.04,-0.061,-0.04,-0.027,-0.074,-0.061,-0.074
-0.039,-0.061,-0.039,-0.027,-0.074,-0.061,-0.074
-0.039,-0.062,-0.039,-0.027,-0.074,-0.062,-0.074
-0.039,-0.063,-0.039,-0.027,-0.074,-0.063,-0.074
-0.038,-0.064,-0.038,-0.026,-0.074,-0.064,-0.074
-0.038,-0.065,-0.038,-0.026,-0.074,-0.065,-0.074
-0.038,-0.066,-0.038,-0.026,-0.074,-0.066,-0.074
-0.037,-0.066,-0.037,-0.026,-0.074,-0.066,-0.074
-0.037,-0.067,-0.037,-0.025,-0.074,-0.067,-0.074
-0.037,-0.068,-0.037,-0.025,-0.074,-0.068,-0.074
-0.037,-0.069,-0.037,-0.025,-0.074,-0.069,-0.074
-0.036,-0.07,-0.036,-0.024,-0.075,-0.07,-0.075
-0.036,-0.07,-0.036,-0.024,-0.075,-0.07,-0.075
-0.036,-0.071,-0.036,-0.024,-0.075,-0.071,-0.075
-0.036,-0.071,-0.036,-0.024,-0.075,-0.071,-0.075
-0.036,-0.072,-0.036,-0.023,-0.075,-0.072,-0.075
-0.036,-0.072,-0.036,-0.023,-0.075,-0.072,-0.075
-0.035,-0.073,-0.035,-0.023,-0.075,-0.073,-0.075
-0.035,-0.073,-0.035,-0.023,-0.075,-0.073,-0.075
-0.035,-0.073,-0.035,-0.023,-0.075,-0.073,-0.075
-0.035,-0.073,-0.035,-0.023,-0.074,-0.073,-0.074
-0.035,-0.072,-0.035,-0.022,-0.074,-0.072,-0.074
-0.035,-0.072,-0.035,-0.022,-0.074,-0.072,-0.074
-0.035,-0.071,-0.035,-0.022,-0.073,-0.071,-0.073
-0.035,-0.07,-0.035,-0.022,-0.073,-0.07,-0.073
-0.035,-0.07,-0.035,-0.022,-0.072,-0.07,-0.072
-0.035,-0.069,-0.035,-0.022,-0.071,-0.069,-0.071
-0.035,-0.067,-0.035,-0.022,-0.07,-0.067,-0.07
-0.034,-0.066,-0.034,-0.022,-0.069,-0.066,-0.069
-0.034,-0.065,-0.034,-0.022,-0.068,-0.065,-0.068
-0.034,-0.063,-0.034,-0.022,-0.067,-0.063,-0.067
-0.034,-0.062,-0.034,-0.022,-0.066,-0.062,-0.066
-0.033,-0.06,-0.033,-0.022,-0.065,-0.06,-0.065
-0.033,-0.059,-0.033,-0.022,-0.064,-0.059,-0.064
-0.033,-0.058,-0.033,-0.022,-0.063,-0.058,-0.063
-0.032,-0.056,-0.032,-0.023,-0.062,-0.056,-0.062
-0.032,-0.055,-0.032,-0.023,-0.061,-0.055,-0.061
-0.031,-0.054,-0.031,-0.023,-0.06,-0.054,-0.06
-0.031,-0.053,-0.031,-0.023,-0.059,-0.053,-0.059
-0.031,-0.052,-0.031,-0.023,-0.059,-0.052,-0.059
-0.03,-0.052,-0.03,-0.023,-0.058,-0.052,-0.058
-0.03,-0.051,-0.03,-0.024,-0.058,-0.051,-0.058
-0.029,-0.051,-0.029,-0.024,-0.058,-0.051,-0.058
-0.029,-0.051,-0.029,-0.024,-0.058,-0.051,-0.058
-0.028,-0.051,-0.028,-0.024,-0.058,-0.051,-0.058
-0.028,-0.052,-0.028,-0.024,-0.059,-0.052,-0.059
-0.027,-0.052,-0.027,-0.024,-0.059,-0.052,-0.059
-0.027,-0.053,-0.027,-0.025,-0.06,-0.053,-0.06
-0.026,-0.054,-0.026,-0.025,-0.061,-0.054,-0.061
-0.026,-0.055,-0.026,-0.025,-0.062,-0.055,-0.062
-0.026,-0.056,-0.026,-0.025,-0.063,-0.056,-0.063
-0.025,-0.057,-0.025,-0.025,-0.064,-0.057,-0.064
-0.025,-0.058,-0.025,-0.025,-0.066,-0.058,-0.066
-0.025,-0.059,-0.025,-0.025,-0.067,-0.059,-0.067
-0.024,-0.06,-0.024,-0.025,-0.068,-0.06,-0.068
-0.024,-0.061,-0.024,-0.025,-0.069,-0.061,-0.069
-0.024,-0.062,-0.024,-0.025,-0.071,-0.062,-0.071
-0.024,-0.063,-0.024,-0.024,-0.072,-0.063,-0.072
-0.024,-0.063,-0.024,-0.024,-0.073,-0.063,-0.073
-0.024,-0.063,-0.024,-0.024,-0.073,-0.063,-0.073
-0.024,-0.063,-0.024,-0.024,-0.074,-0.063,-0.074
-0.024,-0.063,-0.024,-0.023,-0.075,-0.063,-0.075
-0.024,-0.063,-0.024,-0.023,-0.075,-0.063,-0.075
-0.024,-0.062,-0.024,-0.023,-0.075,-0.062,-0.075
-0.024,-0.061,-0.024,-0.022,-0.075,-0.061,-0.075
-0.024,-0.06,-0.024,-0.022,-0.075,-0.06,-0.075
-0.025,-0.059,-0.025,-0.022,-0.074,-0.059,-0.074
-0.025,-0.058,-0.025,-0.021,-0.074,-0.058,-0.074
-0.025,-0.056,-0.025,-0.021,-0.073,-0.056,-0.073
-0.026,-0.054,-0.026,-0.021,-0.072,-0.054,-0.072
-0.026,-0.053,-0.026,-0.02,-0.071,-0.053,-0.071
-0.027,-0.051,-0.027,-0.02,-0.07,-0.051,-0.07
-0.028,-0.049,-0.028,-0.02,-0.069,-0.049,-0.069
-0.028,-0.047,-0.028,-0.019,-0.067,-0.047,-0.067
-0.029,-0.046,-0.029,-0.019,-0.066,-0.046,-0.066
-0.03,-0.044,-0.03,-0.019,-0.064,-0.044,-0.064
-0.031,-0.042,-0.031,-0.019,-0.063,-0.042,-0.063
-0.032,-0.041,-0.032,-0.019,-0.061,-0.041,-0.061
-0.032,-0.04,-0.032,-0.019,-0.06,-0.04,-0.06
-0.033,-0.039,-0.033,-0.019,-0.058,-0.039,-0.058
-0.034,-0.038,-0.034,-0.019,-0.057,-0.038,-0.057
-0.035,-0.038,-0.035,-0.02,-0.055,-0.038,-0.055
-0.035,-0.037,-0.035,-0.02,-0.054,-0.037,-0.054
-0.036,-0.037,-0.036,-0.021,-0.052,-0.037,-0.052
-0.036,-0.037,-0.036,-0.021,-0.051,-0.037,-0.051
-0.037,-0.037,-0.037,-0.022,-0.05,-0.037,-0.05
-0.037,-0.038,-0.037,-0.023,-0.049,-0.038,-0.049
-0.037,-0.038,-0.037,-0.024,-0.048,-0.038,-0.048
-0.037,-0.039,-0.037,-0.025,-0.047,-0.039,-0.047
-0.037,-0.04,-0.037,-0.026,-0.046,-0.04,-0.046
-0.037,-0.041,-0.037,-0.027,-0.045,-0.041,-0.045
-0.037,-0.042,-0.037,-0.028,-0.045,-0.042,-0.045
-0.036,-0.043,-0.036,-0.029,-0.044,-0.043,-0.044
-0.035,-0.044,-0.035,-0.03,-0.044,-0.044,-0.044
-0.035,-0.045,-0.035,-0.031,-0.043,-0.045,-0.043
-0.034,-0.046,-0.034,-0.032,-0.043,-0.046,-0.043
-0.033,-0.047,-0.033,-0.033,-0.043,-0.047,-0.043
-0.032,-0.048,-0.032,-0.034,-0.043,-0.048,-0.043
-0.031,-0.049,-0.031,-0.034,-0.043,-0.049,-0.043
-0.03,-0.05,-0.03,-0.035,-0.043,-0.05,-0.043
-0.029,-0.051,-0.029,-0.036,-0.044,-0.051,-0.044
-0.028,-0.052,-0.028,-0.036,-0.044,-0.052,-0.044
-0.027,-0.052,-0.027,-0.037,-0.045,-0.052,-0.045
-0.025,-0.053,-0.025,-0.037,-0.045,-0.053,-0.045
-0.024,-0.053,-0.024,-0.037,-0.046,-0.053,-0.046
-0.023,-0.054,-0.023,-0.037,-0.047,-0.054,-0.047
-0.022,-0.054,-0.022,-0.037,-0.047,-0.054,-0.047
-0.021,-0.054,-0.021,-0.037,-0.048,-0.054,-0.048
-0.02,-0.054,-0.02,-0.036,-0.049,-0.054,-0.049
-0.02,-0.054,-0.02,-0.036,-0.05,-0.054,-0.05
-0.019,-0.054,-0.019,-0.035,-0.05,-0.054,-0.05
-0.018,-0.053,-0.018,-0.035,-0.051,-0.053,-0.051
-0.018,-0.053,-0.018,-0.034,-0.052,-0.053,-0.052
-0.017,-0.053,-0.017,-0.033,-0.053,-0.053,-0.053
-0.017,-0.052,-0.017,-0.032,-0.054,-0.052,-0.054
-0.017,-0.052,-0.017,-0.031,-0.054,-0.052,-0.054
-0.017,-0.052,-0.017,-0.03,-0.055,-0.052,-0.055
-0.017,-0.051,-0.017,-0.029,-0.055,-0.051,-0.055
-0.018,-0.051,-0.018,-0.028,-0.056,-0.051,-0.056
-0.018,-0.05,-0.018,-0.028,-0.056,-0.05,-0.056
-0.018,-0.05,-0.018,-0.027,-0.057,-0.05,-0.057
-0.019,-0.05,-0.019,-0.026,-0.057,-0.05,-0.057
-0.02,-0.05,-0.02,-0.025,-0.057,-0.05,-0.057
-0.02,-0.049,-0.02,-0.024,-0.058,-0.049,-0.058
-0.021,-0.049,-0.021,-0.024,-0.058,-0.049,-0.058
-0.022,-0.049,-0.022,-0.023,-0.058,-0.049,-0.058
-0.023,-0.049,-0.023,-0.022,-0.058,-0.049,-0.058
-0.023,-0.049,-0.023,-0.022,-0.058,-0.049,-0.058
-0.024,-0.049,-0.024,-0.021,-0.058,-0.049,-0.058
-0.025,-0.049,-0.025,-0.021,-0.058,-0.049,-0.058
-0.025,-0.049,-0.025,-0.021,-0.057,-0.049,-0.057
-0.026,-0.05,-0.026,-0.021,-0.057,-0.05,-0.057
-0.026,-0.05,-0.026,-0.021,-0.057,-0.05,-0.057
-0.027,-0.05,-0.027,-0.02,-0.056,-0.05,-0.056
-0.027,-0.05,-0.027,-0.021,-0.056,-0.05,-0.056
-0.027,-0.05,-0.027,-0.021,-0.055,-0.05,-0.055
-0.027,-0.05,-0.027,-0.021,-0.055,-0.05,-0.055
-0.027,-0.051,-0.027,-0.021,-0.054,-0.051,-0.054
-0.027,-0.051,-0.027,-0.021,-0.054,-0.051,-0.054
-0.027,-0.051,-0.027,-0.022,-0.053,-0.051,-0.053
-0.027,-0.051,-0.027,-0.022,-0.052,-0.051,-0.052
-0.027,-0.051,-0.027,-0.023,-0.051,-0.051,-0.051
-0.026,-0.051,-0.026,-0.023,-0.051,-0.051,-0.051
-0.026,-0.05,-0.026,-0.024,-0.05,-0.05,-0.05
-0.026,-0.05,-0.026,-0.024,-0.049,-0.05,-0.049
-0.026,-0.05,-0.026,-0.025,-0.048,-0.05,-0.048
-0.026,-0.05,-0.026,-0.025,-0.047,-0.05,-0.047
-0.025,-0.049,-0.025,-0.026,-0.046,-0.049,-0.046
-0.025,-0.049,-0.025,-0.026,-0.046,-0.049,-0.046
-0.025,-0.049,-0.025,-0.027,-0.045,-0.049,-0.045
-0.025,-0.048,-0.025,-0.027,-0.044,-0.048,-0.044
-0.026,-0.048,-0.026,-0.028,-0.043,-0.048,-0.043
-0.026,-0.048,-0.026,-0.028,-0.042,-0.048,-0.042
-0.026,-0.047,-0.026,-0.028,-0.042,-0.047,-0.042
-0.026,-0.047,-0.026,-0.029,-0.041,-0.047,-0.041
-0.027,-0.047,-0.027,-0.029,-0.04,-0.047,-0.04
-0.027,-0.047,-0.027,-0.029,-0.04,-0.047,-0.04
-0.028,-0.046,-0.028,-0.03,-0.039,-0.046,-0.039
-0.029,-0.046,-0.029,-0.03,-0.039,-0.046,-0.039
-0.029,-0.046,-0.029,-0.03,-0.038,-0.046,-0.038
-0.03,-0.046,-0.03,-0.03,-0.038,-0.046,-0.038
-0.031,-0.046,-0.031,-0.03,-0.037,-0.046,-0.037
-0.032,-0.046,-0.032,-0.031,-0.037,-0.046,-0.037
-0.033,-0.047,-0.033,-0.031,-0.036,-0.047,-0.036
-0.034,-0.047,-0.034,-0.031,-0.036,-0.047,-0.036
-0.034,-0.047,-0.034,-0.031,-0.036,-0.047,-0.036
-0.035,-0.047,-0.035,-0.031,-0.035,-0.047,-0.035
-0.036,-0.047,-0.036,-0.031,-0.035,-0.047,-0.035
-0.036,-0.048,-0.036,-0.031,-0.034,-0.048,-0.034
-0.037,-0.048,-0.037,-0.031,-0.034,-0.048,-0.034
-0.037,-0.048,-0.037,-0.031,-0.033,-0.048,-0.033
-0.037,-0.048,-0.037,-0.031,-0.033,-0.048,-0.033
-0.037,-0.048,-0.037,-0.031,-0.032,-0.048,-0.032
-0.037,-0.048,-0.037,-0.031,-0.032,-0.048,-0.032
-0.037,-0.048,-0.037,-0.03,-0.031,-0.048,-0.031
-0.036,-0.048,-0.036,-0.03,-0.031,-0.048,-0.031
-0.036,-0.048,-0.036,-0.03,-0.03,-0.048,-0.03
-0.035,-0.048,-0.035,-0.029,-0.029,-0.048,-0.029
-0.034,-0.048,-0.034,-0.029,-0.029,-0.048,-0.029
-0.033,-0.048,-0.033,-0.028,-0.028,-0.048,-0.028
-0.032,-0.048,-0.032,-0.028,-0.027,-0.048,-0.027
-0.03,-0.047,-0.03,-0.027,-0.027,-0.047,-0.027
-0.029,-0.047,-0.029,-0.026,-0.026,-0.047,-0.026
-0.028,-0.047,-0.028,-0.026,-0.026,-0.047,-0.026
-0.026,-0.046,-0.026,-0.025,-0.025,-0.046,-0.025
-0.025,-0.046,-0.025,-0.024,-0.025,-0.046,-0.025
-0.023,-0.046,-0.023,-0.024,-0.025,-0.046,-0.025
-0.022,-0.046,-0.022,-0.023,-0.024,-0.046,-0.024
-0.02,-0.046,-0.02,-0.022,-0.024,-0.046,-0.024
-0.019,-0.046,-0.019,-0.022,-0.024,-0.046,-0.024
-0.018,-0.046,-0.018,-0.021,-0.024,-0.046,-0.024
-0.017,-0.046,-0.017,-0.021,-0.024,-0.046,-0.024
-0.016,-0.046,-0.016,-0.021,-0.024,-0.046,-0.024
-0.015,-0.046,-0.015,-0.021,-0.024,-0.046,-0.024
-0.014,-0.047,-0.014,-0.021,-0.024,-0.047,-0.024
-0.014,-0.047,-0.014,-0.021,-0.024,-0.047,-0.024
-0.013,-0.048,-0.013,-0.021,-0.025,-0.048,-0.025
-0.013,-0.048,-0.013,-0.021,-0.025,-0.048,-0.025
-0.013,-0.049,-0.013,-0.021,-0.025,-0.049,-0.025
-0.013,-0.05,-0.013,-0.022,-0.026,-0.05,-0.026
-0.014,-0.05,-0.014,-0.022,-0.026,-0.05,-0.026
-0.014,-0.051,-0.014,-0.023,-0.027,-0.051,-0.027
-0.015,-0.051,-0.015,-0.024,-0.027,-0.051,-0.027
-0.016,-0.052,-0.016,-0.024,-0.028,-0.052,-0.028
-0.016,-0.052,-0.016,-0.025,-0.028,-0.052,-0.028
-0.017,-0.053,-0.017,-0.026,-0.029,-0.053,-0.029
-0.018,-0.053,-0.018,-0.027,-0.029,-0.053,-0.029
-0.019,-0.053,-0.019,-0.027,-0.029,-0.053,-0.029
-0.02,-0.053,-0.02,-0.028,-0.03,-0.053,-0.03
-0.021,-0.053,-0.021,-0.029,-0.03,-0.053,-0.03
-0.022,-0.053,-0.022,-0.03,-0.03,-0.053,-0.03
-0.023,-0.052,-0.023,-0.03,-0.03,-0.052,-0.03
-0.024,-0.052,-0.024,-0.031,-0.03,-0.052,-0.03
-0.025,-0.051,-0.025,-0.031,-0.03,-0.051,-0.03
-0.026,-0.05,-0.026,-0.031,-0.03,-0.05,-0.03
-0.026,-0.049,-0.026,-0.032,-0.03,-0.049,-0.03
-0.027,-0.048,-0.027,-0.032,-0.03,-0.048,-0.03
-0.027,-0.047,-0.027,-0.032,-0.029,-0.047,-0.029
-0.027,-0.046,-0.027,-0.032,-0.029,-0.046,-0.029
-0.027,-0.045,-0.027,-0.031,-0.029,-0.045,-0.029
-0.027,-0.043,-0.027,-0.031,-0.028,-0.043,-0.028
-0.027,-0.042,-0.027,-0.03,-0.028,-0.042,-0.028
-0.026,-0.04,-0.026,-0.03,-0.027,-0.04,-0.027
-0.026,-0.039,-0.026,-0.029,-0.026,-0.039,-0.026
-0.025,-0.038,-0.025,-0.029,-0.026,-0.038,-0.026
-0.024,-0.037,-0.024,-0.028,-0.025,-0.037,-0.025
-0.023,-0.035,-0.023,-0.027,-0.024,-0.035,-0.024
-0.022,-0.034,-0.022,-0.026,-0.024,-0.034,-0.024
-0.021,-0.033,-0.021,-0.026,-0.023,-0.033,-0.023
-0.02,-0.033,-0.02,-0.025,-0.022,-0.033,-0.022
-0.019,-0.032,-0.019,-0.024,-0.022,-0.032,-0.022
-0.018,-0.031,-0.018,-0.024,-0.021,-0.031,-0.021
-0.017,-0.031,-0.017,-0.023,-0.02,-0.031,-0.02
-0.016,-0.031,-0.016,-0.022,-0.02,-0.031,-0.02
-0.015,-0.031,-0.015,-0.022,-0.019,-0.031,-0.019
-0.015,-0.031,-0.015,-0.021,-0.019,-0.031,-0.019
-0.014,-0.031,-0.014,-0.021,-0.019,-0.031,-0.019
-0.013,-0.032,-0.013,-0.021,-0.018,-0.032,-0.018
-0.013,-0.032,-0.013,-0.021,-0.018,-0.032,-0.018
-0.013,-0.033,-0.013,-0.021,-0.018,-0.033,-0.018
-0.012,-0.034,-0.012,-0.021,-0.018,-0.034,-0.018
-0.012,-0.034,-0.012,-0.021,-0.018,-0.034,-0.018
-0.012,-0.035,-0.012,-0.021,-0.018,-0.035,-0.018
-0.013,-0.036,-0.013,-0.022,-0.018,-0.036,-0.018
-0.013,-0.037,-0.013,-0.022,-0.018,-0.037,-0.018
-0.014,-0.038,-0.014,-0.022,-0.018,-0.038,-0.018
-0.014,-0.038,-0.014,-0.023,-0.018,-0.038,-0.018
-0.015,-0.039,-0.015,-0.023,-0.018,-0.039,-0.018
-0.016,-0.04,-0.016,-0.024,-0.018,-0.04,-0.018
-0.017,-0.04,-0.017,-0.024,-0.018,-0.04,-0.018
-0.018,-0.04,-0.018,-0.025,-0.018,-0.04,-0.018
-0.019,-0.041,-0.019,-0.025,-0.018,-0.041,-0.018
-0.02,-0.041,-0.02,-0.026,-0.017,-0.041,-0.017
-0.021,-0.041,-0.021,-0.026,-0.017,-0.041,-0.017
-0.022,-0.041,-0.022,-0.027,-0.017,-0.041,-0.017
-0.023,-0.04,-0.023,-0.027,-0.017,-0.04,-0.017
-0.024,-0.04,-0.024,-0.027,-0.016,-0.04,-0.016
-0.024,-0.039,-0.024,-0.027,-0.016,-0.039,-0.016
-0.025,-0.039,-0.025,-0.027,-0.015,-0.039,-0.015
-0.026,-0.038,-0.026,-0.027,-0.015,-0.038,-0.015
-0.026,-0.038,-0.026,-0.027,-0.014,-0.038,-0.014
-0.026,-0.037,-0.026,-0.027,-0.014,-0.037,-0.014
-0.026,-0.037,-0.026,-0.027,-0.013,-0.037,-0.013
-0.026,-0.036,-0.026,-0.026,-0.012,-0.036,-0.012
-0.025,-0.036,-0.025,-0.026,-0.012,-0.036,-0.012
-0.025,-0.035,-0.025,-0.025,-0.011,-0.035,-0.011
-0.024,-0.035,-0.024,-0.025,-0.01,-0.035,-0.01
-0.023,-0.035,-0.023,-0.024,-0.01,-0.035,-0.01
-0.022,-0.034,-0.022,-0.024,-0.009,-0.034,-0.009
-0.021,-0.034,-0.021,-0.023,-0.009,-0.034,-0.009
-0.02,-0.034,-0.02,-0.023,-0.008,-0.034,-0.008
-0.019,-0.034,-0.019,-0.022,-0.008,-0.034,-0.008
-0.017,-0.035,-0.017,-0.022,-0.007,-0.035,-0.007
-0.016,-0.035,-0.016,-0.021,-0.007,-0.035,-0.007
-0.015,-0.035,-0.015,-0.021,-0.007,-0.035,-0.007
-0.013,-0.035,-0.013,-0.02,-0.007,-0.035,-0.007
-0.012,-0.036,-0.012,-0.02,-0.007,-0.036,-0.007
-0.011,-0.036,-0.011,-0.019,-0.007,-0.036,-0.007
-0.009,-0.036,-0.009,-0.019,-0.007,-0.036,-0.007
-0.008,-0.036,-0.008,-0.018,-0.008,-0.036,-0.008
-0.007,-0.037,-0.007,-0.018,-0.008,-0.037,-0.008
-0.006,-0.037,-0.006,-0.018,-0.009,-0.037,-0.009
-0.006,-0.037,-0.006,-0.018,-0.009,-0.037,-0.009
-0.005,-0.037,-0.005,-0.018,-0.01,-0.037,-0.01
-0.004,-0.037,-0.004,-0.018,-0.011,-0.037,-0.011
-0.004,-0.037,-0.004,-0.018,-0.012,-0.037,-0.012
-0.004,-0.037,-0.004,-0.018,-0.012,-0.037,-0.012
-0.004,-0.037,-0.004,-0.018,-0.013,-0.037,-0.013
-0.004,-0.036,-0.004,-0.018,-0.014,-0.036,-0.014
-0.004,-0.036,-0.004,-0.018,-0.015,-0.036,-0.015
-0.004,-0.036,-0.004,-0.018,-0.016,-0.036,-0.016
-0.004,-0.035,-0.004,-0.019,-0.016,-0.035,-0.016
-0.005,-0.035,-0.005,-0.019,-0.017,-0.035,-0.017
-0.005,-0.035,-0.005,-0.019,-0.018,-0.035,-0.018
-0.006,-0.034,-0.006,-0.02,-0.018,-0.034,-0.018
-0.007,-0.034,-0.007,-0.02,-0.019,-0.034,-0.019
-0.007,-0.033,-0.007,-0.02,-0.019,-0.033,-0.019
-0.008,-0.033,-0.008,-0.021,-0.02,-0.033,-0.02
-0.009,-0.032,-0.009,-0.021,-0.02,-0.032,-0.02
-0.01,-0.032,-0.01,-0.022,-0.02,-0.032,-0.02
-0.01,-0.032,-0.01,-0.022,-0.02,-0.032,-0.02
-0.011,-0.031,-0.011,-0.023,-0.02,-0.031,-0.02
-0.012,-0.031,-0.012,-0.023,-0.02,-0.031,-0.02
-0.012,-0.031,-0.012,-0.024,-0.02,-0.031,-0.02
-0.013,-0.03,-0.013,-0.024,-0.02,-0.03,-0.02
-0.013,-0.03,-0.013,-0.025,-0.02,-0.03,-0.02
-0.014,-0.03,-0.014,-0.025,-0.02,-0.03,-0.02
-0.014,-0.03,-0.014,-0.026,-0.02,-0.03,-0.02
-0.014,-0.03,-0.014,-0.027,-0.02,-0.03,-0.02
-0.015,-0.03,-0.015,-0.027,-0.02,-0.03,-0.02
-0.015,-0.029,-0.015,-0.028,-0.02,-0.029,-0.02
-0.015,-0.029,-0.015,-0.029,-0.02,-0.029,-0.02
-0.015,-0.029,-0.015,-0.029,-0.019,-0.029,-0.019
-0.015,-0.029,-0.015,-0.03,-0.019,-0.029,-0.019
-0.014,-0.029,-0.014,-0.03,-0.019,-0.029,-0.019
-0.014,-0.029,-0.014,-0.03,-0.019,-0.029,-0.019
-0.014,-0.029,-0.014,-0.03,-0.019,-0.029,-0.019
-0.014,-0.029,-0.014,-0.031,-0.019,-0.029,-0.019
-0.014,-0.028,-0.014,-0.031,-0.019,-0.028,-0.019
-0.013,-0.028,-0.013,-0.031,-0.019,-0.028,-0.019
-0.013,-0.028,-0.013,-0.03,-0.019,-0.028,-0.019
-0.013,-0.028,-0.013,-0.03,-0.019,-0.028,-0.019
-0.013,-0.028,-0.013,-0.03,-0.019,-0.028,-0.019
-0.012,-0.028,-0.012,-0.029,-0.018,-0.028,-0.018
-0.012,-0.028,-0.012,-0.028,-0.018,-0.028,-0.018
-0.012,-0.027,-0.012,-0.028,-0.018,-0.027,-0.018
-0.012,-0.027,-0.012,-0.027,-0.017,-0.027,-0.017
-0.012,-0.027,-0.012,-0.026,-0.016,-0.027,-0.016
-0.012,-0.027,-0.012,-0.025,-0.016,-0.027,-0.016
-0.012,-0.027,-0.012,-0.024,-0.015,-0.027,-0.015
-0.012,-0.027,-0.012,-0.024,-0.014,-0.027,-0.014
-0.012,-0.027,-0.012,-0.023,-0.013,-0.027,-0.013
-0.012,-0.027,-0.012,-0.022,-0.012,-0.027,-0.012
-0.013,-0.027,-0.013,-0.021,-0.011,-0.027,-0.011
-0.013,-0.027,-0.013,-0.02,-0.01,-0.027,-0.01
-0.013,-0.028,-0.013,-0.02,-0.009,-0.028,-0.009
-0.013,-0.028,-0.013,-0.019,-0.008,-0.028,-0.008
-0.014,-0.028,-0.014,-0.018,-0.007,-0.028,-0.007
-0.014,-0.028,-0.014,-0.018,-0.005,-0.028,-0.005
-0.014,-0.029,-0.014,-0.018,-0.004,-0.029,-0.004
-0.015,-0.029,-0.015,-0.017,-0.003,-0.029,-0.003
-0.015,-0.03,-0.015,-0.017,-0.002,-0.03,-0.002
-0.015,-0.03,-0.015,-0.017,-0.002,-0.03,-0.002
-0.015,-0.031,-0.015,-0.017,-0.001,-0.031,-0.001
-0.016,-0.031,-0.016,-0.018,0,-0.031,0
-0.016,-0.031,-0.016,-0.018,0,-0.031,0
-0.016,-0.032,-0.016,-0.019,0.001,-0.032,0.001
-0.016,-0.032,-0.016,-0.019,0.001,-0.032,0.001
-0.016,-0.033,-0.016,-0.02,0.001,-0.033,0.001
-0.016,-0.033,-0.016,-0.021,0.001,-0.033,0.001
-0.016,-0.033,-0.016,-0.022,0,-0.033,0
-0.016,-0.033,-0.016,-0.022,0,-0.033,0
-0.016,-0.034,-0.016,-0.023,-0.001,-0.034,-0.001
-0.016,-0.034,-0.016,-0.024,-0.001,-0.034,-0.001
-0.015,-0.034,-0.015,-0.025,-0.002,-0.034,-0.002
-0.015,-0.034,-0.015,-0.026,-0.003,-0.034,-0.003
-0.015,-0.034,-0.015,-0.027,-0.004,-0.034,-0.004
-0.014,-0.034,-0.014,-0.028,-0.005,-0.034,-0.005
-0.014,-0.033,-0.014,-0.028,-0.006,-0.033,-0.006
-0.013,-0.033,-0.013,-0.029,-0.007,-0.033,-0.007
-0.013,-0.033,-0.013,-0.03,-0.008,-0.033,-0.008
-0.013,-0.033,-0.013,-0.03,-0.009,-0.033,-0.009
-0.012,-0.033,-0.012,-0.031,-0.01,-0.033,-0.01
-0.012,-0.032,-0.012,-0.031,-0.01,-0.032,-0.01
-0.011,-0.032,-0.011,-0.031,-0.011,-0.032,-0.011
-0.011,-0.032,-0.011,-0.031,-0.012,-0.032,-0.012
-0.011,-0.032,-0.011,-0.031,-0.012,-0.032,-0.012
-0.011,-0.032,-0.011,-0.031,-0.012,-0.032,-0.012
-0.011,-0.031,-0.011,-0.031,-0.013,-0.031,-0.013
-0.011,-0.031,-0.011,-0.03,-0.013,-0.031,-0.013
-0.011,-0.031,-0.011,-0.03,-0.013,-0.031,-0.013
-0.011,-0.031,-0.011,-0.03,-0.013,-0.031,-0.013
-0.011,-0.032,-0.011,-0.029,-0.012,-0.032,-0.012
-0.012,-0.032,-0.012,-0.029,-0.012,-0.032,-0.012
-0.012,-0.032,-0.012,-0.028,-0.012,-0.032,-0.012
-0.013,-0.032,-0.013,-0.027,-0.011,-0.032,-0.011
-0.013,-0.033,-0.013,-0.027,-0.011,-0.033,-0.011
-0.014,-0.033,-0.014,-0.026,-0.01,-0.033,-0.01
-0.015,-0.033,-0.015,-0.026,-0.009,-0.033,-0.009
-0.016,-0.034,-0.016,-0.025,-0.009,-0.034,-0.009
-0.017,-0.035,-0.017,-0.025,-0.008,-0.035,-0.008
-0.018,-0.035,-0.018,-0.024,-0.008,-0.035,-0.008
-0.019,-0.036,-0.019,-0.024,-0.007,-0.036,-0.007
-0.021,-0.036,-0.021,-0.023,-0.007,-0.036,-0.007
-0.022,-0.037,-0.022,-0.023,-0.006,-0.037,-0.006
-0.023,-0.038,-0.023,-0.023,-0.005,-0.038,-0.005
-0.024,-0.039,-0.024,-0.023,-0.005,-0.039,-0.005
-0.026,-0.039,-0.026,-0.023,-0.005,-0.039,-0.005
-0.027,-0.04,-0.027,-0.023,-0.004,-0.04,-0.004
-0.028,-0.041,-0.028,-0.023,-0.004,-0.041,-0.004
-0.03,-0.041,-0.03,-0.024,-0.003,-0.041,-0.003
-0.031,-0.042,-0.031,-0.024,-0.003,-0.042,-0.003
-0.032,-0.042,-0.032,-0.024,-0.003,-0.042,-0.003
-0.032,-0.043,-0.032,-0.025,-0.002,-0.043,-0.002
-0.033,-0.043,-0.033,-0.026,-0.002,-0.043,-0.002
-0.034,-0.043,-0.034,-0.026,-0.001,-0.043,-0.001
-0.034,-0.043,-0.034,-0.027,-0.001,-0.043,-0.001
-0.034,-0.043,-0.034,-0.028,0,-0.043,0
-0.034,-0.042,-0.034,-0.028,0,-0.042,0
-0.034,-0.042,-0.034,-0.029,0.001,-0.042,0.001
-0.033,-0.041,-0.033,-0.03,0.001,-0.041,0.001
-0.032,-0.04,-0.032,-0.03,0.002,-0.04,0.002
-0.031,-0.039,-0.031,-0.031,0.002,-0.039,0.002
-0.03,-0.038,-0.03,-0.031,0.003,-0.038,0.003
-0.029,-0.036,-0.029,-0.031,0.003,-0.036,0.003
-0.028,-0.035,-0.028,-0.032,0.004,-0.035,0.004
-0.026,-0.033,-0.026,-0.032,0.004,-0.033,0.004
-0.024,-0.031,-0.024,-0.032,0.005,-0.031,0.005
-0.022,-0.03,-0.022,-0.032,0.005,-0.03,0.005
-0.021,-0.028,-0.021,-0.031,0.006,-0.028,0.006
-0.019,-0.026,-0.019,-0.031,0.006,-0.026,0.006
-0.017,-0.024,-0.017,-0.03,0.006,-0.024,0.006
-0.015,-0.021,-0.015,-0.029,0.007,-0.021,0.007
-0.012,-0.019,-0.012,-0.028,0.007,-0.019,0.007
-0.01,-0.018,-0.01,-0.027,0.008,-0.018,0.008
-0.008,-0.016,-0.008,-0.026,0.008,-0.016,0.008
-0.006,-0.014,-0.006,-0.024,0.009,-0.014,0.009
-0.004,-0.012,-0.004,-0.023,0.009,-0.012,0.009
-0.003,-0.011,-0.003,-0.021,0.01,-0.011,0.01
-0.001,-0.009,-0.001,-0.019,0.011,-0.009,0.011
0.001,-0.008,0.001,-0.017,0.011,-0.008,0.011
0.002,-0.007,0.002,-0.015,0.012,-0.007,0.012
0.004,-0.006,0.004,-0.013,0.013,-0.006,0.013
0.005,-0.005,0.005,-0.011,0.014,-0.005,0.014
0.007,-0.004,0.007,-0.009,0.015,-0.004,0.015
0.008,-0.004,0.008,-0.007,0.017,-0.004,0.017
0.009,-0.003,0.009,-0.004,0.018,-0.003,0.018
0.01,-0.003,0.01,-0.002,0.02,-0.003,0.02
0.011,-0.003,0.011,0,0.021,-0.003,0.021
0.012,-0.003,0.012,0.002,0.023,-0.003,0.023
0.013,-0.003,0.013,0.004,0.024,-0.003,0.024
0.014,-0.003,0.014,0.006,0.026,-0.003,0.026
0.015,-0.002,0.015,0.008,0.028,-0.002,0.028
0.016,-0.002,0.016,0.01,0.03,-0.002,0.03
0.017,-0.002,0.017,0.012,0.031,-0.002,0.031
0.018,-0.002,0.018,0.014,0.033,-0.002,0.033
0.019,-0.002,0.019,0.015,0.035,-0.002,0.035
0.02,-0.002,0.02,0.017,0.037,-0.002,0.037
0.021,-0.002,0.021,0.018,0.038,-0.002,0.038
0.022,-0.002,0.022,0.019,0.04,-0.002,0.04
0.023,-0.001,0.023,0.021,0.041,-0.001,0.041
0.024,-0.001,0.024,0.022,0.042,-0.001,0.042
0.025,0,0.025,0.023,0.043,0,0.043
0.026,0,0.026,0.024,0.045,0,0.045
0.027,0.001,0.027,0.025,0.045,0.001,0.045
0.029,0.002,0.029,0.025,0.046,0.002,0.046
0.03,0.004,0.03,0.026,0.047,0.004,0.047
0.031,0.005,0.031,0.027,0.048,0.005,0.048
0.032,0.006,0.032,0.027,0.048,0.006,0.048
0.033,0.008,0.033,0.028,0.049,0.008,0.049
0.034,0.01,0.034,0.029,0.049,0.01,0.049
0.035,0.012,0.035,0.029,0.05,0.012,0.05
0.036,0.014,0.036,0.03,0.05,0.014,0.05
0.037,0.017,0.037,0.03,0.05,0.017,0.05
0.038,0.019,0.038,0.031,0.051,0.019,0.051
0.039,0.021,0.039,0.031,0.051,0.021,0.051
0.041,0.024,0.041,0.031,0.051,0.024,0.051
0.042,0.027,0.042,0.032,0.052,0.027,0.052
0.043,0.029,0.043,0.032,0.052,0.029,0.052
0.044,0.032,0.044,0.033,0.053,0.032,0.053
0.046,0.034,0.046,0.033,0.053,0.034,0.053
0.047,0.037,0.047,0.033,0.054,0.037,0.054
0.049,0.039,0.049,0.034,0.054,0.039,0.054
0.05,0.042,0.05,0.034,0.055,0.042,0.055
0.052,0.044,0.052,0.034,0.056,0.044,0.056
0.053,0.046,0.053,0.035,0.056,0.046,0.056
0.055,0.047,0.055,0.035,0.057,0.047,0.057
0.057,0.049,0.057,0.036,0.058,0.049,0.058
0.058,0.05,0.058,0.036,0.059,0.05,0.059
0.06,0.052,0.06,0.037,0.06,0.052,0.06
0.061,0.052,0.061,0.037,0.061,0.052,0.061
0.063,0.053,0.063,0.038,0.062,0.053,0.062
0.064,0.054,0.064,0.038,0.063,0.054,0.063
0.065,0.054,0.065,0.039,0.064,0.054,0.064
0.066,0.054,0.066,0.04,0.064,0.054,0.064
0.067,0.053,0.067,0.041,0.065,0.053,0.065
0.068,0.053,0.068,0.041,0.066,0.053,0.066
0.068,0.052,0.068,0.042,0.067,0.052,0.067
0.069,0.052,0.069,0.043,0.067,0.052,0.067
0.069,0.051,0.069,0.044,0.068,0.051,0.068
0.069,0.049,0.069,0.045,0.068,0.049,0.068
0.069,0.048,0.069,0.046,0.069,0.048,0.069
0.068,0.047,0.068,0.046,0.069,0.047,0.069
0.068,0.046,0.068,0.047,0.069,0.046,0.069
0.067,0.044,0.067,0.048,0.07,0.044,0.07
0.067,0.043,0.067,0.049,0.07,0.043,0.07
0.066,0.041,0.066,0.05,0.07,0.041,0.07
0.065,0.04,0.065,0.05,0.07,0.04,0.07
0.064,0.039,0.064,0.051,0.07,0.039,0.07
0.063,0.037,0.063,0.051,0.07,0.037,0.07
0.061,0.036,0.061,0.052,0.07,0.036,0.07
0.06,0.035,0.06,0.053,0.07,0.035,0.07
0.059,0.034,0.059,0.053,0.07,0.034,0.07
0.058,0.034,0.058,0.053,0.07,0.034,0.07
0.057,0.033,0.057,0.054,0.07,0.033,0.07
0.056,0.033,0.056,0.054,0.07,0.033,0.07
0.055,0.032,0.055,0.054,0.07,0.032,0.07
0.054,0.032,0.054,0.054,0.071,0.032,0.071
0.053,0.032,0.053,0.054,0.071,0.032,0.071
0.053,0.033,0.053,0.054,0.071,0.033,0.071
0.052,0.033,0.052,0.054,0.072,0.033,0.072
0.052,0.034,0.052,0.054,0.072,0.034,0.072
0.052,0.034,0.052,0.054,0.073,0.034,0.073
0.052,0.035,0.052,0.054,0.073,0.035,0.073
0.052,0.036,0.052,0.054,0.074,0.036,0.074
0.052,0.037,0.052,0.053,0.075,0.037,0.075
0.052,0.038,0.052,0.053,0.075,0.038,0.075
0.053,0.039,0.053,0.053,0.076,0.039,0.076
0.053,0.041,0.053,0.052,0.076,0.041,0.076
0.054,0.042,0.054,0.052,0.077,0.042,0.077
0.055,0.043,0.055,0.052,0.078,0.043,0.078
0.056,0.044,0.056,0.051,0.078,0.044,0.078
0.057,0.045,0.057,0.051,0.079,0.045,0.079
0.058,0.046,0.058,0.051,0.08,0.046,0.08
0.059,0.047,0.059,0.05,0.08,0.047,0.08
0.06,0.048,0.06,0.05,0.081,0.048,0.081
0.061,0.049,0.061,0.05,0.081,0.049,0.081
0.063,0.049,0.063,0.05,0.082,0.049,0.082
0.064,0.05,0.064,0.05,0.082,0.05,0.082
0.065,0.05,0.065,0.05,0.083,0.05,0.083
0.066,0.051,0.066,0.05,0.083,0.051,0.083
0.068,0.051,0.068,0.05,0.084,0.051,0.084
0.069,0.051,0.069,0.05,0.084,0.051,0.084
0.07,0.051,0.07,0.05,0.084,0.051,0.084
0.071,0.051,0.071,0.05,0.085,0.051,0.085
0.072,0.05,0.072,0.05,0.085,0.05,0.085
0.072,0.05,0.072,0.05,0.085,0.05,0.085
0.073,0.05,0.073,0.05,0.086,0.05,0.086
0.074,0.049,0.074,0.05,0.086,0.049,0.086
0.074,0.049,0.074,0.051,0.086,0.049,0.086
0.074,0.048,0.074,0.051,0.086,0.048,0.086
0.074,0.048,0.074,0.051,0.086,0.048,0.086
0.074,0.047,0.074,0.051,0.086,0.047,0.086
0.074,0.046,0.074,0.051,0.086,0.046,0.086
0.073,0.046,0.073,0.051,0.086,0.046,0.086
0.073,0.045,0.073,0.05,0.085,0.045,0.085
0.072,0.044,0.072,0.05,0.085,0.044,0.085
0.071,0.044,0.071,0.05,0.084,0.044,0.084
0.07,0.043,0.07,0.049,0.084,0.043,0.084
0.068,0.042,0.068,0.049,0.083,0.042,0.083
0.067,0.041,0.067,0.048,0.082,0.041,0.082
0.065,0.041,0.065,0.048,0.081,0.041,0.081
0.064,0.04,0.064,0.047,0.079,0.04,0.079
0.062,0.039,0.062,0.046,0.078,0.039,0.078
0.06,0.038,0.06,0.045,0.076,0.038,0.076
0.058,0.038,0.058,0.044,0.075,0.038,0.075
0.056,0.037,0.056,0.043,0.073,0.037,0.073
0.054,0.036,0.054,0.041,0.071,0.036,0.071
0.051,0.035,0.051,0.04,0.07,0.035,0.07
0.049,0.034,0.049,0.039,0.068,0.034,0.068
0.047,0.033,0.047,0.037,0.066,0.033,0.066
0.045,0.033,0.045,0.036,0.064,0.033,0.064
0.043,0.032,0.043,0.034,0.062,0.032,0.062
0.041,0.031,0.041,0.033,0.06,0.031,0.06
0.039,0.03,0.039,0.031,0.058,0.03,0.058
0.037,0.029,0.037,0.029,0.057,0.029,0.057
0.035,0.028,0.035,0.028,0.055,0.028,0.055
0.033,0.027,0.033,0.026,0.053,0.027,0.053
0.031,0.026,0.031,0.025,0.051,0.026,0.051
0.03,0.025,0.03,0.023,0.05,0.025,0.05
0.029,0.024,0.029,0.022,0.049,0.024,0.049
0.027,0.023,0.027,0.021,0.047,0.023,0.047
0.026,0.022,0.026,0.02,0.046,0.022,0.046
0.026,0.021,0.026,0.019,0.045,0.021,0.045
0.025,0.02,0.025,0.018,0.044,0.02,0.044
0.024,0.019,0.024,0.017,0.043,0.019,0.043
0.024,0.018,0.024,0.016,0.042,0.018,0.042
0.024,0.017,0.024,0.016,0.042,0.017,0.042
0.023,0.016,0.023,0.016,0.041,0.016,0.041
0.023,0.015,0.023,0.016,0.041,0.015,0.041
0.024,0.014,0.024,0.016,0.04,0.014,0.04
0.024,0.013,0.024,0.016,0.04,0.013,0.04
0.024,0.012,0.024,0.016,0.04,0.012,0.04
0.025,0.01,0.025,0.017,0.04,0.01,0.04
0.025,0.009,0.025,0.017,0.04,0.009,0.04
0.026,0.008,0.026,0.018,0.04,0.008,0.04
0.027,0.007,0.027,0.018,0.04,0.007,0.04
0.028,0.006,0.028,0.019,0.04,0.006,0.04
0.028,0.005,0.028,0.02,0.04,0.005,0.04
0.029,0.004,0.029,0.021,0.041,0.004,0.041
0.03,0.003,0.03,0.022,0.041,0.003,0.041
0.031,0.002,0.031,0.023,0.042,0.002,0.042
0.032,0.001,0.032,0.024,0.042,0.001,0.042
0.033,0.001,0.033,0.025,0.043,0.001,0.043
0.034,0,0.034,0.026,0.043,0,0.043
0.034,-0.001,0.034,0.027,0.044,-0.001,0.044
0.035,-0.001,0.035,0.028,0.044,-0.001,0.044
0.036,-0.002,0.036,0.029,0.045,-0.002,0.045
0.036,-0.002,0.036,0.03,0.045,-0.002,0.045
0.037,-0.002,0.037,0.031,0.046,-0.002,0.046
0.037,-0.002,0.037,0.032,0.046,-0.002,0.046
0.038,-0.001,0.038,0.034,0.047,-0.001,0.047
0.038,-0.001,0.038,0.035,0.047,-0.001,0.047
0.038,-0.001,0.038,0.036,0.048,-0.001,0.048
0.038,0,0.038,0.037,0.048,0,0.048
0.038,0.001,0.038,0.038,0.048,0.001,0.048
0.038,0.002,0.038,0.038,0.048,0.002,0.048
0.038,0.003,0.038,0.039,0.048,0.003,0.048
0.037,0.004,0.037,0.04,0.048,0.004,0.048
0.037,0.005,0.037,0.041,0.048,0.005,0.048
0.036,0.006,0.036,0.041,0.047,0.006,0.047
0.035,0.007,0.035,0.041,0.047,0.007,0.047
0.035,0.008,0.035,0.042,0.046,0.008,0.046
0.034,0.009,0.034,0.042,0.045,0.009,0.045
0.032,0.01,0.032,0.042,0.044,0.01,0.044
0.031,0.011,0.031,0.041,0.043,0.011,0.043
0.03,0.012,0.03,0.041,0.041,0.012,0.041
0.029,0.012,0.029,0.04,0.04,0.012,0.04
0.027,0.012,0.027,0.039,0.038,0.012,0.038
0.026,0.012,0.026,0.038,0.036,0.012,0.036
0.024,0.011,0.024,0.036,0.035,0.011,0.035
0.022,0.011,0.022,0.035,0.033,0.011,0.033
0.021,0.01,0.021,0.033,0.031,0.01,0.031
0.019,0.009,0.019,0.031,0.029,0.009,0.029
0.017,0.007,0.017,0.028,0.027,0.007,0.027
0.016,0.006,0.016,0.026,0.025,0.006,0.025
0.014,0.004,0.014,0.023,0.023,0.004,0.023
0.012,0.002,0.012,0.021,0.021,0.002,0.021
0.011,0,0.011,0.018,0.019,0,0.019
0.009,-0.002,0.009,0.015,0.017,-0.002,0.017
0.008,-0.004,0.008,0.012,0.016,-0.004,0.016
0.006,-0.006,0.006,0.008,0.014,-0.006,0.014
0.005,-0.008,0.005,0.005,0.012,-0.008,0.012
0.004,-0.011,0.004,0.002,0.011,-0.011,0.011
0.003,-0.013,0.003,-0.001,0.009,-0.013,0.009
0.002,-0.015,0.002,-0.004,0.007,-0.015,0.007
0.001,-0.017,0.001,-0.007,0.006,-0.017,0.006
0,-0.019,0,-0.011,0.004,-0.019,0.004
-0.001,-0.02,-0.001,-0.014,0.003,-0.02,0.003
-0.002,-0.022,-0.002,-0.016,0.001,-0.022,0.001
-0.003,-0.023,-0.003,-0.019,0,-0.023,0
-0.004,-0.024,-0.004,-0.022,-0.002,-0.024,-0.002
-0.005,-0.025,-0.005,-0.024,-0.003,-0.025,-0.003
-0.006,-0.026,-0.006,-0.027,-0.005,-0.026,-0.005
-0.007,-0.027,-0.007,-0.029,-0.006,-0.027,-0.006
-0.008,-0.028,-0.008,-0.031,-0.008,-0.028,-0.008
-0.009,-0.028,-0.009,-0.033,-0.01,-0.028,-0.01
-0.01,-0.029,-0.01,-0.035,-0.012,-0.029,-0.012
-0.012,-0.029,-0.012,-0.036,-0.014,-0.029,-0.014
-0.013,-0.03,-0.013,-0.037,-0.016,-0.03,-0.016
-0.014,-0.03,-0.014,-0.039,-0.018,-0.03,-0.018
-0.016,-0.031,-0.016,-0.04,-0.021,-0.031,-0.021
-0.017,-0.031,-0.017,-0.041,-0.023,-0.031,-0.023
-0.018,-0.031,-0.018,-0.041,-0.025,-0.031,-0.025
-0.02,-0.032,-0.02,-0.042,-0.028,-0.032,-0.028
-0.021,-0.032,-0.021,-0.042,-0.03,-0.032,-0.03
-0.023,-0.033,-0.023,-0.042,-0.032,-0.033,-0.032
-0.025,-0.033,-0.025,-0.042,-0.034,-0.033,-0.034
-0.026,-0.034,-0.026,-0.042,-0.036,-0.034,-0.036
-0.028,-0.035,-0.028,-0.042,-0.038,-0.035,-0.038
-0.029,-0.036,-0.029,-0.042,-0.04,-0.036,-0.04
-0.031,-0.037,-0.031,-0.042,-0.042,-0.037,-0.042
-0.032,-0.038,-0.032,-0.041,-0.043,-0.038,-0.043
-0.034,-0.039,-0.034,-0.041,-0.044,-0.039,-0.044
-0.035,-0.04,-0.035,-0.04,-0.045,-0.04,-0.045
-0.036,-0.041,-0.036,-0.04,-0.046,-0.041,-0.046
-0.038,-0.042,-0.038,-0.039,-0.046,-0.042,-0.046
-0.039,-0.043,-0.039,-0.039,-0.047,-0.043,-0.047
-0.04,-0.044,-0.04,-0.038,-0.047,-0.044,-0.047
-0.041,-0.045,-0.041,-0.037,-0.046,-0.045,-0.046
-0.043,-0.046,-0.043,-0.037,-0.046,-0.046,-0.046
-0.044,-0.047,-0.044,-0.036,-0.045,-0.047,-0.045
-0.044,-0.048,-0.044,-0.035,-0.044,-0.048,-0.044
-0.045,-0.049,-0.045,-0.035,-0.044,-0.049,-0.044
-0.046,-0.049,-0.046,-0.034,-0.042,-0.049,-0.042
-0.046,-0.05,-0.046,-0.034,-0.041,-0.05,-0.041
-0.047,-0.051,-0.047,-0.033,-0.04,-0.051,-0.04
-0.047,-0.051,-0.047,-0.033,-0.039,-0.051,-0.039
-0.047,-0.051,-0.047,-0.032,-0.038,-0.051,-0.038
-0.047,-0.052,-0.047,-0.032,-0.036,-0.052,-0.036
-0.047,-0.052,-0.047,-0.031,-0.035,-0.052,-0.035
-0.047,-0.051,-0.047,-0.031,-0.034,-0.051,-0.034
-0.046,-0.051,-0.046,-0.03,-0.033,-0.051,-0.033
-0.046,-0.051,-0.046,-0.03,-0.032,-0.051,-0.032
-0.045,-0.05,-0.045,-0.03,-0.031,-0.05,-0.031
-0.044,-0.05,-0.044,-0.03,-0.031,-0.05,-0.031
-0.044,-0.049,-0.044,-0.029,-0.03,-0.049,-0.03
-0.043,-0.049,-0.043,-0.029,-0.029,-0.049,-0.029
-0.042,-0.048,-0.042,-0.029,-0.029,-0.048,-0.029
-0.041,-0.047,-0.041,-0.029,-0.029,-0.047,-0.029
-0.04,-0.046,-0.04,-0.029,-0.028,-0.046,-0.028
-0.039,-0.045,-0.039,-0.029,-0.028,-0.045,-0.028
-0.038,-0.044,-0.038,-0.028,-0.028,-0.044,-0.028
-0.037,-0.043,-0.037,-0.028,-0.028,-0.043,-0.028
-0.036,-0.042,-0.036,-0.028,-0.028,-0.042,-0.028
-0.036,-0.041,-0.036,-0.028,-0.027,-0.041,-0.027
-0.035,-0.041,-0.035,-0.027,-0.027,-0.041,-0.027
-0.034,-0.04,-0.034,-0.027,-0.027,-0.04,-0.027
-0.033,-0.039,-0.033,-0.027,-0.027,-0.039,-0.027
-0.032,-0.039,-0.032,-0.026,-0.027,-0.039,-0.027
-0.032,-0.038,-0.032,-0.026,-0.027,-0.038,-0.027
-0.031,-0.037,-0.031,-0.025,-0.026,-0.037,-0.026
-0.031,-0.037,-0.031,-0.025,-0.026,-0.037,-0.026
-0.03,-0.037,-0.03,-0.024,-0.026,-0.037,-0.026
-0.03,-0.037,-0.03,-0.024,-0.025,-0.037,-0.025
-0.029,-0.036,-0.029,-0.023,-0.025,-0.036,-0.025
-0.029,-0.036,-0.029,-0.023,-0.024,-0.036,-0.024
-0.028,-0.036,-0.028,-0.022,-0.024,-0.036,-0.024
-0.028,-0.036,-0.028,-0.022,-0.024,-0.036,-0.024
-0.028,-0.036,-0.028,-0.021,-0.023,-0.036,-0.023
-0.027,-0.036,-0.027,-0.021,-0.023,-0.036,-0.023
-0.027,-0.037,-0.027,-0.02,-0.022,-0.037,-0.022
-0.027,-0.037,-0.027,-0.02,-0.022,-0.037,-0.022
-0.026,-0.037,-0.026,-0.02,-0.022,-0.037,-0.022
-0.026,-0.037,-0.026,-0.019,-0.022,-0.037,-0.022
-0.026,-0.037,-0.026,-0.019,-0.021,-0.037,-0.021
-0.026,-0.037,-0.026,-0.019,-0.021,-0.037,-0.021
-0.026,-0.037,-0.026,-0.019,-0.022,-0.037,-0.022
-0.026,-0.038,-0.026,-0.018,-0.022,-0.038,-0.022
-0.025,-0.038,-0.025,-0.018,-0.022,-0.038,-0.022
-0.025,-0.038,-0.025,-0.018,-0.023,-0.038,-0.023
-0.025,-0.038,-0.025,-0.018,-0.023,-0.038,-0.023
-0.025,-0.038,-0.025,-0.018,-0.024,-0.038,-0.024
-0.025,-0.037,-0.025,-0.017,-0.025,-0.037,-0.025
-0.025,-0.037,-0.025,-0.017,-0.026,-0.037,-0.026
-0.025,-0.037,-0.025,-0.017,-0.027,-0.037,-0.027
-0.025,-0.037,-0.025,-0.016,-0.028,-0.037,-0.028
-0.025,-0.037,-0.025,-0.016,-0.029,-0.037,-0.029
-0.025,-0.036,-0.025,-0.015,-0.03,-0.036,-0.03
-0.025,-0.036,-0.025,-0.015,-0.031,-0.036,-0.031
-0.025,-0.036,-0.025,-0.014,-0.033,-0.036,-0.033
-0.024,-0.036,-0.024,-0.013,-0.034,-0.036,-0.034
-0.024,-0.035,-0.024,-0.013,-0.035,-0.035,-0.035
-0.024,-0.035,-0.024,-0.012,-0.035,-0.035,-0.035
-0.024,-0.034,-0.024,-0.011,-0.036,-0.034,-0.036
-0.024,-0.034,-0.024,-0.01,-0.037,-0.034,-0.037
-0.024,-0.034,-0.024,-0.009,-0.037,-0.034,-0.037
-0.024,-0.033,-0.024,-0.008,-0.038,-0.033,-0.038
-0.024,-0.033,-0.024,-0.007,-0.038,-0.033,-0.038
-0.024,-0.033,-0.024,-0.006,-0.038,-0.033,-0.038
-0.024,-0.032,-0.024,-0.005,-0.038,-0.032,-0.038
-0.024,-0.032,-0.024,-0.004,-0.038,-0.032,-0.038
-0.024,-0.031,-0.024,-0.003,-0.037,-0.031,-0.037
-0.024,-0.031,-0.024,-0.003,-0.037,-0.031,-0.037
-0.024,-0.031,-0.024,-0.002,-0.036,-0.031,-0.036
-0.024,-0.03,-0.024,-0.001,-0.035,-0.03,-0.035
-0.024,-0.03,-0.024,0,-0.034,-0.03,-0.034
-0.024,-0.03,-0.024,0,-0.033,-0.03,-0.033
-0.024,-0.03,-0.024,0.001,-0.032,-0.03,-0.032
-0.025,-0.029,-0.025,0.001,-0.031,-0.029,-0.031
-0.025,-0.029,-0.025,0.002,-0.03,-0.029,-0.03
-0.025,-0.029,-0.025,0.002,-0.029,-0.029,-0.029
-0.025,-0.028,-0.025,0.002,-0.028,-0.028,-0.028
-0.025,-0.028,-0.025,0.002,-0.027,-0.028,-0.027
-0.026,-0.028,-0.026,0.002,-0.026,-0.028,-0.026
-0.026,-0.028,-0.026,0.001,-0.025,-0.028,-0.025
-0.026,-0.028,-0.026,0.001,-0.024,-0.028,-0.024
-0.026,-0.027,-0.026,0,-0.024,-0.027,-0.024
-0.026,-0.027,-0.026,0,-0.023,-0.027,-0.023
-0.026,-0.027,-0.026,-0.001,-0.023,-0.027,-0.023
-0.027,-0.027,-0.027,-0.002,-0.022,-0.027,-0.022
-0.027,-0.026,-0.027,-0.003,-0.022,-0.026,-0.022
-0.027,-0.026,-0.027,-0.004,-0.022,-0.026,-0.022
-0.027,-0.026,-0.027,-0.005,-0.022,-0.026,-0.022
-0.027,-0.026,-0.027,-0.006,-0.022,-0.026,-0.022
-0.027,-0.026,-0.027,-0.007,-0.022,-0.026,-0.022
-0.027,-0.025,-0.027,-0.009,-0.022,-0.025,-0.022
-0.027,-0.025,-0.027,-0.01,-0.023,-0.025,-0.023
-0.027,-0.025,-0.027,-0.011,-0.023,-0.025,-0.023
-0.027,-0.025,-0.027,-0.012,-0.023,-0.025,-0.023
-0.027,-0.024,-0.027,-0.014,-0.024,-0.024,-0.024
-0.027,-0.024,-0.027,-0.015,-0.024,-0.024,-0.024
-0.027,-0.024,-0.027,-0.016,-0.024,-0.024,-0.024
-0.026,-0.024,-0.026,-0.017,-0.024,-0.024,-0.024
-0.026,-0.023,-0.026,-0.019,-0.025,-0.023,-0.025
-0.026,-0.023,-0.026,-0.02,-0.025,-0.023,-0.025
-0.025,-0.023,-0.025,-0.021,-0.025,-0.023,-0.025
-0.025,-0.022,-0.025,-0.021,-0.025,-0.022,-0.025
-0.025,-0.022,-0.025,-0.022,-0.025,-0.022,-0.025
-0.024,-0.022,-0.024,-0.023,-0.025,-0.022,-0.025
-0.024,-0.021,-0.024,-0.023,-0.025,-0.021,-0.025
-0.024,-0.021,-0.024,-0.023,-0.024,-0.021,-0.024
-0.024,-0.021,-0.024,-0.023,-0.024,-0.021,-0.024
-0.023,-0.02,-0.023,-0.023,-0.024,-0.02,-0.024
-0.023,-0.02,-0.023,-0.023,-0.023,-0.02,-0.023
-0.023,-0.019,-0.023,-0.023,-0.023,-0.019,-0.023
-0.023,-0.019,-0.023,-0.022,-0.022,-0.019,-0.022
-0.023,-0.018,-0.023,-0.022,-0.022,-0.018,-0.022
-0.023,-0.018,-0.023,-0.021,-0.021,-0.018,-0.021
-0.023,-0.017,-0.023,-0.02,-0.02,-0.017,-0.02
-0.023,-0.017,-0.023,-0.019,-0.02,-0.017,-0.02
-0.023,-0.016,-0.023,-0.018,-0.019,-0.016,-0.019
-0.023,-0.016,-0.023,-0.016,-0.018,-0.016,-0.018
-0.023,-0.015,-0.023,-0.015,-0.018,-0.015,-0.018
-0.023,-0.015,-0.023,-0.013,-0.017,-0.015,-0.017
-0.024,-0.014,-0.024,-0.012,-0.017,-0.014,-0.017
-0.024,-0.014,-0.024,-0.01,-0.017,-0.014,-0.017
-0.024,-0.013,-0.024,-0.009,-0.016,-0.013,-0.016
-0.024,-0.013,-0.024,-0.007,-0.016,-0.013,-0.016
-0.025,-0.013,-0.025,-0.006,-0.016,-0.013,-0.016
-0.025,-0.012,-0.025,-0.005,-0.016,-0.012,-0.016
-0.025,-0.012,-0.025,-0.003,-0.016,-0.012,-0.016
-0.025,-0.012,-0.025,-0.002,-0.016,-0.012,-0.016
-0.025,-0.012,-0.025,-0.001,-0.016,-0.012,-0.016
-0.025,-0.012,-0.025,0,-0.016,-0.012,-0.016
-0.025,-0.012,-0.025,0.001,-0.016,-0.012,-0.016
-0.025,-0.012,-0.025,0.001,-0.017,-0.012,-0.017
-0.025,-0.012,-0.025,0.002,-0.017,-0.012,-0.017
-0.024,-0.012,-0.024,0.002,-0.018,-0.012,-0.018
-0.024,-0.012,-0.024,0.002,-0.018,-0.012,-0.018
-0.024,-0.013,-0.024,0.002,-0.019,-0.013,-0.019
-0.023,-0.013,-0.023,0.002,-0.019,-0.013,-0.019
-0.023,-0.013,-0.023,0.001,-0.02,-0.013,-0.02
-0.022,-0.014,-0.022,0.001,-0.02,-0.014,-0.02
-0.022,-0.014,-0.022,0,-0.021,-0.014,-0.021
-0.021,-0.014,-0.021,-0.001,-0.022,-0.014,-0.022
-0.021,-0.015,-0.021,-0.002,-0.022,-0.015,-0.022
-0.02,-0.015,-0.02,-0.003,-0.023,-0.015,-0.023
-0.02,-0.015,-0.02,-0.004,-0.024,-0.015,-0.024
-0.019,-0.015,-0.019,-0.005,-0.024,-0.015,-0.024
-0.019,-0.015,-0.019,-0.006,-0.025,-0.015,-0.025
-0.018,-0.015,-0.018,-0.008,-0.025,-0.015,-0.025
-0.018,-0.015,-0.018,-0.009,-0.025,-0.015,-0.025
-0.017,-0.015,-0.017,-0.01,-0.026,-0.015,-0.026
-0.017,-0.015,-0.017,-0.011,-0.026,-0.015,-0.026
-0.017,-0.014,-0.017,-0.012,-0.026,-0.014,-0.026
-0.017,-0.014,-0.017,-0.013,-0.026,-0.014,-0.026
-0.017,-0.013,-0.017,-0.014,-0.026,-0.013,-0.026
-0.017,-0.013,-0.017,-0.015,-0.026,-0.013,-0.026
-0.018,-0.012,-0.018,-0.015,-0.026,-0.012,-0.026
-0.018,-0.011,-0.018,-0.016,-0.026,-0.011,-0.026
-0.018,-0.01,-0.018,-0.016,-0.026,-0.01,-0.026
-0.019,-0.009,-0.019,-0.016,-0.025,-0.009,-0.025
-0.02,-0.009,-0.02,-0.017,-0.025,-0.009,-0.025
-0.02,-0.008,-0.02,-0.017,-0.025,-0.008,-0.025
-0.021,-0.007,-0.021,-0.017,-0.025,-0.007,-0.025
-0.022,-0.006,-0.022,-0.017,-0.025,-0.006,-0.025
-0.023,-0.005,-0.023,-0.017,-0.024,-0.005,-0.024
-0.024,-0.005,-0.024,-0.016,-0.024,-0.005,-0.024
-0.025,-0.004,-0.025,-0.016,-0.024,-0.004,-0.024
-0.026,-0.003,-0.026,-0.016,-0.024,-0.003,-0.024
-0.027,-0.003,-0.027,-0.016,-0.025,-0.003,-0.025
-0.028,-0.003,-0.028,-0.015,-0.025,-0.003,-0.025
-0.029,-0.003,-0.029,-0.015,-0.025,-0.003,-0.025
-0.03,-0.003,-0.03,-0.015,-0.026,-0.003,-0.026
-0.031,-0.003,-0.031,-0.015,-0.026,-0.003,-0.026
-0.032,-0.003,-0.032,-0.014,-0.027,-0.003,-0.027
-0.033,-0.003,-0.033,-0.014,-0.027,-0.003,-0.027
-0.034,-0.004,-0.034,-0.014,-0.028,-0.004,-0.028
-0.035,-0.004,-0.035,-0.014,-0.028,-0.004,-0.028
-0.035,-0.005,-0.035,-0.013,-0.029,-0.005,-0.029
-0.036,-0.005,-0.036,-0.013,-0.03,-0.005,-0.03
-0.036,-0.006,-0.036,-0.012,-0.03,-0.006,-0.03
-0.036,-0.007,-0.036,-0.012,-0.03,-0.007,-0.03
-0.036,-0.007,-0.036,-0.011,-0.03,-0.007,-0.03
-0.036,-0.007,-0.036,-0.01,-0.031,-0.007,-0.031
-0.036,-0.008,-0.036,-0.009,-0.03,-0.008,-0.03
-0.035,-0.008,-0.035,-0.008,-0.03,-0.008,-0.03
-0.034,-0.008,-0.034,-0.007,-0.03,-0.008,-0.03
-0.033,-0.008,-0.033,-0.005,-0.029,-0.008,-0.029
-0.032,-0.007,-0.032,-0.003,-0.028,-0.007,-0.028
-0.03,-0.007,-0.03,-0.001,-0.027,-0.007,-0.027
-0.029,-0.006,-0.029,0.001,-0.026,-0.006,-0.026
-0.027,-0.005,-0.027,0.003,-0.024,-0.005,-0.024
-0.025,-0.004,-0.025,0.006,-0.023,-0.004,-0.023
-0.023,-0.003,-0.023,0.009,-0.021,-0.003,-0.021
-0.021,-0.002,-0.021,0.012,-0.019,-0.002,-0.019
-0.018,0,-0.018,0.015,-0.017,0,-0.017
-0.016,0.001,-0.016,0.018,-0.015,0.001,-0.015
-0.013,0.003,-0.013,0.021,-0.012,0.003,-0.012
-0.011,0.005,-0.011,0.024,-0.01,0.005,-0.01
-0.008,0.006,-0.008,0.027,-0.008,0.006,-0.008
-0.006,0.008,-0.006,0.03,-0.006,0.008,-0.006
-0.003,0.009,-0.003,0.032,-0.004,0.009,-0.004
-0.001,0.011,-0.001,0.035,-0.002,0.011,-0.002
0.001,0.012,0.001,0.037,-0.001,0.012,-0.001
0.003,0.013,0.003,0.04,0.001,0.013,0.001
0.005,0.014,0.005,0.042,0.002,0.014,0.002
0.006,0.015,0.006,0.043,0.003,0.015,0.003
0.008,0.015,0.008,0.045,0.004,0.015,0.004
0.009,0.015,0.009,0.046,0.004,0.015,0.004
0.01,0.015,0.01,0.047,0.004,0.015,0.004
0.01,0.015,0.01,0.048,0.004,0.015,0.004
0.011,0.015,0.011,0.048,0.004,0.015,0.004
0.011,0.015,0.011,0.048,0.003,0.015,0.003
0.011,0.014,0.011,0.048,0.002,0.014,0.002
0.011,0.014,0.011,0.048,0.002,0.014,0.002
0.011,0.013,0.011,0.048,0.001,0.013,0.001
0.012,0.012,0.012,0.048,0,0.012,0
0.012,0.012,0.012,0.048,-0.001,0.012,-0.001
0.012,0.012,0.012,0.048,-0.001,0.012,-0.001
0.013,0.012,0.013,0.049,-0.002,0.012,-0.002
0.014,0.012,0.014,0.049,-0.002,0.012,-0.002
0.015,0.013,0.015,0.05,-0.002,0.013,-0.002
0.017,0.014,0.017,0.052,-0.001,0.014,-0.001
0.019,0.016,0.019,0.054,0,0.016,0
0.022,0.018,0.022,0.056,0.002,0.018,0.002
0.025,0.021,0.025,0.059,0.005,0.021,0.005
0.029,0.024,0.029,0.063,0.008,0.024,0.008
0.034,0.029,0.034,0.067,0.012,0.029,0.012
0.04,0.034,0.04,0.072,0.016,0.034,0.016
0.046,0.04,0.046,0.078,0.022,0.04,0.022
0.053,0.046,0.053,0.085,0.028,0.046,0.028
0.061,0.054,0.061,0.092,0.035,0.054,0.035
0.07,0.062,0.07,0.1,0.044,0.062,0.044
0.079,0.071,0.079,0.109,0.052,0.071,0.052
0.09,0.081,0.09,0.119,0.062,0.081,0.062
0.101,0.092,0.101,0.129,0.073,0.092,0.073
0.112,0.103,0.112,0.14,0.084,0.103,0.084
0.125,0.116,0.125,0.151,0.096,0.116,0.096
0.137,0.129,0.137,0.163,0.109,0.129,0.109
0.151,0.142,0.151,0.175,0.123,0.142,0.123
0.164,0.156,0.164,0.188,0.137,0.156,0.137
0.178,0.171,0.178,0.201,0.151,0.171,0.151
0.193,0.186,0.193,0.214,0.166,0.186,0.166
0.207,0.201,0.207,0.228,0.182,0.201,0.182
0.222,0.216,0.222,0.241,0.197,0.216,0.197
0.236,0.232,0.236,0.255,0.213,0.232,0.213
0.25,0.247,0.25,0.268,0.229,0.247,0.229
0.264,0.263,0.264,0.281,0.245,0.263,0.245
0.278,0.278,0.278,0.293,0.261,0.278,0.261
0.291,0.293,0.291,0.305,0.276,0.293,0.276
0.304,0.307,0.304,0.317,0.291,0.307,0.291
0.316,0.321,0.316,0.327,0.306,0.321,0.306
0.327,0.334,0.327,0.337,0.32,0.334,0.32
0.337,0.346,0.337,0.345,0.333,0.346,0.333
0.346,0.357,0.346,0.353,0.346,0.357,0.346
0.354,0.367,0.354,0.359,0.357,0.367,0.357
0.361,0.376,0.361,0.363,0.367,0.376,0.367
0.366,0.383,0.366,0.366,0.376,0.383,0.376
0.37,0.389,0.37,0.367,0.384,0.389,0.384
0.372,0.393,0.372,0.367,0.39,0.393,0.39
0.373,0.396,0.373,0.364,0.394,0.396,0.394
0.371,0.396,0.371,0.36,0.396,0.396,0.396
0.368,0.395,0.368,0.354,0.397,0.395,0.397
0.362,0.391,0.362,0.345,0.395,0.391,0.395
0.355,0.385,0.355,0.334,0.391,0.385,0.391
0.345,0.377,0.345,0.322,0.385,0.377,0.385
0.333,0.367,0.333,0.306,0.377,0.367,0.377
0.319,0.354,0.319,0.289,0.366,0.354,0.366
0.302,0.339,0.302,0.269,0.353,0.339,0.353
0.284,0.322,0.284,0.248,0.338,0.322,0.338
0.262,0.302,0.262,0.224,0.32,0.302,0.32
0.239,0.28,0.239,0.198,0.3,0.28,0.3
0.213,0.256,0.213,0.17,0.277,0.256,0.277
0.185,0.229,0.185,0.14,0.252,0.229,0.252
0.155,0.201,0.155,0.108,0.225,0.201,0.225
0.123,0.17,0.123,0.075,0.196,0.17,0.196
0.09,0.138,0.09,0.041,0.165,0.138,0.165
0.054,0.104,0.054,0.005,0.133,0.104,0.133
0.018,0.069,0.018,-0.032,0.098,0.069,0.098
-0.02,0.032,-0.02,-0.069,0.063,0.032,0.063
-0.059,-0.005,-0.059,-0.107,0.026,-0.005,0.026
-0.099,-0.044,-0.099,-0.144,-0.012,-0.044,-0.012
-0.139,-0.083,-0.139,-0.182,-0.05,-0.083,-0.05
-0.179,-0.122,-0.179,-0.22,-0.089,-0.122,-0.089
-0.218,-0.161,-0.218,-0.257,-0.128,-0.161,-0.128
-0.258,-0.2,-0.258,-0.292,-0.167,-0.2,-0.167
-0.296,-0.238,-0.296,-0.327,-0.205,-0.238,-0.206
-0.333,-0.276,-0.333,-0.36,-0.243,-0.275,-0.243
-0.369,-0.312,-0.369,-0.392,-0.28,-0.312,-0.28
-0.403,-0.347,-0.403,-0.421,-0.316,-0.347,-0.316
-0.436,-0.38,-0.436,-0.449,-0.35,-0.38,-0.35
-0.465,-0.411,-0.465,-0.473,-0.382,-0.411,-0.383
-0.493,-0.44,-0.493,-0.496,-0.413,-0.44,-0.413
-0.517,-0.467,-0.518,-0.515,-0.441,-0.467,-0.441
-0.539,-0.492,-0.539,-0.532,-0.467,-0.491,-0.468
-0.558,-0.513,-0.558,-0.546,-0.491,-0.513,-0.491
-0.574,-0.532,-0.574,-0.556,-0.512,-0.532,-0.512
-0.586,-0.548,-0.586,-0.564,-0.53,-0.548,-0.53
-0.595,-0.561,-0.595,-0.568,-0.545,-0.561,-0.545
-0.601,-0.571,-0.601,-0.57,-0.557,-0.571,-0.557
-0.604,-0.578,-0.604,-0.568,-0.566,-0.577,-0.566
-0.604,-0.581,-0.604,-0.563,-0.573,-0.581,-0.573
-0.6,-0.582,-0.6,-0.556,-0.576,-0.582,-0.576
-0.594,-0.58,-0.594,-0.546,-0.576,-0.58,-0.576
-0.584,-0.574,-0.584,-0.533,-0.573,-0.574,-0.573
-0.572,-0.566,-0.572,-0.518,-0.567,-0.566,-0.567
-0.558,-0.556,-0.558,-0.5,-0.559,-0.556,-0.559
-0.541,-0.543,-0.541,-0.481,-0.548,-0.543,-0.548
-0.522,-0.527,-0.522,-0.46,-0.534,-0.527,-0.534
-0.502,-0.51,-0.501,-0.437,-0.518,-0.51,-0.518
-0.479,-0.49,-0.479,-0.413,-0.5,-0.49,-0.5
-0.456,-0.469,-0.456,-0.389,-0.48,-0.469,-0.48
-0.431,-0.447,-0.431,-0.363,-0.459,-0.447,-0.459
-0.406,-0.423,-0.406,-0.337,-0.436,-0.423,-0.436
-0.38,-0.398,-0.38,-0.311,-0.412,-0.398,-0.412
-0.353,-0.373,-0.353,-0.285,-0.387,-0.373,-0.387
-0.327,-0.347,-0.327,-0.259,-0.361,-0.347,-0.361
-0.301,-0.321,-0.301,-0.233,-0.335,-0.321,-0.335
-0.275,-0.295,-0.275,-0.208,-0.309,-0.295,-0.309
-0.25,-0.269,-0.25,-0.184,-0.283,-0.269,-0.283
-0.225,-0.244,-0.225,-0.161,-0.257,-0.244,-0.257
-0.202,-0.22,-0.202,-0.14,-0.231,-0.22,-0.231
-0.179,-0.196,-0.179,-0.119,-0.207,-0.196,-0.207
-0.158,-0.174,-0.158,-0.1,-0.183,-0.174,-0.183
-0.138,-0.152,-0.138,-0.083,-0.161,-0.152,-0.161
-0.119,-0.132,-0.119,-0.067,-0.14,-0.132,-0.14
-0.102,-0.114,-0.102,-0.052,-0.12,-0.114,-0.12
-0.086,-0.097,-0.086,-0.039,-0.101,-0.097,-0.101
-0.072,-0.081,-0.072,-0.027,-0.085,-0.081,-0.085
-0.06,-0.067,-0.06,-0.017,-0.07,-0.067,-0.07
-0.048,-0.055,-0.048,-0.009,-0.056,-0.055,-0.056
-0.039,-0.044,-0.039,-0.001,-0.044,-0.044,-0.044
-0.03,-0.035,-0.03,0.005,-0.034,-0.035,-0.034
-0.023,-0.027,-0.023,0.01,-0.025,-0.027,-0.025
-0.017,-0.021,-0.017,0.014,-0.018,-0.021,-0.018
-0.013,-0.015,-0.013,0.017,-0.013,-0.015,-0.013
-0.009,-0.011,-0.009,0.019,-0.008,-0.011,-0.008
-0.006,-0.008,-0.006,0.02,-0.005,-0.008,-0.005
-0.004,-0.006,-0.004,0.021,-0.003,-0.006,-0.003
-0.003,-0.005,-0.003,0.021,-0.002,-0.005,-0.002
-0.002,-0.005,-0.002,0.021,-0.001,-0.005,-0.001
-0.002,-0.005,-0.002,0.021,-0.002,-0.005,-0.002
-0.002,-0.005,-0.002,0.021,-0.003,-0.005,-0.003
-0.002,-0.006,-0.002,0.02,-0.004,-0.006,-0.004
-0.003,-0.007,-0.003,0.019,-0.006,-0.007,-0.006
-0.004,-0.008,-0.004,0.019,-0.007,-0.008,-0.007
-0.004,-0.009,-0.004,0.018,-0.009,-0.009,-0.009
-0.005,-0.01,-0.005,0.018,-0.011,-0.01,-0.011
-0.005,-0.011,-0.005,0.018,-0.012,-0.011,-0.012
-0.005,-0.012,-0.005,0.018,-0.014,-0.012,-0.014
-0.005,-0.012,-0.005,0.018,-0.015,-0.012,-0.015
-0.005,-0.013,-0.005,0.018,-0.016,-0.013,-0.016
-0.004,-0.012,-0.004,0.019,-0.016,-0.012,-0.016
-0.004,-0.012,-0.004,0.019,-0.016,-0.012,-0.016
-0.003,-0.011,-0.003,0.02,-0.016,-0.011,-0.016
-0.002,-0.01,-0.002,0.021,-0.015,-0.01,-0.015
-0.001,-0.008,0,0.022,-0.014,-0.008,-0.014
0.001,-0.006,0.001,0.023,-0.012,-0.006,-0.012
0.002,-0.004,0.002,0.024,-0.011,-0.004,-0.011
0.004,-0.002,0.004,0.025,-0.009,-0.002,-0.009
0.006,0.001,0.006,0.026,-0.007,0.001,-0.006
0.008,0.004,0.008,0.027,-0.004,0.004,-0.004
0.009,0.006,0.009,0.027,-0.002,0.006,-0.002
0.011,0.009,0.011,0.028,0.001,0.009,0.001
0.012,0.012,0.012,0.029,0.003,0.012,0.003
0.014,0.015,0.014,0.029,0.005,0.015,0.005
0.015,0.017,0.015,0.029,0.007,0.017,0.008
0.016,0.02,0.016,0.03,0.01,0.02,0.01
0.017,0.022,0.017,0.029,0.011,0.022,0.011
0.018,0.024,0.018,0.029,0.013,0.024,0.013
0.019,0.026,0.019,0.029,0.015,0.026,0.015
0.019,0.028,0.019,0.028,0.016,0.028,0.016
0.019,0.029,0.019,0.028,0.017,0.029,0.017
0.019,0.031,0.019,0.027,0.017,0.031,0.017
0.019,0.032,0.019,0.026,0.018,0.032,0.018
0.019,0.032,0.019,0.026,0.018,0.032,0.018
0.019,0.033,0.019,0.025,0.018,0.033,0.018
0.018,0.033,0.018,0.024,0.018,0.033,0.018
0.018,0.033,0.018,0.024,0.018,0.033,0.018
0.017,0.033,0.017,0.023,0.017,0.033,0.017
0.017,0.033,0.017,0.023,0.017,0.033,0.017
0.016,0.033,0.016,0.022,0.016,0.033,0.016
0.016,0.032,0.016,0.022,0.015,0.032,0.015
0.015,0.032,0.015,0.022,0.014,0.032,0.014
0.015,0.031,0.015,0.023,0.014,0.031,0.013
0.015,0.031,0.015,0.023,0.013,0.031,0.013
0.015,0.03,0.015,0.024,0.012,0.03,0.012
0.015,0.03,0.015,0.024,0.011,0.03,0.011
0.016,0.029,0.016,0.025,0.011,0.029,0.011
0.016,0.028,0.016,0.027,0.011,0.028,0.011
0.017,0.028,0.017,0.028,0.01,0.028,0.01
0.017,0.027,0.017,0.029,0.01,0.027,0.01
0.018,0.027,0.018,0.03,0.01,0.027,0.01
0.019,0.026,0.019,0.032,0.01,0.026,0.01
0.02,0.026,0.02,0.033,0.011,0.025,0.011
0.021,0.025,0.021,0.035,0.011,0.025,0.011
0.022,0.024,0.022,0.036,0.012,0.024,0.012
0.023,0.024,0.023,0.038,0.012,0.024,0.012
0.025,0.023,0.025,0.039,0.013,0.023,0.013
0.026,0.023,0.026,0.04,0.014,0.023,0.014
0.027,0.022,0.027,0.042,0.015,0.022,0.015
0.028,0.022,0.028,0.043,0.016,0.022,0.016
0.029,0.021,0.029,0.044,0.017,0.021,0.017
0.03,0.02,0.03,0.044,0.018,0.02,0.018
0.03,0.02,0.03,0.045,0.019,0.02,0.019
0.031,0.019,0.031,0.046,0.02,0.019,0.02
0.031,0.019,0.031,0.046,0.021,0.019,0.021
0.032,0.018,0.032,0.047,0.022,0.018,0.022
0.032,0.018,0.032,0.047,0.023,0.018,0.023
0.032,0.017,0.032,0.047,0.023,0.017,0.023
0.032,0.017,0.032,0.048,0.024,0.017,0.024
0.032,0.016,0.032,0.048,0.024,0.016,0.024
0.031,0.016,0.031,0.048,0.024,0.016,0.024
0.031,0.016,0.031,0.049,0.024,0.016,0.024
0.031,0.016,0.031,0.049,0.024,0.016,0.024
0.03,0.016,0.03,0.05,0.024,0.016,0.024
0.029,0.017,0.029,0.05,0.023,0.017,0.023
0.029,0.017,0.029,0.051,0.023,0.017,0.023
0.028,0.018,0.028,0.051,0.022,0.018,0.022
0.027,0.019,0.027,0.052,0.021,0.019,0.021
0.027,0.019,0.027,0.053,0.02,0.019,0.02
0.026,0.02,0.026,0.054,0.019,0.02,0.019
0.025,0.022,0.025,0.055,0.018,0.022,0.018
0.025,0.023,0.025,0.055,0.017,0.023,0.017
0.024,0.024,0.024,0.056,0.016,0.024,0.016
0.024,0.025,0.024,0.057,0.015,0.025,0.015
0.024,0.027,0.024,0.058,0.014,0.027,0.014
0.023,0.028,0.023,0.059,0.013,0.028,0.013
0.023,0.03,0.023,0.06,0.012,0.03,0.012
0.023,0.031,0.023,0.061,0.011,0.031,0.011
0.023,0.032,0.023,0.061,0.01,0.032,0.01
0.023,0.034,0.023,0.062,0.009,0.034,0.009
0.023,0.035,0.023,0.062,0.009,0.035,0.009
0.023,0.036,0.023,0.063,0.008,0.036,0.008
0.023,0.037,0.023,0.063,0.008,0.037,0.008
0.023,0.038,0.023,0.063,0.007,0.038,0.008
0.024,0.038,0.024,0.063,0.007,0.038,0.007
0.024,0.039,0.024,0.062,0.007,0.039,0.007
0.024,0.039,0.024,0.062,0.008,0.039,0.008
0.024,0.04,0.024,0.061,0.008,0.04,0.008
0.024,0.04,0.024,0.061,0.008,0.04,0.008
0.024,0.04,0.024,0.06,0.009,0.04,0.009
0.024,0.04,0.024,0.059,0.009,0.04,0.009
0.024,0.039,0.024,0.058,0.01,0.039,0.01
0.024,0.039,0.024,0.057,0.01,0.039,0.01
0.024,0.038,0.024,0.056,0.011,0.038,0.011
0.024,0.038,0.024,0.054,0.012,0.038,0.012
0.024,0.037,0.024,0.053,0.013,0.037,0.013
0.025,0.036,0.025,0.051,0.013,0.036,0.013
0.025,0.035,0.025,0.05,0.014,0.035,0.014
0.025,0.034,0.025,0.048,0.015,0.034,0.015
0.025,0.033,0.025,0.047,0.016,0.033,0.016
0.025,0.032,0.025,0.045,0.016,0.032,0.016
0.026,0.031,0.026,0.044,0.017,0.031,0.017
0.026,0.03,0.026,0.043,0.017,0.03,0.017
0.027,0.029,0.027,0.041,0.018,0.029,0.018
0.027,0.028,0.027,0.04,0.019,0.028,0.019
0.028,0.028,0.028,0.038,0.019,0.028,0.019
0.029,0.027,0.029,0.037,0.02,0.027,0.02
0.03,0.026,0.03,0.036,0.02,0.026,0.02
0.031,0.026,0.031,0.035,0.021,0.026,0.021
0.032,0.026,0.032,0.033,0.021,0.026,0.021
0.033,0.026,0.033,0.032,0.021,0.026,0.021
0.035,0.026,0.035,0.031,0.022,0.026,0.022
0.036,0.026,0.036,0.03,0.022,0.026,0.022
0.038,0.027,0.038,0.029,0.023,0.027,0.023
0.039,0.028,0.039,0.028,0.023,0.028,0.023
0.04,0.028,0.04,0.028,0.024,0.028,0.024
0.042,0.029,0.042,0.027,0.024,0.03,0.024
0.043,0.031,0.043,0.026,0.024,0.031,0.024
0.045,0.032,0.045,0.025,0.025,0.032,0.025
0.046,0.033,0.046,0.024,0.025,0.033,0.025
0.047,0.035,0.047,0.023,0.026,0.035,0.026
0.048,0.036,0.048,0.022,0.026,0.036,0.026
0.049,0.038,0.049,0.021,0.026,0.038,0.026
0.05,0.039,0.05,0.021,0.027,0.039,0.027
0.051,0.041,0.051,0.02,0.027,0.041,0.027
0.052,0.042,0.052,0.019,0.027,0.042,0.027
0.052,0.044,0.052,0.018,0.027,0.044,0.027
0.053,0.045,0.053,0.017,0.027,0.045,0.028
0.053,0.046,0.053,0.016,0.028,0.046,0.028
0.053,0.047,0.053,0.015,0.028,0.047,0.028
0.053,0.048,0.053,0.014,0.028,0.048,0.028
0.053,0.048,0.053,0.013,0.028,0.048,0.028
0.053,0.049,0.053,0.012,0.028,0.049,0.028
0.052,0.049,0.052,0.011,0.028,0.049,0.028
0.052,0.049,0.052,0.01,0.027,0.049,0.027
0.052,0.049,0.052,0.01,0.027,0.049,0.027
0.051,0.049,0.051,0.009,0.027,0.049,0.027
0.051,0.048,0.051,0.008,0.027,0.048,0.027
0.05,0.048,0.05,0.007,0.027,0.048,0.027
0.05,0.047,0.05,0.007,0.026,0.047,0.026
0.049,0.047,0.049,0.006,0.026,0.047,0.026
0.049,0.046,0.049,0.006,0.026,0.046,0.026
0.048,0.045,0.048,0.006,0.026,0.045,0.026
0.048,0.044,0.048,0.005,0.025,0.044,0.025
0.048,0.043,0.048,0.005,0.025,0.044,0.025
0.047,0.043,0.047,0.005,0.025,0.043,0.025
0.047,0.042,0.047,0.005,0.025,0.042,0.025
0.047,0.041,0.047,0.005,0.025,0.041,0.025
0.047,0.041,0.047,0.004,0.025,0.041,0.025
0.047,0.04,0.047,0.004,0.025,0.04,0.025
0.047,0.04,0.047,0.004,0.025,0.04,0.025
0.047,0.039,0.047,0.005,0.026,0.039,0.026
0.047,0.039,0.047,0.005,0.026,0.039,0.026
0.047,0.039,0.047,0.005,0.026,0.039,0.026
0.048,0.039,0.048,0.005,0.027,0.039,0.027
0.048,0.039,0.048,0.005,0.027,0.039,0.027
0.048,0.039,0.048,0.005,0.028,0.039,0.028
0.048,0.039,0.048,0.005,0.029,0.039,0.029
0.049,0.04,0.049,0.005,0.029,0.04,0.029
0.049,0.04,0.049,0.005,0.03,0.04,0.03
0.049,0.041,0.049,0.006,0.031,0.041,0.031
0.049,0.041,0.049,0.006,0.031,0.041,0.031
0.05,0.041,0.05,0.006,0.032,0.041,0.032
0.05,0.042,0.05,0.006,0.033,0.042,0.033
0.05,0.042,0.05,0.006,0.033,0.042,0.033
0.05,0.043,0.05,0.006,0.034,0.043,0.034
0.05,0.043,0.05,0.006,0.035,0.043,0.035
0.05,0.043,0.05,0.006,0.035,0.043,0.035
0.05,0.043,0.05,0.006,0.036,0.043,0.036
0.05,0.043,0.05,0.006,0.036,0.043,0.036
0.05,0.043,0.05,0.006,0.036,0.043,0.036
0.05,0.043,0.05,0.006,0.037,0.043,0.037
0.051,0.043,0.051,0.007,0.037,0.043,0.037
0.051,0.043,0.051,0.007,0.037,0.043,0.037
0.051,0.042,0.051,0.007,0.037,0.042,0.037
0.051,0.042,0.051,0.007,0.037,0.042,0.037
0.051,0.041,0.051,0.007,0.037,0.041,0.037
0.051,0.041,0.051,0.007,0.037,0.041,0.037
0.051,0.04,0.051,0.007,0.036,0.04,0.036
0.051,0.04,0.051,0.006,0.036,0.039,0.036
0.052,0.039,0.052,0.006,0.036,0.039,0.036
0.052,0.038,0.052,0.006,0.035,0.038,0.035
0.052,0.038,0.052,0.006,0.035,0.038,0.035
0.052,0.037,0.052,0.006,0.034,0.037,0.034
0.052,0.037,0.052,0.006,0.033,0.037,0.033
0.052,0.037,0.052,0.005,0.033,0.037,0.033
0.052,0.037,0.052,0.005,0.032,0.037,0.032
0.052,0.037,0.052,0.005,0.032,0.037,0.032
0.052,0.037,0.052,0.004,0.031,0.037,0.031
0.052,0.037,0.052,0.004,0.031,0.037,0.031
0.052,0.037,0.052,0.004,0.03,0.037,0.03
0.052,0.037,0.052,0.003,0.03,0.038,0.03
0.052,0.038,0.052,0.003,0.03,0.038,0.03
0.052,0.039,0.052,0.003,0.03,0.039,0.03
0.052,0.039,0.052,0.002,0.029,0.039,0.029
0.052,0.04,0.052,0.002,0.029,0.04,0.029
0.052,0.041,0.052,0.002,0.03,0.041,0.03
0.052,0.042,0.052,0.001,0.03,0.042,0.03
0.051,0.043,0.051,0.001,0.03,0.043,0.03
0.051,0.044,0.051,0.001,0.031,0.044,0.031
0.051,0.045,0.051,0,0.031,0.045,0.031
0.051,0.046,0.051,0,0.032,0.046,0.032
0.051,0.047,0.051,0,0.033,0.047,0.033
0.051,0.048,0.051,0,0.034,0.048,0.034
0.051,0.049,0.051,0,0.035,0.049,0.035
0.051,0.05,0.051,0,0.036,0.05,0.036
0.051,0.051,0.051,0,0.037,0.051,0.037
0.051,0.052,0.051,0,0.038,0.052,0.038
0.051,0.053,0.051,0,0.04,0.053,0.04
0.051,0.053,0.051,0,0.041,0.053,0.041
0.052,0.054,0.052,0,0.042,0.054,0.042
0.052,0.055,0.052,0,0.043,0.055,0.043
0.052,0.055,0.052,0,0.044,0.055,0.044
0.053,0.056,0.053,0,0.045,0.056,0.045
0.053,0.056,0.053,0.001,0.046,0.056,0.046
0.054,0.056,0.054,0.001,0.047,0.056,0.047
0.054,0.057,0.054,0.001,0.048,0.057,0.048
0.055,0.057,0.055,0.001,0.049,0.057,0.049
0.056,0.057,0.056,0.001,0.049,0.057,0.049
0.056,0.057,0.056,0.001,0.049,0.057,0.049
0.057,0.057,0.057,0.002,0.05,0.057,0.05
0.057,0.058,0.057,0.002,0.05,0.058,0.05
0.058,0.058,0.058,0.002,0.05,0.058,0.05
0.058,0.058,0.058,0.002,0.049,0.058,0.049
0.059,0.058,0.059,0.002,0.049,0.058,0.049
0.059,0.058,0.059,0.002,0.049,0.058,0.049
0.059,0.058,0.059,0.002,0.048,0.058,0.048
0.059,0.058,0.059,0.002,0.048,0.058,0.048
0.059,0.058,0.059,0.002,0.047,0.058,0.047
0.059,0.058,0.059,0.002,0.046,0.059,0.046
0.059,0.059,0.059,0.003,0.046,0.059,0.046
0.059,0.059,0.059,0.003,0.045,0.059,0.045
0.059,0.059,0.059,0.003,0.045,0.059,0.045
0.058,0.059,0.058,0.003,0.044,0.059,0.044
0.057,0.059,0.057,0.004,0.044,0.059,0.044
0.057,0.059,0.057,0.004,0.043,0.059,0.043
0.056,0.059,0.056,0.005,0.043,0.059,0.043
0.055,0.059,0.055,0.006,0.043,0.059,0.043
0.055,0.059,0.055,0.006,0.043,0.059,0.043
0.054,0.059,0.054,0.007,0.043,0.059,0.043
0.053,0.058,0.053,0.008,0.043,0.058,0.043
0.053,0.058,0.053,0.009,0.043,0.058,0.043
0.052,0.058,0.052,0.01,0.043,0.058,0.043
0.051,0.058,0.051,0.011,0.044,0.058,0.044
0.051,0.057,0.051,0.013,0.044,0.057,0.044
0.051,0.057,0.051,0.014,0.045,0.057,0.045
0.051,0.057,0.051,0.016,0.045,0.057,0.045
0.051,0.057,0.051,0.017,0.046,0.057,0.046
0.051,0.056,0.051,0.019,0.046,0.056,0.046
0.052,0.056,0.052,0.02,0.047,0.056,0.047
0.052,0.056,0.052,0.022,0.048,0.056,0.048
0.053,0.056,0.053,0.024,0.048,0.056,0.048
0.054,0.056,0.054,0.026,0.049,0.056,0.049
0.055,0.056,0.055,0.027,0.049,0.056,0.049
0.056,0.056,0.056,0.029,0.049,0.056,0.049
0.058,0.056,0.058,0.031,0.05,0.056,0.05
0.059,0.057,0.059,0.033,0.05,0.057,0.05
0.061,0.057,0.061,0.034,0.05,0.057,0.05
0.062,0.058,0.062,0.036,0.05,0.058,0.051
0.064,0.058,0.064,0.038,0.051,0.058,0.051
0.066,0.059,0.066,0.039,0.051,0.059,0.051
0.068,0.06,0.068,0.04,0.051,0.06,0.051
0.069,0.061,0.069,0.042,0.051,0.061,0.051
0.071,0.062,0.071,0.043,0.052,0.062,0.052
0.072,0.062,0.072,0.044,0.052,0.062,0.052
0.074,0.063,0.074,0.044,0.052,0.063,0.052
0.075,0.064,0.075,0.045,0.053,0.064,0.053
0.076,0.065,0.076,0.046,0.053,0.065,0.053
0.077,0.066,0.077,0.046,0.054,0.066,0.054
0.077,0.067,0.077,0.046,0.054,0.067,0.054
0.078,0.068,0.078,0.046,0.055,0.068,0.055
0.078,0.069,0.078,0.046,0.056,0.069,0.056
0.078,0.069,0.078,0.046,0.057,0.069,0.057
0.078,0.07,0.078,0.046,0.058,0.07,0.057
0.078,0.07,0.078,0.046,0.058,0.07,0.058
0.078,0.071,0.078,0.045,0.059,0.071,0.059
0.077,0.071,0.077,0.045,0.061,0.071,0.06
0.077,0.071,0.077,0.045,0.062,0.071,0.062
0.076,0.071,0.076,0.044,0.063,0.071,0.063
0.075,0.071,0.075,0.044,0.064,0.071,0.064
0.074,0.071,0.074,0.043,0.065,0.071,0.065
0.073,0.07,0.073,0.043,0.066,0.07,0.066
0.073,0.07,0.073,0.043,0.067,0.07,0.067
0.072,0.07,0.072,0.042,0.068,0.07,0.068
0.071,0.069,0.071,0.042,0.069,0.069,0.069
0.071,0.069,0.071,0.042,0.07,0.069,0.07
0.07,0.068,0.07,0.042,0.071,0.068,0.071
0.07,0.068,0.07,0.042,0.071,0.068,0.071
0.07,0.067,0.07,0.043,0.072,0.067,0.072
0.07,0.067,0.07,0.043,0.073,0.067,0.073
0.071,0.067,0.071,0.044,0.073,0.067,0.073
0.071,0.067,0.071,0.044,0.074,0.067,0.074
0.072,0.066,0.072,0.045,0.074,0.066,0.074
0.073,0.066,0.073,0.046,0.075,0.066,0.075
0.074,0.066,0.074,0.047,0.075,0.066,0.075
0.075,0.067,0.075,0.049,0.075,0.067,0.075
0.077,0.067,0.077,0.05,0.076,0.067,0.076
0.078,0.067,0.078,0.052,0.076,0.067,0.076
0.08,0.068,0.08,0.053,0.076,0.068,0.076
0.082,0.068,0.082,0.055,0.076,0.068,0.076
0.084,0.069,0.084,0.057,0.076,0.069,0.076
0.086,0.069,0.086,0.058,0.076,0.069,0.076
0.089,0.07,0.089,0.06,0.077,0.07,0.077
0.091,0.071,0.091,0.062,0.077,0.071,0.077
0.094,0.072,0.094,0.064,0.077,0.072,0.077
0.096,0.072,0.096,0.066,0.077,0.072,0.077
0.098,0.073,0.098,0.067,0.077,0.073,0.077
0.101,0.074,0.101,0.069,0.078,0.074,0.078
0.103,0.075,0.103,0.071,0.078,0.075,0.078
0.106,0.076,0.106,0.072,0.078,0.076,0.078
0.108,0.077,0.108,0.073,0.079,0.077,0.079
0.11,0.078,0.11,0.075,0.079,0.078,0.079
0.112,0.079,0.112,0.076,0.079,0.079,0.079
0.113,0.08,0.113,0.077,0.08,0.08,0.08
0.115,0.081,0.115,0.077,0.08,0.081,0.08
0.116,0.082,0.116,0.078,0.081,0.082,0.081
0.118,0.083,0.118,0.079,0.082,0.083,0.082
0.119,0.084,0.119,0.079,0.082,0.084,0.082
0.12,0.085,0.12,0.079,0.083,0.085,0.083
0.12,0.086,0.12,0.079,0.084,0.086,0.084
0.121,0.087,0.121,0.079,0.084,0.087,0.084
0.121,0.089,0.121,0.079,0.085,0.089,0.085
0.122,0.09,0.122,0.079,0.086,0.09,0.086
0.122,0.091,0.122,0.078,0.086,0.091,0.086
0.122,0.092,0.122,0.078,0.087,0.092,0.087
0.122,0.093,0.122,0.077,0.088,0.093,0.088
0.122,0.095,0.122,0.077,0.089,0.095,0.089
0.123,0.096,0.123,0.076,0.089,0.096,0.089
0.123,0.097,0.123,0.076,0.09,0.097,0.09
0.123,0.098,0.123,0.075,0.091,0.098,0.091
0.123,0.099,0.123,0.075,0.092,0.099,0.092
0.124,0.101,0.124,0.074,0.092,0.101,0.092
0.125,0.102,0.125,0.074,0.093,0.102,0.093
0.125,0.103,0.125,0.073,0.094,0.103,0.094
0.126,0.103,0.126,0.073,0.095,0.103,0.095
0.127,0.104,0.128,0.073,0.095,0.104,0.095
0.129,0.105,0.129,0.073,0.096,0.105,0.096
0.13,0.106,0.13,0.074,0.097,0.106,0.097
0.132,0.106,0.132,0.074,0.098,0.106,0.098
0.133,0.107,0.133,0.075,0.099,0.106,0.099
0.135,0.107,0.135,0.076,0.1,0.107,0.1
0.137,0.107,0.137,0.076,0.101,0.107,0.101
0.139,0.107,0.139,0.078,0.102,0.107,0.102
0.141,0.107,0.141,0.079,0.103,0.107,0.103
0.143,0.108,0.143,0.08,0.104,0.108,0.104
0.145,0.108,0.145,0.082,0.105,0.108,0.105
0.147,0.108,0.147,0.084,0.106,0.108,0.106
0.149,0.108,0.149,0.085,0.107,0.108,0.107
0.151,0.108,0.151,0.087,0.108,0.108,0.108
0.153,0.108,0.153,0.089,0.109,0.108,0.109
0.155,0.108,0.155,0.091,0.11,0.108,0.11
0.157,0.108,0.157,0.093,0.111,0.108,0.111
0.158,0.108,0.158,0.095,0.112,0.108,0.112
0.16,0.108,0.16,0.097,0.113,0.109,0.113
0.161,0.109,0.161,0.099,0.114,0.109,0.114
0.162,0.109,0.162,0.101,0.115,0.109,0.115
0.163,0.109,0.163,0.103,0.116,0.109,0.116
0.164,0.11,0.164,0.104,0.117,0.11,0.117
0.165,0.11,0.165,0.106,0.117,0.11,0.117
0.166,0.111,0.166,0.108,0.118,0.111,0.118
0.166,0.111,0.166,0.109,0.119,0.111,0.119
0.167,0.112,0.167,0.11,0.119,0.112,0.119
0.167,0.112,0.167,0.112,0.12,0.112,0.12
0.167,0.112,0.167,0.113,0.12,0.112,0.12
0.168,0.113,0.168,0.114,0.12,0.113,0.12
0.168,0.113,0.168,0.115,0.12,0.113,0.12
0.168,0.114,0.168,0.115,0.121,0.114,0.121
0.168,0.114,0.168,0.116,0.121,0.114,0.121
0.168,0.114,0.168,0.117,0.121,0.114,0.121
0.169,0.114,0.169,0.118,0.121,0.114,0.121
0.169,0.115,0.169,0.118,0.122,0.115,0.122
0.169,0.115,0.169,0.119,0.122,0.115,0.122
0.169,0.115,0.169,0.12,0.122,0.115,0.122
0.17,0.115,0.17,0.121,0.123,0.115,0.123
0.17,0.115,0.17,0.121,0.124,0.114,0.124
0.17,0.114,0.17,0.122,0.124,0.114,0.124
0.171,0.114,0.171,0.123,0.125,0.114,0.125
0.171,0.114,0.171,0.124,0.126,0.114,0.126
0.172,0.114,0.172,0.125,0.127,0.114,0.127
0.172,0.114,0.172,0.126,0.128,0.114,0.128
0.173,0.114,0.173,0.127,0.129,0.114,0.129
0.174,0.114,0.174,0.128,0.131,0.114,0.131
0.175,0.114,0.175,0.13,0.132,0.114,0.132
0.175,0.114,0.175,0.131,0.134,0.114,0.134
0.176,0.114,0.176,0.132,0.135,0.114,0.135
0.177,0.114,0.177,0.134,0.137,0.114,0.137
0.178,0.115,0.178,0.135,0.138,0.115,0.138
0.179,0.115,0.179,0.137,0.14,0.115,0.14
0.18,0.116,0.18,0.138,0.141,0.116,0.141
0.182,0.117,0.182,0.14,0.143,0.117,0.143
0.183,0.118,0.183,0.141,0.144,0.118,0.144
0.184,0.119,0.184,0.143,0.145,0.119,0.145
0.185,0.12,0.185,0.144,0.147,0.12,0.147
0.186,0.122,0.186,0.146,0.148,0.122,0.148
0.187,0.123,0.187,0.147,0.149,0.123,0.149
0.188,0.125,0.188,0.149,0.15,0.125,0.149
0.189,0.126,0.189,0.15,0.15,0.127,0.15
0.19,0.128,0.19,0.151,0.151,0.128,0.151
0.191,0.13,0.191,0.153,0.151,0.13,0.151
0.192,0.132,0.192,0.154,0.152,0.132,0.152
0.192,0.134,0.192,0.155,0.152,0.134,0.152
0.193,0.136,0.193,0.157,0.153,0.136,0.153
0.193,0.138,0.193,0.158,0.153,0.138,0.153
0.194,0.14,0.194,0.159,0.153,0.14,0.153
0.194,0.141,0.194,0.16,0.153,0.141,0.153
0.194,0.143,0.194,0.161,0.153,0.143,0.153
0.195,0.145,0.195,0.163,0.154,0.145,0.154
0.195,0.147,0.195,0.164,0.154,0.147,0.154
0.194,0.149,0.194,0.165,0.154,0.149,0.154
0.194,0.15,0.194,0.166,0.154,0.15,0.154
0.194,0.152,0.194,0.167,0.155,0.152,0.155
0.194,0.153,0.194,0.169,0.155,0.153,0.155
0.193,0.155,0.193,0.17,0.155,0.155,0.155
0.193,0.156,0.193,0.171,0.156,0.156,0.156
0.193,0.158,0.193,0.172,0.156,0.158,0.156
0.192,0.159,0.192,0.174,0.157,0.159,0.157
0.192,0.16,0.192,0.175,0.157,0.16,0.157
0.192,0.161,0.192,0.176,0.158,0.161,0.158
0.191,0.162,0.191,0.177,0.158,0.162,0.158
0.191,0.163,0.191,0.179,0.159,0.163,0.159
0.191,0.164,0.191,0.18,0.16,0.164,0.16
0.19,0.165,0.19,0.181,0.16,0.165,0.16
0.19,0.166,0.19,0.182,0.161,0.166,0.161
0.19,0.167,0.19,0.183,0.162,0.167,0.162
0.19,0.168,0.19,0.184,0.162,0.168,0.162
0.191,0.169,0.191,0.185,0.163,0.169,0.163
0.191,0.17,0.191,0.186,0.163,0.17,0.163
0.191,0.17,0.191,0.187,0.164,0.17,0.164
0.192,0.171,0.192,0.188,0.164,0.171,0.164
0.192,0.172,0.192,0.189,0.165,0.172,0.165
0.193,0.173,0.193,0.189,0.165,0.173,0.165
0.194,0.173,0.194,0.19,0.165,0.173,0.165
0.194,0.174,0.194,0.19,0.166,0.174,0.166
0.195,0.175,0.195,0.191,0.166,0.175,0.166
0.196,0.176,0.196,0.191,0.166,0.176,0.166
0.197,0.176,0.197,0.191,0.166,0.176,0.166
0.197,0.177,0.197,0.191,0.166,0.177,0.166
0.198,0.178,0.198,0.191,0.166,0.178,0.166
0.199,0.178,0.199,0.191,0.166,0.178,0.166
0.199,0.179,0.199,0.191,0.166,0.179,0.166
0.2,0.18,0.2,0.19,0.166,0.18,0.166
0.201,0.181,0.201,0.19,0.166,0.181,0.166
0.201,0.181,0.201,0.19,0.166,0.181,0.166
0.201,0.182,0.201,0.189,0.166,0.182,0.166
0.201,0.182,0.201,0.188,0.166,0.182,0.166
0.202,0.183,0.202,0.188,0.165,0.183,0.165
0.201,0.184,0.201,0.187,0.165,0.184,0.165
0.201,0.184,0.201,0.187,0.165,0.184,0.165
0.201,0.184,0.201,0.186,0.165,0.184,0.165
0.2,0.185,0.2,0.185,0.165,0.185,0.165
0.2,0.185,0.2,0.185,0.164,0.185,0.164
0.199,0.186,0.199,0.184,0.164,0.185,0.164
0.198,0.186,0.198,0.184,0.164,0.186,0.164
0.197,0.186,0.197,0.184,0.164,0.186,0.164
0.196,0.186,0.196,0.183,0.164,0.186,0.164
0.194,0.186,0.194,0.183,0.164,0.186,0.164
0.193,0.186,0.193,0.183,0.164,0.186,0.164
0.192,0.186,0.192,0.183,0.163,0.186,0.163
0.19,0.186,0.19,0.183,0.163,0.186,0.163
0.189,0.186,0.189,0.184,0.163,0.186,0.163
0.187,0.186,0.187,0.184,0.163,0.186,0.163
0.186,0.186,0.186,0.185,0.163,0.186,0.163
0.184,0.186,0.184,0.185,0.163,0.186,0.163
0.183,0.186,0.183,0.186,0.163,0.186,0.163
0.181,0.186,0.181,0.187,0.164,0.186,0.164
0.18,0.186,0.18,0.188,0.164,0.186,0.164
0.178,0.186,0.178,0.188,0.164,0.186,0.164
0.177,0.186,0.177,0.189,0.164,0.186,0.164
0.176,0.186,0.176,0.19,0.164,0.186,0.164
0.174,0.186,0.174,0.191,0.164,0.186,0.164
0.173,0.186,0.173,0.192,0.164,0.186,0.164
0.172,0.185,0.172,0.192,0.164,0.185,0.164
0.171,0.185,0.171,0.193,0.164,0.185,0.164
0.17,0.185,0.17,0.193,0.164,0.185,0.164
0.169,0.185,0.169,0.194,0.164,0.185,0.164
0.168,0.184,0.168,0.194,0.164,0.184,0.164
0.167,0.184,0.167,0.194,0.164,0.184,0.164
0.166,0.183,0.166,0.194,0.164,0.183,0.164
0.166,0.183,0.166,0.194,0.163,0.183,0.163
0.165,0.182,0.165,0.194,0.163,0.182,0.163
0.164,0.181,0.164,0.194,0.162,0.181,0.162
0.163,0.18,0.163,0.193,0.162,0.18,0.162
0.162,0.179,0.162,0.192,0.161,0.179,0.161
0.161,0.178,0.161,0.192,0.16,0.178,0.16
0.16,0.177,0.16,0.191,0.159,0.177,0.159
0.159,0.175,0.159,0.189,0.159,0.175,0.159
0.158,0.173,0.158,0.188,0.158,0.173,0.158
0.157,0.171,0.157,0.187,0.156,0.171,0.156
0.156,0.17,0.156,0.185,0.155,0.169,0.155
0.155,0.167,0.155,0.184,0.154,0.167,0.154
0.154,0.165,0.154,0.182,0.153,0.165,0.153
0.153,0.163,0.153,0.18,0.151,0.163,0.151
0.152,0.161,0.152,0.179,0.15,0.161,0.15
0.15,0.158,0.151,0.177,0.148,0.158,0.148
0.149,0.156,0.149,0.175,0.147,0.156,0.147
0.148,0.153,0.148,0.173,0.145,0.153,0.145
0.147,0.151,0.147,0.171,0.144,0.151,0.144
0.146,0.148,0.146,0.169,0.142,0.148,0.142
0.144,0.146,0.144,0.167,0.14,0.146,0.14
0.143,0.143,0.143,0.166,0.139,0.143,0.139
0.142,0.141,0.142,0.164,0.137,0.141,0.137
0.141,0.139,0.141,0.162,0.135,0.139,0.135
0.14,0.136,0.14,0.161,0.134,0.136,0.134
0.139,0.134,0.139,0.159,0.132,0.134,0.132
0.138,0.132,0.138,0.158,0.131,0.132,0.131
0.137,0.131,0.137,0.156,0.129,0.131,0.129
0.136,0.129,0.136,0.155,0.128,0.129,0.128
0.135,0.127,0.135,0.154,0.126,0.127,0.126
0.134,0.126,0.134,0.153,0.125,0.126,0.125
0.133,0.125,0.133,0.152,0.123,0.125,0.123
0.132,0.123,0.132,0.151,0.122,0.123,0.122
0.131,0.122,0.131,0.15,0.121,0.122,0.121
0.13,0.121,0.13,0.149,0.119,0.121,0.119
0.129,0.12,0.129,0.148,0.118,0.12,0.118
0.128,0.119,0.128,0.148,0.117,0.119,0.117
0.127,0.118,0.127,0.147,0.115,0.118,0.115
0.126,0.117,0.126,0.146,0.114,0.117,0.114
0.125,0.116,0.125,0.145,0.113,0.116,0.113
0.124,0.115,0.124,0.144,0.111,0.115,0.111
0.123,0.114,0.123,0.143,0.11,0.114,0.11
0.122,0.113,0.122,0.142,0.108,0.113,0.108
0.12,0.111,0.12,0.141,0.107,0.111,0.107
0.119,0.11,0.119,0.14,0.105,0.11,0.105
0.118,0.108,0.118,0.139,0.103,0.108,0.103
0.116,0.106,0.116,0.137,0.101,0.106,0.101
0.115,0.105,0.115,0.136,0.099,0.105,0.099
0.113,0.102,0.113,0.134,0.097,0.102,0.097
0.111,0.1,0.111,0.133,0.095,0.1,0.095
0.11,0.098,0.11,0.131,0.093,0.098,0.093
0.108,0.095,0.108,0.129,0.091,0.095,0.091
0.106,0.092,0.106,0.127,0.089,0.092,0.089
0.104,0.09,0.104,0.125,0.086,0.09,0.086
0.102,0.087,0.102,0.123,0.084,0.087,0.084
0.099,0.084,0.099,0.121,0.082,0.084,0.082
0.097,0.08,0.097,0.119,0.079,0.08,0.079
0.095,0.077,0.095,0.117,0.077,0.077,0.077
0.093,0.074,0.093,0.114,0.074,0.074,0.074
0.091,0.071,0.091,0.112,0.072,0.071,0.072
0.088,0.067,0.088,0.11,0.07,0.067,0.07
0.086,0.064,0.086,0.108,0.067,0.064,0.067
0.084,0.061,0.084,0.105,0.065,0.061,0.065
0.082,0.058,0.082,0.103,0.063,0.058,0.063
0.08,0.055,0.08,0.101,0.061,0.055,0.061
0.078,0.052,0.078,0.099,0.059,0.052,0.059
0.076,0.049,0.076,0.096,0.057,0.049,0.057
0.074,0.046,0.074,0.094,0.055,0.046,0.055
0.072,0.043,0.072,0.092,0.053,0.043,0.053
0.07,0.041,0.07,0.09,0.052,0.041,0.052
0.068,0.038,0.068,0.087,0.05,0.038,0.05
0.067,0.036,0.067,0.085,0.048,0.036,0.048
0.065,0.034,0.065,0.083,0.047,0.034,0.047
0.063,0.032,0.063,0.081,0.045,0.032,0.045
0.061,0.03,0.061,0.078,0.044,0.03,0.044
0.059,0.029,0.059,0.076,0.042,0.029,0.042
0.058,0.027,0.058,0.073,0.041,0.027,0.041
0.056,0.025,0.056,0.071,0.04,0.025,0.04
0.054,0.024,0.054,0.068,0.038,0.024,0.038
0.052,0.022,0.052,0.066,0.037,0.022,0.037
0.05,0.021,0.05,0.063,0.035,0.021,0.035
0.048,0.02,0.048,0.061,0.034,0.02,0.034
0.046,0.018,0.046,0.058,0.033,0.018,0.032
0.044,0.017,0.044,0.055,0.031,0.017,0.031
0.042,0.015,0.042,0.052,0.029,0.015,0.029
0.04,0.014,0.04,0.049,0.028,0.014,0.028
0.038,0.012,0.038,0.046,0.026,0.012,0.026
0.036,0.011,0.036,0.043,0.024,0.011,0.024
0.033,0.009,0.033,0.04,0.022,0.009,0.022
0.031,0.007,0.031,0.037,0.02,0.007,0.02
0.029,0.006,0.029,0.034,0.018,0.006,0.018
0.027,0.004,0.027,0.031,0.016,0.004,0.016
0.025,0.002,0.025,0.027,0.013,0.002,0.013
0.023,0,0.023,0.024,0.011,0,0.011
0.021,-0.002,0.021,0.021,0.009,-0.002,0.009
0.018,-0.003,0.018,0.018,0.006,-0.003,0.006
0.016,-0.005,0.016,0.015,0.004,-0.005,0.004
0.014,-0.007,0.014,0.012,0.001,-0.007,0.001
0.012,-0.009,0.012,0.009,-0.001,-0.009,-0.001
0.01,-0.011,0.01,0.006,-0.004,-0.011,-0.004
0.008,-0.013,0.008,0.003,-0.006,-0.013,-0.006
0.006,-0.015,0.006,0,-0.008,-0.015,-0.008
0.004,-0.016,0.004,-0.003,-0.011,-0.016,-0.011
0.002,-0.018,0.002,-0.005,-0.013,-0.018,-0.013
0,-0.02,0,-0.008,-0.015,-0.02,-0.015
-0.001,-0.021,-0.001,-0.01,-0.017,-0.021,-0.017
-0.003,-0.023,-0.003,-0.013,-0.019,-0.023,-0.019
-0.005,-0.024,-0.005,-0.015,-0.021,-0.024,-0.021
-0.007,-0.026,-0.007,-0.017,-0.023,-0.026,-0.023
-0.009,-0.027,-0.009,-0.018,-0.025,-0.027,-0.025
-0.011,-0.028,-0.011,-0.02,-0.027,-0.028,-0.027
-0.012,-0.029,-0.012,-0.022,-0.028,-0.029,-0.028
-0.014,-0.03,-0.014,-0.023,-0.03,-0.03,-0.03
-0.016,-0.031,-0.016,-0.025,-0.031,-0.031,-0.031
-0.017,-0.032,-0.017,-0.026,-0.032,-0.032,-0.032
-0.019,-0.033,-0.019,-0.027,-0.034,-0.033,-0.034
-0.021,-0.034,-0.021,-0.028,-0.035,-0.034,-0.035
-0.022,-0.034,-0.022,-0.029,-0.036,-0.034,-0.036
-0.024,-0.035,-0.024,-0.03,-0.037,-0.035,-0.037
-0.025,-0.035,-0.025,-0.031,-0.038,-0.035,-0.038
-0.026,-0.036,-0.026,-0.032,-0.039,-0.036,-0.039
-0.028,-0.036,-0.028,-0.033,-0.041,-0.036,-0.041
-0.029,-0.037,-0.029,-0.034,-0.042,-0.037,-0.042
-0.03,-0.037,-0.03,-0.035,-0.043,-0.037,-0.043
-0.031,-0.037,-0.031,-0.036,-0.044,-0.037,-0.044
-0.033,-0.037,-0.033,-0.037,-0.045,-0.037,-0.045
-0.034,-0.038,-0.034,-0.038,-0.046,-0.038,-0.046
-0.035,-0.038,-0.035,-0.039,-0.048,-0.038,-0.048
-0.036,-0.038,-0.036,-0.04,-0.049,-0.038,-0.049
-0.037,-0.039,-0.037,-0.042,-0.05,-0.039,-0.05
-0.039,-0.039,-0.039,-0.043,-0.051,-0.039,-0.051
-0.04,-0.039,-0.04,-0.044,-0.053,-0.039,-0.053
-0.041,-0.039,-0.041,-0.046,-0.054,-0.039,-0.054
-0.042,-0.04,-0.042,-0.047,-0.055,-0.04,-0.055
-0.044,-0.04,-0.044,-0.049,-0.057,-0.04,-0.057
-0.045,-0.041,-0.045,-0.05,-0.058,-0.041,-0.058
-0.046,-0.041,-0.046,-0.052,-0.06,-0.041,-0.06
-0.048,-0.042,-0.048,-0.053,-0.061,-0.042,-0.061
-0.049,-0.042,-0.049,-0.055,-0.062,-0.042,-0.062
-0.05,-0.043,-0.05,-0.056,-0.064,-0.043,-0.064
-0.052,-0.043,-0.052,-0.058,-0.065,-0.043,-0.065
-0.053,-0.044,-0.053,-0.059,-0.066,-0.044,-0.066
-0.054,-0.045,-0.054,-0.06,-0.067,-0.045,-0.067
-0.056,-0.045,-0.056,-0.062,-0.069,-0.045,-0.069
-0.057,-0.046,-0.057,-0.063,-0.07,-0.046,-0.07
-0.058,-0.047,-0.058,-0.064,-0.071,-0.047,-0.071
-0.059,-0.048,-0.059,-0.065,-0.072,-0.048,-0.072
-0.06,-0.048,-0.06,-0.066,-0.073,-0.048,-0.073
-0.06,-0.049,-0.06,-0.067,-0.074,-0.049,-0.074
-0.061,-0.05,-0.061,-0.068,-0.075,-0.05,-0.075
-0.061,-0.051,-0.061,-0.068,-0.076,-0.051,-0.076
-0.062,-0.051,-0.062,-0.069,-0.077,-0.051,-0.077
-0.062,-0.052,-0.062,-0.069,-0.078,-0.052,-0.078
-0.062,-0.053,-0.062,-0.07,-0.079,-0.053,-0.079
-0.062,-0.053,-0.062,-0.07,-0.08,-0.053,-0.08
-0.062,-0.054,-0.062,-0.071,-0.08,-0.054,-0.08
-0.061,-0.055,-0.061,-0.071,-0.081,-0.055,-0.081
-0.061,-0.055,-0.061,-0.071,-0.081,-0.055,-0.081
-0.06,-0.056,-0.06,-0.072,-0.081,-0.056,-0.081
-0.06,-0.056,-0.06,-0.072,-0.082,-0.056,-0.082
-0.059,-0.056,-0.059,-0.072,-0.082,-0.056,-0.082
-0.059,-0.056,-0.059,-0.073,-0.082,-0.056,-0.082
-0.058,-0.057,-0.058,-0.073,-0.082,-0.057,-0.082
-0.058,-0.057,-0.058,-0.073,-0.082,-0.057,-0.082
-0.057,-0.057,-0.057,-0.074,-0.082,-0.057,-0.082
-0.057,-0.057,-0.057,-0.074,-0.081,-0.057,-0.081
-0.057,-0.057,-0.057,-0.075,-0.081,-0.057,-0.081
-0.057,-0.057,-0.057,-0.075,-0.081,-0.057,-0.081
-0.057,-0.056,-0.057,-0.075,-0.08,-0.056,-0.08
-0.057,-0.056,-0.057,-0.076,-0.08,-0.056,-0.08
-0.057,-0.056,-0.057,-0.076,-0.079,-0.056,-0.079
-0.058,-0.056,-0.058,-0.077,-0.079,-0.056,-0.079
-0.058,-0.056,-0.058,-0.077,-0.079,-0.056,-0.079
-0.059,-0.055,-0.059,-0.078,-0.078,-0.055,-0.078
-0.06,-0.055,-0.06,-0.078,-0.078,-0.055,-0.078
-0.061,-0.055,-0.061,-0.078,-0.077,-0.055,-0.077
-0.062,-0.055,-0.062,-0.079,-0.077,-0.055,-0.077
-0.064,-0.055,-0.064,-0.079,-0.077,-0.055,-0.077
-0.065,-0.055,-0.065,-0.079,-0.077,-0.055,-0.077
-0.067,-0.056,-0.067,-0.08,-0.077,-0.056,-0.077
-0.068,-0.056,-0.068,-0.08,-0.077,-0.056,-0.077
-0.07,-0.056,-0.07,-0.08,-0.077,-0.056,-0.077
-0.072,-0.057,-0.072,-0.08,-0.077,-0.057,-0.077
-0.074,-0.058,-0.074,-0.081,-0.078,-0.058,-0.078
-0.076,-0.058,-0.076,-0.081,-0.078,-0.058,-0.078
-0.078,-0.059,-0.078,-0.081,-0.078,-0.059,-0.078
-0.079,-0.06,-0.079,-0.081,-0.079,-0.06,-0.079
-0.081,-0.061,-0.081,-0.081,-0.079,-0.061,-0.079
-0.083,-0.063,-0.083,-0.081,-0.08,-0.063,-0.08
-0.084,-0.064,-0.084,-0.082,-0.08,-0.064,-0.08
-0.086,-0.065,-0.086,-0.082,-0.081,-0.065,-0.081
-0.087,-0.066,-0.087,-0.082,-0.081,-0.066,-0.081
-0.088,-0.068,-0.088,-0.082,-0.082,-0.068,-0.082
-0.089,-0.069,-0.089,-0.083,-0.082,-0.069,-0.082
-0.09,-0.07,-0.09,-0.083,-0.083,-0.07,-0.083
-0.09,-0.072,-0.09,-0.084,-0.083,-0.072,-0.083
-0.091,-0.073,-0.091,-0.084,-0.083,-0.073,-0.083
-0.091,-0.074,-0.091,-0.085,-0.083,-0.074,-0.083
-0.091,-0.075,-0.091,-0.085,-0.083,-0.075,-0.083
-0.091,-0.076,-0.091,-0.086,-0.083,-0.076,-0.083
-0.091,-0.077,-0.091,-0.087,-0.083,-0.077,-0.083
-0.091,-0.078,-0.091,-0.088,-0.083,-0.078,-0.083
-0.09,-0.079,-0.09,-0.088,-0.083,-0.079,-0.083
-0.09,-0.079,-0.09,-0.089,-0.083,-0.079,-0.083
-0.089,-0.079,-0.089,-0.09,-0.083,-0.079,-0.083
-0.089,-0.08,-0.089,-0.091,-0.082,-0.08,-0.082
-0.088,-0.08,-0.088,-0.091,-0.082,-0.08,-0.082
-0.087,-0.08,-0.087,-0.092,-0.081,-0.08,-0.081
-0.086,-0.08,-0.086,-0.092,-0.081,-0.08,-0.081
-0.085,-0.079,-0.085,-0.093,-0.081,-0.079,-0.081
-0.084,-0.079,-0.084,-0.093,-0.08,-0.079,-0.08
-0.083,-0.079,-0.083,-0.093,-0.08,-0.079,-0.08
-0.083,-0.078,-0.083,-0.093,-0.08,-0.078,-0.08
-0.082,-0.078,-0.082,-0.093,-0.079,-0.078,-0.079
-0.081,-0.077,-0.081,-0.092,-0.079,-0.077,-0.079
-0.081,-0.077,-0.081,-0.092,-0.079,-0.077,-0.079
-0.08,-0.076,-0.08,-0.091,-0.078,-0.076,-0.078
-0.08,-0.076,-0.08,-0.091,-0.078,-0.076,-0.078
-0.079,-0.075,-0.079,-0.09,-0.078,-0.075,-0.078
-0.079,-0.075,-0.079,-0.089,-0.078,-0.075,-0.078
-0.079,-0.074,-0.079,-0.088,-0.078,-0.074,-0.078
-0.079,-0.074,-0.079,-0.087,-0.078,-0.074,-0.078
-0.079,-0.074,-0.079,-0.086,-0.078,-0.074,-0.078
-0.079,-0.073,-0.079,-0.084,-0.078,-0.073,-0.078
-0.08,-0.073,-0.08,-0.083,-0.078,-0.073,-0.078
-0.08,-0.073,-0.08,-0.082,-0.078,-0.073,-0.078
-0.081,-0.073,-0.081,-0.08,-0.078,-0.073,-0.078
-0.081,-0.072,-0.081,-0.079,-0.078,-0.073,-0.078
-0.082,-0.072,-0.082,-0.077,-0.079,-0.072,-0.079
-0.083,-0.072,-0.083,-0.075,-0.079,-0.072,-0.079
-0.083,-0.072,-0.083,-0.074,-0.079,-0.072,-0.079
-0.084,-0.072,-0.084,-0.072,-0.079,-0.072,-0.079
-0.085,-0.072,-0.085,-0.071,-0.08,-0.072,-0.08
-0.085,-0.072,-0.085,-0.07,-0.08,-0.072,-0.08
-0.086,-0.072,-0.086,-0.068,-0.08,-0.072,-0.08
-0.087,-0.072,-0.087,-0.067,-0.08,-0.072,-0.08
-0.087,-0.073,-0.087,-0.066,-0.08,-0.073,-0.08
-0.088,-0.073,-0.088,-0.065,-0.08,-0.073,-0.08
-0.088,-0.073,-0.088,-0.064,-0.081,-0.073,-0.081
-0.088,-0.073,-0.088,-0.063,-0.081,-0.073,-0.081
-0.089,-0.073,-0.089,-0.063,-0.081,-0.073,-0.081
-0.089,-0.073,-0.089,-0.062,-0.081,-0.073,-0.081
-0.089,-0.073,-0.089,-0.062,-0.081,-0.073,-0.081
-0.088,-0.073,-0.088,-0.062,-0.081,-0.073,-0.081
-0.088,-0.074,-0.088,-0.062,-0.081,-0.074,-0.081
-0.088,-0.074,-0.088,-0.062,-0.081,-0.074,-0.081
-0.087,-0.074,-0.087,-0.062,-0.081,-0.074,-0.081
-0.086,-0.074,-0.086,-0.062,-0.081,-0.074,-0.081
-0.086,-0.074,-0.086,-0.063,-0.081,-0.074,-0.081
-0.085,-0.074,-0.085,-0.064,-0.081,-0.074,-0.081
-0.084,-0.073,-0.084,-0.064,-0.081,-0.073,-0.081
-0.083,-0.073,-0.083,-0.065,-0.081,-0.073,-0.081
-0.081,-0.073,-0.081,-0.066,-0.082,-0.073,-0.082
-0.08,-0.073,-0.08,-0.067,-0.082,-0.073,-0.082
-0.079,-0.072,-0.079,-0.068,-0.082,-0.072,-0.082
-0.078,-0.072,-0.078,-0.069,-0.082,-0.072,-0.082
-0.076,-0.071,-0.076,-0.07,-0.083,-0.071,-0.083
-0.075,-0.071,-0.075,-0.071,-0.083,-0.071,-0.083
-0.074,-0.07,-0.074,-0.073,-0.083,-0.07,-0.083
-0.073,-0.07,-0.073,-0.074,-0.083,-0.07,-0.083
-0.072,-0.069,-0.072,-0.075,-0.084,-0.069,-0.084
-0.07,-0.068,-0.07,-0.076,-0.084,-0.068,-0.084
-0.069,-0.067,-0.069,-0.076,-0.084,-0.067,-0.084
-0.068,-0.067,-0.068,-0.077,-0.084,-0.067,-0.084
-0.067,-0.066,-0.067,-0.078,-0.084,-0.066,-0.084
-0.067,-0.065,-0.067,-0.078,-0.084,-0.065,-0.084
-0.066,-0.064,-0.066,-0.079,-0.084,-0.064,-0.084
-0.065,-0.064,-0.065,-0.079,-0.084,-0.064,-0.084
-0.064,-0.063,-0.064,-0.079,-0.084,-0.063,-0.084
-0.064,-0.062,-0.064,-0.079,-0.084,-0.062,-0.084
-0.063,-0.062,-0.063,-0.079,-0.083,-0.062,-0.083
-0.063,-0.061,-0.063,-0.078,-0.083,-0.061,-0.083
-0.062,-0.061,-0.062,-0.078,-0.083,-0.061,-0.083
-0.062,-0.06,-0.062,-0.077,-0.082,-0.06,-0.082
-0.062,-0.06,-0.062,-0.076,-0.082,-0.06,-0.082
-0.061,-0.06,-0.061,-0.075,-0.081,-0.06,-0.081
-0.061,-0.06,-0.061,-0.074,-0.081,-0.06,-0.081
-0.061,-0.06,-0.061,-0.073,-0.08,-0.06,-0.08
-0.061,-0.06,-0.061,-0.072,-0.079,-0.06,-0.079
-0.06,-0.06,-0.06,-0.07,-0.079,-0.06,-0.079
-0.06,-0.06,-0.06,-0.069,-0.078,-0.06,-0.078
-0.06,-0.061,-0.06,-0.068,-0.078,-0.061,-0.078
-0.06,-0.061,-0.06,-0.066,-0.077,-0.061,-0.077
-0.06,-0.062,-0.06,-0.065,-0.077,-0.062,-0.077
-0.06,-0.062,-0.06,-0.064,-0.076,-0.062,-0.076
-0.059,-0.063,-0.059,-0.063,-0.076,-0.063,-0.076
-0.059,-0.064,-0.059,-0.062,-0.076,-0.064,-0.076
-0.059,-0.064,-0.059,-0.061,-0.076,-0.064,-0.076
-0.059,-0.065,-0.059,-0.061,-0.075,-0.065,-0.075
-0.058,-0.066,-0.058,-0.06,-0.075,-0.066,-0.075
-0.058,-0.067,-0.058,-0.06,-0.075,-0.067,-0.075
-0.057,-0.067,-0.057,-0.059,-0.075,-0.067,-0.075
-0.057,-0.068,-0.057,-0.059,-0.075,-0.068,-0.075
-0.056,-0.069,-0.056,-0.059,-0.075,-0.069,-0.075
-0.056,-0.069,-0.056,-0.059,-0.075,-0.069,-0.075
-0.055,-0.07,-0.055,-0.06,-0.075,-0.07,-0.075
-0.055,-0.07,-0.055,-0.06,-0.075,-0.07,-0.075
-0.054,-0.071,-0.054,-0.06,-0.075,-0.071,-0.075
-0.054,-0.071,-0.054,-0.061,-0.075,-0.071,-0.075
-0.053,-0.071,-0.053,-0.061,-0.075,-0.071,-0.075
-0.052,-0.071,-0.052,-0.061,-0.075,-0.071,-0.075
-0.052,-0.071,-0.052,-0.062,-0.075,-0.071,-0.075
-0.051,-0.071,-0.051,-0.062,-0.075,-0.071,-0.075
-0.051,-0.07,-0.051,-0.063,-0.075,-0.07,-0.075
-0.051,-0.07,-0.051,-0.063,-0.075,-0.07,-0.075
-0.05,-0.069,-0.05,-0.063,-0.075,-0.069,-0.075
-0.05,-0.068,-0.05,-0.063,-0.074,-0.068,-0.074
-0.05,-0.068,-0.05,-0.063,-0.074,-0.068,-0.074
-0.05,-0.067,-0.05,-0.063,-0.074,-0.067,-0.074
-0.05,-0.066,-0.05,-0.063,-0.074,-0.066,-0.074
-0.05,-0.065,-0.05,-0.063,-0.074,-0.065,-0.074
-0.05,-0.063,-0.05,-0.063,-0.073,-0.063,-0.073
-0.05,-0.062,-0.05,-0.063,-0.073,-0.062,-0.073
-0.05,-0.061,-0.05,-0.062,-0.073,-0.061,-0.073
-0.051,-0.06,-0.051,-0.062,-0.073,-0.06,-0.073
-0.051,-0.059,-0.051,-0.061,-0.073,-0.059,-0.073
-0.051,-0.058,-0.051,-0.061,-0.072,-0.058,-0.072
-0.051,-0.057,-0.051,-0.06,-0.072,-0.057,-0.072
-0.052,-0.055,-0.052,-0.059,-0.072,-0.055,-0.072
-0.052,-0.055,-0.052,-0.059,-0.072,-0.055,-0.072
-0.052,-0.054,-0.052,-0.058,-0.072,-0.054,-0.072
-0.052,-0.053,-0.052,-0.058,-0.072,-0.053,-0.072
-0.052,-0.052,-0.052,-0.057,-0.072,-0.052,-0.072
-0.053,-0.052,-0.053,-0.057,-0.072,-0.052,-0.072
-0.053,-0.051,-0.053,-0.057,-0.072,-0.051,-0.072
-0.053,-0.051,-0.053,-0.056,-0.072,-0.051,-0.072
-0.052,-0.051,-0.052,-0.056,-0.072,-0.051,-0.072
-0.052,-0.051,-0.052,-0.056,-0.072,-0.051,-0.072
-0.052,-0.051,-0.052,-0.056,-0.072,-0.051,-0.072
-0.052,-0.051,-0.052,-0.056,-0.072,-0.051,-0.072
-0.052,-0.051,-0.052,-0.056,-0.072,-0.051,-0.072
-0.052,-0.052,-0.052,-0.056,-0.072,-0.052,-0.072
-0.051,-0.052,-0.051,-0.056,-0.072,-0.052,-0.072
-0.051,-0.052,-0.051,-0.056,-0.072,-0.052,-0.072
-0.051,-0.053,-0.051,-0.057,-0.071,-0.053,-0.071
-0.051,-0.054,-0.051,-0.057,-0.071,-0.054,-0.071
-0.051,-0.054,-0.051,-0.057,-0.071,-0.054,-0.071
-0.051,-0.055,-0.051,-0.058,-0.071,-0.055,-0.071
-0.051,-0.056,-0.051,-0.058,-0.07,-0.056,-0.07
-0.051,-0.057,-0.051,-0.058,-0.07,-0.057,-0.07
-0.051,-0.057,-0.051,-0.059,-0.07,-0.057,-0.07
-0.051,-0.058,-0.051,-0.059,-0.07,-0.058,-0.07
-0.051,-0.059,-0.051,-0.059,-0.069,-0.059,-0.069
-0.051,-0.059,-0.051,-0.059,-0.069,-0.059,-0.069
-0.051,-0.06,-0.051,-0.06,-0.069,-0.06,-0.069
-0.052,-0.06,-0.052,-0.06,-0.068,-0.06,-0.068
-0.052,-0.061,-0.052,-0.06,-0.068,-0.061,-0.068
-0.052,-0.061,-0.052,-0.06,-0.068,-0.061,-0.068
-0.053,-0.061,-0.053,-0.06,-0.067,-0.061,-0.067
-0.053,-0.061,-0.053,-0.06,-0.067,-0.061,-0.067
-0.054,-0.061,-0.054,-0.059,-0.067,-0.061,-0.067
-0.054,-0.061,-0.054,-0.059,-0.066,-0.061,-0.066
-0.055,-0.061,-0.055,-0.059,-0.066,-0.061,-0.066
-0.055,-0.06,-0.055,-0.058,-0.065,-0.06,-0.065
-0.056,-0.06,-0.056,-0.058,-0.065,-0.06,-0.065
-0.056,-0.059,-0.056,-0.057,-0.064,-0.059,-0.064
-0.057,-0.058,-0.057,-0.057,-0.064,-0.058,-0.064
-0.058,-0.057,-0.058,-0.056,-0.063,-0.057,-0.063
-0.058,-0.056,-0.058,-0.056,-0.063,-0.056,-0.063
-0.059,-0.055,-0.059,-0.055,-0.062,-0.055,-0.062
-0.059,-0.053,-0.059,-0.054,-0.062,-0.053,-0.062
-0.06,-0.052,-0.06,-0.054,-0.061,-0.052,-0.061
-0.06,-0.05,-0.06,-0.053,-0.061,-0.05,-0.061
-0.061,-0.049,-0.061,-0.052,-0.06,-0.049,-0.06
-0.061,-0.047,-0.061,-0.052,-0.06,-0.047,-0.06
-0.062,-0.045,-0.062,-0.051,-0.059,-0.045,-0.059
-0.062,-0.044,-0.062,-0.05,-0.059,-0.044,-0.059
-0.063,-0.042,-0.063,-0.05,-0.058,-0.042,-0.058
-0.064,-0.04,-0.064,-0.049,-0.058,-0.04,-0.058
-0.064,-0.039,-0.064,-0.049,-0.058,-0.039,-0.058
-0.065,-0.037,-0.065,-0.048,-0.058,-0.037,-0.058
-0.065,-0.036,-0.065,-0.047,-0.057,-0.036,-0.057
-0.066,-0.035,-0.066,-0.047,-0.057,-0.035,-0.057
-0.067,-0.034,-0.067,-0.047,-0.057,-0.034,-0.057
-0.068,-0.033,-0.068,-0.046,-0.057,-0.033,-0.057
-0.068,-0.033,-0.068,-0.046,-0.057,-0.033,-0.057
-0.069,-0.033,-0.069,-0.045,-0.057,-0.033,-0.057
-0.07,-0.032,-0.07,-0.045,-0.057,-0.032,-0.057
-0.071,-0.032,-0.071,-0.045,-0.058,-0.032,-0.058
-0.072,-0.033,-0.072,-0.044,-0.058,-0.033,-0.058
-0.073,-0.033,-0.073,-0.044,-0.058,-0.033,-0.058
-0.074,-0.034,-0.074,-0.044,-0.058,-0.034,-0.058
-0.075,-0.034,-0.075,-0.044,-0.058,-0.035,-0.058
-0.076,-0.035,-0.076,-0.043,-0.059,-0.035,-0.059
-0.077,-0.037,-0.077,-0.043,-0.059,-0.037,-0.059
-0.078,-0.038,-0.078,-0.043,-0.059,-0.038,-0.059
-0.079,-0.039,-0.079,-0.043,-0.059,-0.039,-0.059
-0.08,-0.041,-0.08,-0.043,-0.059,-0.041,-0.059
-0.081,-0.042,-0.081,-0.043,-0.06,-0.042,-0.06
-0.081,-0.044,-0.081,-0.042,-0.06,-0.044,-0.06
-0.082,-0.045,-0.082,-0.042,-0.06,-0.045,-0.06
-0.082,-0.047,-0.082,-0.042,-0.06,-0.047,-0.06
-0.083,-0.048,-0.083,-0.042,-0.06,-0.048,-0.06
-0.083,-0.05,-0.083,-0.041,-0.06,-0.05,-0.06
-0.083,-0.051,-0.083,-0.041,-0.06,-0.051,-0.06
-0.083,-0.053,-0.083,-0.04,-0.06,-0.053,-0.06
-0.083,-0.054,-0.083,-0.04,-0.06,-0.054,-0.06
-0.083,-0.055,-0.083,-0.039,-0.06,-0.055,-0.06
-0.082,-0.056,-0.082,-0.039,-0.06,-0.056,-0.06
-0.082,-0.056,-0.082,-0.038,-0.06,-0.056,-0.06
-0.081,-0.057,-0.081,-0.037,-0.06,-0.057,-0.06
-0.081,-0.057,-0.081,-0.037,-0.06,-0.057,-0.06
-0.08,-0.058,-0.08,-0.036,-0.059,-0.058,-0.059
-0.079,-0.058,-0.079,-0.035,-0.059,-0.058,-0.059
-0.078,-0.057,-0.078,-0.034,-0.059,-0.057,-0.059
-0.077,-0.057,-0.077,-0.034,-0.059,-0.057,-0.059
-0.076,-0.057,-0.076,-0.033,-0.059,-0.057,-0.059
-0.075,-0.056,-0.075,-0.032,-0.059,-0.056,-0.059
-0.074,-0.055,-0.074,-0.031,-0.059,-0.055,-0.059
-0.074,-0.054,-0.074,-0.031,-0.059,-0.054,-0.059
-0.073,-0.053,-0.073,-0.03,-0.059,-0.053,-0.059
-0.072,-0.052,-0.072,-0.029,-0.059,-0.052,-0.059
-0.071,-0.051,-0.071,-0.029,-0.06,-0.051,-0.06
-0.071,-0.05,-0.071,-0.028,-0.06,-0.05,-0.06
-0.07,-0.049,-0.07,-0.028,-0.06,-0.049,-0.06
-0.069,-0.048,-0.069,-0.028,-0.06,-0.048,-0.06
-0.069,-0.047,-0.069,-0.028,-0.06,-0.047,-0.06
-0.069,-0.046,-0.069,-0.027,-0.061,-0.046,-0.061
-0.068,-0.045,-0.068,-0.027,-0.061,-0.045,-0.061
-0.068,-0.044,-0.068,-0.028,-0.061,-0.044,-0.061
-0.068,-0.044,-0.068,-0.028,-0.061,-0.044,-0.061
-0.068,-0.043,-0.068,-0.028,-0.061,-0.043,-0.061
-0.068,-0.043,-0.068,-0.028,-0.061,-0.043,-0.061
-0.068,-0.042,-0.068,-0.029,-0.061,-0.042,-0.061
-0.068,-0.042,-0.068,-0.029,-0.061,-0.042,-0.061
-0.068,-0.042,-0.068,-0.03,-0.061,-0.042,-0.061
-0.068,-0.042,-0.068,-0.03,-0.06,-0.042,-0.06
-0.068,-0.042,-0.068,-0.031,-0.06,-0.042,-0.06
-0.068,-0.042,-0.068,-0.032,-0.059,-0.042,-0.059
-0.068,-0.042,-0.068,-0.032,-0.058,-0.042,-0.058
-0.068,-0.042,-0.068,-0.033,-0.057,-0.042,-0.057
-0.069,-0.042,-0.069,-0.034,-0.056,-0.042,-0.056
-0.069,-0.043,-0.069,-0.034,-0.055,-0.043,-0.055
-0.069,-0.043,-0.069,-0.035,-0.054,-0.043,-0.054
-0.069,-0.044,-0.069,-0.036,-0.053,-0.044,-0.053
-0.069,-0.044,-0.069,-0.036,-0.051,-0.044,-0.051
-0.07,-0.045,-0.07,-0.037,-0.05,-0.045,-0.05
-0.07,-0.045,-0.07,-0.037,-0.048,-0.045,-0.048
-0.07,-0.046,-0.07,-0.038,-0.047,-0.046,-0.047
-0.07,-0.046,-0.07,-0.038,-0.045,-0.046,-0.045
-0.071,-0.047,-0.071,-0.039,-0.044,-0.047,-0.044
-0.071,-0.047,-0.071,-0.039,-0.043,-0.047,-0.043
-0.071,-0.048,-0.071,-0.039,-0.042,-0.048,-0.042
-0.071,-0.048,-0.071,-0.04,-0.041,-0.048,-0.041
-0.071,-0.049,-0.071,-0.04,-0.04,-0.049,-0.04
-0.071,-0.049,-0.071,-0.04,-0.039,-0.049,-0.039
-0.071,-0.05,-0.071,-0.04,-0.039,-0.05,-0.039
