0.105,0.023,0.037,0.037
0.104,0.023,0.036,0.036
0.103,0.023,0.036,0.036
0.101,0.024,0.036,0.036
0.1,0.024,0.035,0.035
0.099,0.025,0.035,0.035
0.098,0.025,0.034,0.034
0.096,0.026,0.033,0.033
0.095,0.026,0.033,0.033
0.094,0.027,0.032,0.032
0.093,0.027,0.032,0.032
0.093,0.027,0.031,0.031
0.092,0.028,0.031,0.031
0.091,0.028,0.03,0.03
0.091,0.028,0.03,0.03
0.091,0.028,0.03,0.03
0.091,0.028,0.029,0.029
0.092,0.028,0.029,0.029
0.092,0.027,0.029,0.029
0.093,0.027,0.028,0.028
0.094,0.026,0.028,0.028
0.095,0.025,0.028,0.028
0.097,0.024,0.028,0.028
0.098,0.023,0.028,0.028
0.1,0.022,0.027,0.027
0.101,0.02,0.027,0.027
0.103,0.019,0.027,0.027
0.104,0.017,0.027,0.027
0.106,0.016,0.026,0.026
0.108,0.014,0.026,0.026
0.109,0.013,0.026,0.026
0.11,0.012,0.025,0.025
0.112,0.01,0.025,0.025
0.113,0.009,0.024,0.024
0.114,0.008,0.024,0.024
0.115,0.007,0.024,0.024
0.115,0.007,0.023,0.023
0.116,0.006,0.023,0.023
0.116,0.006,0.023,0.023
0.116,0.006,0.023,0.023
0.115,0.006,0.023,0.023
0.115,0.006,0.022,0.022
0.114,0.007,0.022,0.022
0.114,0.007,0.022,0.022
0.113,0.008,0.022,0.022
0.111,0.009,0.022,0.022
0.11,0.01,0.022,0.022
0.109,0.011,0.022,0.022
0.107,0.012,0.022,0.022
0.105,0.012,0.022,0.022
0.104,0.013,0.021,0.021
0.102,0.014,0.021,0.021
0.1,0.015,0.021,0.021
0.098,0.015,0.02,0.02
0.096,0.016,0.02,0.02
0.094,0.016,0.019,0.019
0.092,0.016,0.019,0.019
0.09,0.016,0.018,0.018
0.088,0.016,0.017,0.017
0.085,0.016,0.016,0.016
0.083,0.016,0.015,0.015
0.081,0.015,0.014,0.014
0.079,0.015,0.013,0.013
0.077,0.014,0.012,0.012
0.075,0.013,0.011,0.011
0.074,0.012,0.01,0.01
0.072,0.011,0.01,0.01
0.07,0.01,0.009,0.009
0.069,0.009,0.008,0.008
0.067,0.008,0.007,0.007
0.066,0.007,0.007,0.007
0.065,0.007,0.007,0.007
0.064,0.006,0.007,0.007
0.063,0.005,0.007,0.007
0.063,0.004,0.007,0.007
0.062,0.004,0.008,0.008
0.062,0.003,0.008,0.008
0.062,0.003,0.009,0.009
0.062,0.002,0.01,0.01
0.062,0.002,0.012,0.012
0.062,0.002,0.013,0.013
0.062,0.002,0.015,0.015
0.063,0.002,0.017,0.017
0.063,0.002,0.018,0.018
0.063,0.002,0.02,0.02
0.064,0.002,0.022,0.022
0.065,0.002,0.024,0.024
0.065,0.003,0.025,0.025
0.066,0.003,0.027,0.027
0.066,0.003,0.028,0.028
0.067,0.004,0.029,0.029
0.067,0.004,0.03,0.03
0.067,0.004,0.031,0.031
0.068,0.004,0.032,0.032
0.068,0.004,0.032,0.032
0.068,0.004,0.032,0.032
0.068,0.004,0.032,0.032
0.067,0.004,0.032,0.032
0.067,0.004,0.031,0.031
0.067,0.004,0.03,0.03
0.066,0.003,0.029,0.029
0.065,0.003,0.028,0.028
0.064,0.002,0.027,0.027
0.063,0.001,0.026,0.026
0.062,0,0.024,0.024
0.061,-0.001,0.023,0.023
0.059,-0.002,0.022,0.022
0.058,-0.003,0.02,0.02
0.056,-0.004,0.019,0.019
0.054,-0.005,0.018,0.018
0.052,-0.006,0.017,0.017
0.05,-0.007,0.016,0.016
0.048,-0.008,0.016,0.016
0.046,-0.009,0.015,0.015
0.043,-0.01,0.015,0.015
0.041,-0.011,0.015,0.015
0.038,-0.011,0.015,0.015
0.036,-0.012,0.015,0.015
0.034,-0.012,0.015,0.015
0.031,-0.012,0.016,0.016
0.029,-0.013,0.016,0.016
0.026,-0.013,0.017,0.017
0.024,-0.012,0.018,0.018
0.021,-0.012,0.018,0.018
0.019,-0.012,0.019,0.019
0.017,-0.012,0.02,0.02
0.014,-0.011,0.021,0.021
0.012,-0.011,0.021,0.021
0.01,-0.01,0.022,0.022
0.008,-0.009,0.022,0.022
0.006,-0.009,0.023,0.023
0.004,-0.008,0.023,0.023
0.002,-0.007,0.023,0.023
0.001,-0.006,0.023,0.023
-0.001,-0.005,0.023,0.023
-0.002,-0.005,0.022,0.022
-0.003,-0.004,0.022,0.022
-0.005,-0.003,0.021,0.021
-0.006,-0.002,0.02,0.02
-0.007,-0.001,0.019,0.019
-0.007,-0.001,0.018,0.018
-0.008,0,0.017,0.017
-0.008,0.001,0.016,0.016
-0.009,0.001,0.014,0.014
-0.009,0.002,0.013,0.013
-0.009,0.003,0.011,0.011
-0.008,0.003,0.009,0.009
-0.008,0.003,0.007,0.007
-0.007,0.004,0.006,0.006
-0.006,0.004,0.004,0.004
-0.005,0.004,0.002,0.002
-0.004,0.005,0.001,0.001
-0.003,0.005,-0.001,-0.001
-0.001,0.005,-0.002,-0.002
0.001,0.005,-0.003,-0.003
0.002,0.004,-0.005,-0.005
0.004,0.004,-0.006,-0.006
0.006,0.004,-0.006,-0.006
0.008,0.004,-0.007,-0.007
0.01,0.003,-0.008,-0.008
0.012,0.003,-0.008,-0.008
0.014,0.002,-0.009,-0.009
0.016,0.002,-0.009,-0.009
0.017,0.001,-0.009,-0.009
0.019,0.001,-0.009,-0.009
0.02,0,-0.008,-0.008
0.022,0,-0.008,-0.008
0.023,-0.001,-0.008,-0.008
0.023,-0.002,-0.007,-0.007
0.024,-0.003,-0.007,-0.007
0.025,-0.003,-0.007,-0.007
0.025,-0.004,-0.006,-0.006
0.025,-0.005,-0.006,-0.006
0.025,-0.005,-0.005,-0.005
0.024,-0.006,-0.005,-0.005
0.023,-0.006,-0.004,-0.004
0.022,-0.007,-0.004,-0.004
0.021,-0.007,-0.004,-0.004
0.02,-0.008,-0.004,-0.004
0.019,-0.008,-0.004,-0.004
0.017,-0.008,-0.004,-0.004
0.015,-0.008,-0.004,-0.004
0.013,-0.008,-0.004,-0.004
0.011,-0.008,-0.004,-0.004
0.009,-0.008,-0.005,-0.005
0.007,-0.007,-0.005,-0.005
0.004,-0.007,-0.006,-0.006
0.002,-0.006,-0.006,-0.006
0,-0.006,-0.007,-0.007
-0.002,-0.005,-0.007,-0.007
-0.005,-0.004,-0.008,-0.008
-0.007,-0.003,-0.008,-0.008
-0.009,-0.002,-0.009,-0.009
-0.011,-0.001,-0.009,-0.009
-0.013,0,-0.009,-0.009
-0.015,0.001,-0.01,-0.01
-0.017,0.003,-0.01,-0.01
-0.019,0.004,-0.01,-0.01
-0.02,0.005,-0.009,-0.009
-0.021,0.007,-0.009,-0.009
-0.022,0.008,-0.009,-0.009
-0.023,0.009,-0.008,-0.008
-0.024,0.01,-0.007,-0.007
-0.025,0.011,-0.006,-0.006
-0.025,0.011,-0.005,-0.005
-0.025,0.012,-0.004,-0.004
-0.025,0.012,-0.002,-0.002
-0.025,0.012,0,0
-0.025,0.011,0.001,0.001
-0.024,0.011,0.003,0.003
-0.024,0.01,0.005,0.005
-0.023,0.008,0.008,0.008
-0.022,0.006,0.01,0.01
-0.021,0.004,0.012,0.012
-0.02,0.002,0.015,0.015
-0.018,-0.001,0.017,0.017
-0.017,-0.004,0.02,0.02
-0.016,-0.007,0.022,0.022
-0.014,-0.01,0.024,0.024
-0.013,-0.013,0.027,0.027
-0.012,-0.016,0.029,0.029
-0.01,-0.02,0.031,0.031
-0.009,-0.023,0.032,0.032
-0.008,-0.026,0.034,0.034
-0.007,-0.029,0.035,0.035
-0.006,-0.031,0.036,0.036
-0.005,-0.034,0.037,0.037
-0.005,-0.036,0.037,0.037
-0.004,-0.037,0.038,0.038
-0.003,-0.039,0.037,0.037
-0.003,-0.04,0.037,0.037
-0.003,-0.04,0.036,0.036
-0.003,-0.04,0.035,0.035
-0.003,-0.04,0.033,0.033
-0.003,-0.039,0.031,0.031
-0.003,-0.038,0.029,0.029
-0.003,-0.037,0.027,0.027
-0.003,-0.035,0.024,0.024
-0.004,-0.033,0.021,0.021
-0.004,-0.031,0.018,0.018
-0.005,-0.029,0.015,0.015
-0.005,-0.027,0.012,0.012
-0.006,-0.024,0.009,0.009
-0.006,-0.022,0.006,0.006
-0.006,-0.02,0.003,0.003
-0.007,-0.018,0,0
-0.007,-0.016,-0.003,-0.003
-0.008,-0.014,-0.006,-0.006
-0.008,-0.012,-0.008,-0.008
-0.008,-0.011,-0.011,-0.011
-0.009,-0.01,-0.013,-0.013
-0.009,-0.01,-0.015,-0.015
-0.009,-0.01,-0.017,-0.017
-0.009,-0.01,-0.018,-0.018
-0.01,-0.011,-0.019,-0.019
-0.01,-0.012,-0.02,-0.02
-0.01,-0.013,-0.021,-0.021
-0.011,-0.015,-0.021,-0.021
-0.011,-0.018,-0.021,-0.021
-0.012,-0.02,-0.021,-0.021
-0.012,-0.023,-0.021,-0.021
-0.013,-0.026,-0.02,-0.02
-0.014,-0.029,-0.02,-0.02
-0.014,-0.032,-0.019,-0.019
-0.015,-0.035,-0.018,-0.018
-0.016,-0.039,-0.016,-0.016
-0.017,-0.042,-0.015,-0.015
-0.018,-0.044,-0.013,-0.013
-0.019,-0.047,-0.012,-0.012
-0.021,-0.049,-0.01,-0.01
-0.022,-0.051,-0.008,-0.008
-0.023,-0.052,-0.006,-0.006
-0.024,-0.053,-0.004,-0.004
-0.026,-0.053,-0.002,-0.002
-0.027,-0.053,-0.001,-0.001
-0.028,-0.053,0.001,0.001
-0.029,-0.052,0.003,0.003
-0.03,-0.05,0.005,0.005
-0.031,-0.048,0.006,0.006
-0.031,-0.046,0.008,0.008
-0.032,-0.043,0.009,0.009
-0.032,-0.04,0.01,0.01
-0.033,-0.037,0.011,0.011
-0.033,-0.034,0.012,0.012
-0.033,-0.03,0.013,0.013
-0.033,-0.026,0.014,0.014
-0.032,-0.023,0.014,0.014
-0.032,-0.019,0.014,0.014
-0.031,-0.016,0.015,0.015
-0.03,-0.012,0.015,0.015
-0.029,-0.009,0.014,0.014
-0.028,-0.006,0.014,0.014
-0.027,-0.004,0.014,0.014
-0.026,-0.001,0.013,0.013
-0.025,0,0.012,0.012
-0.024,0.002,0.011,0.011
-0.023,0.003,0.011,0.011
-0.022,0.004,0.01,0.01
-0.021,0.004,0.009,0.009
-0.02,0.005,0.008,0.008
-0.019,0.004,0.007,0.007
-0.019,0.004,0.007,0.007
-0.018,0.003,0.006,0.006
-0.018,0.002,0.006,0.006
-0.017,0.001,0.005,0.005
-0.017,0,0.005,0.005
-0.017,-0.002,0.005,0.005
-0.017,-0.003,0.006,0.006
-0.018,-0.005,0.006,0.006
-0.018,-0.006,0.007,0.007
-0.019,-0.007,0.008,0.008
-0.019,-0.009,0.009,0.009
-0.02,-0.01,0.011,0.011
-0.021,-0.011,0.013,0.013
-0.021,-0.012,0.014,0.014
-0.022,-0.013,0.016,0.016
-0.023,-0.013,0.019,0.019
-0.024,-0.013,0.021,0.021
-0.025,-0.013,0.023,0.023
-0.026,-0.013,0.025,0.025
-0.026,-0.013,0.028,0.028
-0.027,-0.012,0.03,0.03
-0.028,-0.011,0.032,0.032
-0.028,-0.01,0.034,0.034
-0.029,-0.009,0.036,0.036
-0.029,-0.008,0.037,0.037
-0.03,-0.007,0.039,0.039
-0.03,-0.005,0.04,0.04
-0.03,-0.004,0.041,0.041
-0.031,-0.003,0.042,0.042
-0.031,-0.001,0.042,0.042
-0.031,0,0.043,0.043
-0.031,0.001,0.043,0.043
-0.031,0.002,0.043,0.043
-0.031,0.002,0.042,0.042
-0.031,0.003,0.042,0.042
-0.031,0.003,0.041,0.041
-0.031,0.003,0.04,0.04
-0.031,0.003,0.039,0.039
-0.031,0.003,0.038,0.038
-0.03,0.002,0.037,0.037
-0.03,0.001,0.035,0.035
-0.03,0,0.034,0.034
-0.029,-0.001,0.033,0.033
-0.029,-0.003,0.032,0.032
-0.028,-0.004,0.03,0.03
-0.028,-0.006,0.029,0.029
-0.027,-0.008,0.028,0.028
-0.026,-0.01,0.027,0.027
-0.026,-0.011,0.025,0.025
-0.025,-0.013,0.024,0.024
-0.024,-0.015,0.023,0.023
-0.023,-0.016,0.022,0.022
-0.022,-0.018,0.021,0.021
-0.021,-0.019,0.021,0.021
-0.02,-0.02,0.02,0.02
-0.019,-0.021,0.019,0.019
-0.018,-0.021,0.018,0.018
-0.017,-0.022,0.017,0.017
-0.016,-0.022,0.017,0.017
-0.015,-0.022,0.016,0.016
-0.014,-0.022,0.015,0.015
-0.014,-0.021,0.015,0.015
-0.013,-0.02,0.014,0.014
-0.013,-0.02,0.013,0.013
-0.012,-0.019,0.012,0.012
-0.012,-0.018,0.012,0.012
-0.012,-0.016,0.011,0.011
-0.012,-0.015,0.01,0.01
-0.012,-0.014,0.01,0.01
-0.012,-0.013,0.009,0.009
-0.012,-0.011,0.008,0.008
-0.013,-0.01,0.008,0.008
-0.013,-0.009,0.007,0.007
-0.013,-0.007,0.007,0.007
-0.014,-0.006,0.006,0.006
-0.014,-0.005,0.006,0.006
-0.015,-0.004,0.005,0.005
-0.015,-0.003,0.005,0.005
-0.016,-0.002,0.004,0.004
-0.017,-0.001,0.004,0.004
-0.017,-0.001,0.004,0.004
-0.018,0,0.003,0.003
-0.018,0,0.003,0.003
-0.019,0.001,0.003,0.003
-0.02,0.001,0.003,0.003
-0.02,0.001,0.003,0.003
-0.021,0.001,0.004,0.004
-0.021,0.001,0.004,0.004
-0.022,0.001,0.004,0.004
-0.023,0.001,0.004,0.004
-0.023,0.001,0.005,0.005
-0.024,0,0.005,0.005
-0.025,0,0.006,0.006
-0.025,-0.001,0.007,0.007
-0.026,-0.002,0.007,0.007
-0.026,-0.002,0.008,0.008
-0.027,-0.003,0.009,0.009
-0.027,-0.004,0.01,0.01
-0.028,-0.005,0.011,0.011
-0.028,-0.006,0.012,0.012
-0.029,-0.007,0.013,0.013
-0.029,-0.008,0.014,0.014
-0.03,-0.009,0.015,0.015
-0.03,-0.01,0.015,0.015
-0.03,-0.011,0.016,0.016
-0.031,-0.012,0.017,0.017
-0.031,-0.013,0.018,0.018
-0.031,-0.014,0.019,0.019
-0.032,-0.015,0.019,0.019
-0.032,-0.016,0.02,0.02
-0.032,-0.017,0.02,0.02
-0.033,-0.017,0.021,0.021
-0.033,-0.018,0.021,0.021
-0.033,-0.018,0.021,0.021
-0.033,-0.019,0.022,0.022
-0.033,-0.019,0.022,0.022
-0.034,-0.019,0.022,0.022
-0.034,-0.019,0.022,0.022
-0.034,-0.019,0.022,0.022
-0.034,-0.019,0.022,0.022
-0.034,-0.019,0.022,0.022
-0.034,-0.019,0.023,0.023
-0.034,-0.018,0.023,0.023
-0.034,-0.018,0.023,0.023
-0.034,-0.018,0.023,0.023
-0.034,-0.017,0.023,0.023
-0.033,-0.017,0.023,0.023
-0.033,-0.016,0.023,0.023
-0.033,-0.016,0.023,0.023
-0.032,-0.016,0.024,0.024
-0.032,-0.015,0.024,0.024
-0.031,-0.015,0.024,0.024
-0.031,-0.015,0.024,0.024
-0.03,-0.014,0.024,0.024
-0.03,-0.014,0.023,0.023
-0.029,-0.014,0.023,0.023
-0.029,-0.014,0.023,0.023
-0.028,-0.014,0.023,0.023
-0.028,-0.014,0.022,0.022
-0.027,-0.014,0.021,0.021
-0.027,-0.014,0.02,0.02
-0.027,-0.014,0.02,0.02
-0.027,-0.014,0.018,0.018
-0.027,-0.015,0.017,0.017
-0.027,-0.015,0.016,0.016
-0.027,-0.016,0.015,0.015
-0.027,-0.016,0.013,0.013
-0.027,-0.017,0.012,0.012
-0.027,-0.018,0.01,0.01
-0.028,-0.018,0.008,0.008
-0.028,-0.019,0.007,0.007
-0.029,-0.02,0.005,0.005
-0.029,-0.021,0.004,0.004
-0.03,-0.022,0.003,0.003
-0.03,-0.023,0.001,0.001
-0.031,-0.024,0,0
-0.031,-0.025,-0.001,-0.001
-0.032,-0.025,-0.002,-0.002
-0.032,-0.026,-0.002,-0.002
-0.032,-0.027,-0.003,-0.003
-0.033,-0.027,-0.003,-0.003
-0.033,-0.028,-0.003,-0.003
-0.033,-0.028,-0.003,-0.003
-0.033,-0.029,-0.003,-0.003
-0.033,-0.029,-0.003,-0.003
-0.033,-0.029,-0.002,-0.002
-0.033,-0.029,-0.001,-0.001
-0.034,-0.029,0,0
-0.034,-0.029,0.001,0.001
-0.034,-0.028,0.002,0.002
-0.034,-0.028,0.003,0.003
-0.034,-0.027,0.005,0.005
-0.034,-0.026,0.007,0.007
-0.034,-0.026,0.009,0.009
-0.035,-0.025,0.01,0.01
-0.035,-0.024,0.012,0.012
-0.036,-0.023,0.014,0.014
-0.036,-0.022,0.017,0.017
-0.037,-0.02,0.019,0.019
-0.038,-0.019,0.021,0.021
-0.039,-0.018,0.023,0.023
-0.04,-0.017,0.025,0.025
-0.041,-0.015,0.026,0.026
-0.042,-0.014,0.028,0.028
-0.043,-0.013,0.03,0.03
-0.044,-0.011,0.031,0.031
-0.045,-0.01,0.032,0.032
-0.046,-0.009,0.033,0.033
-0.047,-0.007,0.034,0.034
-0.048,-0.006,0.034,0.034
-0.049,-0.005,0.035,0.035
-0.049,-0.004,0.034,0.034
-0.05,-0.002,0.034,0.034
-0.05,-0.001,0.034,0.034
-0.05,0,0.033,0.033
-0.05,0.001,0.032,0.032
-0.049,0.002,0.031,0.031
-0.049,0.003,0.029,0.029
-0.048,0.004,0.028,0.028
-0.047,0.004,0.026,0.026
-0.046,0.005,0.025,0.025
-0.044,0.005,0.023,0.023
-0.043,0.006,0.021,0.021
-0.041,0.006,0.02,0.02
-0.039,0.006,0.018,0.018
-0.037,0.006,0.017,0.017
-0.035,0.006,0.015,0.015
-0.033,0.005,0.014,0.014
-0.032,0.005,0.013,0.013
-0.03,0.004,0.012,0.012
-0.028,0.003,0.011,0.011
-0.026,0.002,0.01,0.01
-0.025,0.001,0.01,0.01
-0.023,0,0.009,0.009
-0.022,-0.002,0.009,0.009
-0.021,-0.003,0.009,0.009
-0.02,-0.005,0.009,0.009
-0.019,-0.006,0.009,0.009
-0.019,-0.008,0.01,0.01
-0.019,-0.009,0.01,0.01
-0.019,-0.011,0.01,0.01
-0.019,-0.013,0.011,0.011
-0.019,-0.014,0.012,0.012
-0.019,-0.016,0.012,0.012
-0.02,-0.017,0.013,0.013
-0.021,-0.018,0.014,0.014
-0.021,-0.019,0.014,0.014
-0.022,-0.02,0.015,0.015
-0.023,-0.021,0.016,0.016
-0.024,-0.021,0.017,0.017
-0.025,-0.021,0.018,0.018
-0.026,-0.021,0.019,0.019
-0.026,-0.021,0.02,0.02
-0.027,-0.02,0.021,0.021
-0.028,-0.019,0.022,0.022
-0.028,-0.018,0.023,0.023
-0.029,-0.017,0.024,0.024
-0.029,-0.015,0.025,0.025
-0.03,-0.013,0.026,0.026
-0.03,-0.011,0.026,0.026
-0.03,-0.008,0.027,0.027
-0.03,-0.006,0.028,0.028
-0.03,-0.003,0.029,0.029
-0.03,0,0.029,0.029
-0.029,0.002,0.029,0.029
-0.029,0.005,0.03,0.03
-0.029,0.008,0.03,0.03
-0.028,0.01,0.029,0.029
-0.028,0.013,0.029,0.029
-0.027,0.015,0.029,0.029
-0.027,0.017,0.028,0.028
-0.027,0.019,0.027,0.027
-0.026,0.021,0.026,0.026
-0.026,0.022,0.025,0.025
-0.026,0.023,0.023,0.023
-0.025,0.024,0.022,0.022
-0.025,0.024,0.02,0.02
-0.025,0.024,0.019,0.019
-0.025,0.023,0.017,0.017
-0.025,0.023,0.015,0.015
-0.026,0.022,0.014,0.014
-0.026,0.02,0.012,0.012
-0.026,0.019,0.01,0.01
-0.027,0.017,0.009,0.009
-0.027,0.015,0.007,0.007
-0.028,0.013,0.006,0.006
-0.029,0.012,0.004,0.004
-0.029,0.01,0.003,0.003
-0.03,0.008,0.002,0.002
-0.031,0.006,0.001,0.001
-0.032,0.005,0,0
-0.033,0.003,-0.001,-0.001
-0.034,0.002,-0.001,-0.001
-0.035,0.001,-0.002,-0.002
-0.036,0,-0.002,-0.002
-0.037,0,-0.002,-0.002
-0.037,-0.001,-0.002,-0.002
-0.038,-0.001,-0.002,-0.002
-0.039,-0.001,-0.002,-0.002
-0.039,0,-0.002,-0.002
-0.04,0,-0.002,-0.002
-0.04,0.001,-0.001,-0.001
-0.04,0.001,-0.001,-0.001
-0.04,0.002,-0.001,-0.001
-0.04,0.003,0,0
-0.04,0.004,0,0
-0.04,0.005,0.001,0.001
-0.04,0.005,0.002,0.002
-0.039,0.006,0.002,0.002
-0.039,0.007,0.003,0.003
-0.038,0.007,0.004,0.004
-0.037,0.007,0.004,0.004
-0.036,0.007,0.005,0.005
-0.035,0.007,0.006,0.006
-0.034,0.007,0.006,0.006
-0.033,0.007,0.007,0.007
-0.032,0.007,0.008,0.008
-0.031,0.007,0.008,0.008
-0.029,0.006,0.009,0.009
-0.028,0.006,0.01,0.01
-0.027,0.006,0.01,0.01
-0.025,0.006,0.011,0.011
-0.023,0.006,0.011,0.011
-0.022,0.006,0.012,0.012
-0.02,0.006,0.012,0.012
-0.018,0.006,0.013,0.013
-0.017,0.007,0.013,0.013
-0.015,0.008,0.013,0.013
-0.013,0.009,0.014,0.014
-0.011,0.01,0.014,0.014
-0.009,0.012,0.014,0.014
-0.007,0.014,0.014,0.014
-0.005,0.016,0.015,0.015
-0.002,0.018,0.015,0.015
0,0.02,0.015,0.015
0.002,0.023,0.015,0.015
0.005,0.026,0.016,0.016
0.007,0.029,0.016,0.016
0.01,0.032,0.016,0.016
0.012,0.036,0.017,0.017
0.015,0.039,0.017,0.017
0.017,0.043,0.018,0.018
0.02,0.047,0.019,0.019
0.022,0.05,0.019,0.019
0.025,0.054,0.02,0.02
0.027,0.058,0.021,0.021
0.03,0.062,0.022,0.022
0.032,0.065,0.023,0.023
0.034,0.069,0.025,0.025
0.036,0.072,0.026,0.026
0.038,0.076,0.027,0.027
0.04,0.079,0.029,0.029
0.042,0.083,0.03,0.03
0.044,0.086,0.032,0.032
0.046,0.089,0.033,0.033
0.047,0.091,0.035,0.035
0.049,0.094,0.036,0.036
0.051,0.096,0.038,0.038
0.052,0.098,0.039,0.039
0.054,0.1,0.041,0.041
0.055,0.102,0.043,0.043
0.057,0.104,0.045,0.045
0.058,0.105,0.047,0.047
0.06,0.106,0.049,0.049
0.061,0.107,0.051,0.051
0.063,0.108,0.053,0.053
0.064,0.109,0.055,0.055
0.066,0.109,0.057,0.057
0.067,0.109,0.06,0.06
0.069,0.109,0.062,0.062
0.07,0.109,0.065,0.065
0.072,0.109,0.068,0.068
0.074,0.109,0.071,0.071
0.075,0.108,0.074,0.074
0.076,0.108,0.077,0.077
0.078,0.107,0.08,0.08
0.079,0.106,0.083,0.083
0.08,0.106,0.087,0.087
0.081,0.105,0.09,0.09
0.082,0.104,0.093,0.093
0.083,0.104,0.097,0.097
0.083,0.103,0.1,0.1
0.083,0.102,0.103,0.103
0.083,0.102,0.106,0.106
0.083,0.101,0.109,0.109
0.083,0.101,0.112,0.112
0.082,0.101,0.115,0.115
0.082,0.101,0.117,0.117
0.081,0.101,0.12,0.12
0.08,0.101,0.122,0.122
0.079,0.101,0.123,0.123
0.078,0.101,0.125,0.125
0.077,0.102,0.126,0.126
0.075,0.102,0.127,0.127
0.074,0.103,0.128,0.128
0.073,0.104,0.129,0.129
0.072,0.104,0.129,0.129
0.07,0.105,0.129,0.129
0.069,0.106,0.129,0.129
0.068,0.106,0.128,0.128
0.067,0.107,0.127,0.127
0.066,0.107,0.127,0.127
0.066,0.108,0.126,0.126
0.065,0.108,0.124,0.124
0.064,0.108,0.123,0.123
0.064,0.108,0.122,0.122
0.063,0.107,0.12,0.12
0.063,0.107,0.119,0.119
0.063,0.106,0.117,0.117
0.063,0.105,0.116,0.116
0.063,0.104,0.114,0.114
0.063,0.103,0.112,0.112
0.063,0.102,0.111,0.111
0.063,0.101,0.109,0.109
0.063,0.1,0.108,0.108
0.063,0.098,0.107,0.107
0.063,0.097,0.105,0.105
0.063,0.096,0.104,0.104
0.063,0.095,0.103,0.103
0.063,0.093,0.102,0.102
0.063,0.092,0.101,0.101
0.064,0.091,0.1,0.1
0.064,0.09,0.099,0.099
0.064,0.089,0.098,0.098
0.064,0.088,0.097,0.097
0.065,0.087,0.096,0.096
0.065,0.087,0.095,0.095
0.065,0.086,0.094,0.094
0.066,0.085,0.092,0.092
0.066,0.084,0.091,0.091
0.066,0.084,0.09,0.09
0.067,0.083,0.089,0.089
0.067,0.083,0.088,0.088
0.067,0.082,0.087,0.087
0.068,0.081,0.085,0.085
0.068,0.081,0.084,0.084
0.068,0.08,0.083,0.083
0.069,0.079,0.081,0.081
0.069,0.078,0.08,0.08
0.069,0.078,0.078,0.078
0.069,0.077,0.077,0.077
0.07,0.076,0.076,0.076
0.07,0.075,0.074,0.074
0.07,0.074,0.073,0.073
0.07,0.073,0.072,0.072
0.07,0.071,0.07,0.07
0.071,0.07,0.069,0.069
0.071,0.069,0.068,0.068
0.071,0.068,0.067,0.067
0.071,0.067,0.066,0.066
0.071,0.065,0.065,0.065
0.072,0.064,0.065,0.065
0.072,0.063,0.064,0.064
0.072,0.062,0.063,0.063
0.072,0.061,0.063,0.063
0.072,0.06,0.063,0.063
0.073,0.059,0.063,0.063
0.073,0.059,0.063,0.063
0.073,0.058,0.063,0.063
0.073,0.058,0.063,0.063
0.073,0.058,0.063,0.063
0.072,0.058,0.064,0.064
0.072,0.058,0.064,0.064
0.072,0.058,0.064,0.064
0.071,0.058,0.065,0.065
0.07,0.058,0.065,0.065
0.069,0.058,0.066,0.066
0.068,0.058,0.066,0.066
0.067,0.058,0.066,0.066
0.065,0.059,0.066,0.066
0.064,0.058,0.067,0.067
0.062,0.058,0.066,0.066
0.059,0.058,0.066,0.066
0.057,0.058,0.066,0.066
0.054,0.057,0.065,0.065
0.051,0.056,0.065,0.065
0.048,0.055,0.064,0.064
0.045,0.054,0.063,0.063
0.042,0.053,0.061,0.061
0.038,0.051,0.06,0.06
0.034,0.049,0.058,0.058
0.03,0.047,0.056,0.056
0.026,0.045,0.054,0.054
0.022,0.043,0.052,0.052
0.018,0.041,0.05,0.05
0.014,0.038,0.047,0.047
0.01,0.035,0.045,0.045
0.006,0.033,0.042,0.042
0.002,0.03,0.039,0.039
-0.002,0.028,0.037,0.037
-0.006,0.025,0.034,0.034
-0.01,0.022,0.031,0.031
-0.013,0.02,0.028,0.028
-0.016,0.017,0.026,0.026
-0.019,0.015,0.023,0.023
-0.022,0.013,0.02,0.02
-0.024,0.01,0.017,0.017
-0.026,0.008,0.015,0.015
-0.028,0.006,0.012,0.012
-0.03,0.005,0.01,0.01
-0.031,0.003,0.007,0.007
-0.032,0.001,0.005,0.005
-0.033,0,0.003,0.003
-0.033,-0.001,0.001,0.001
-0.033,-0.003,-0.001,-0.001
-0.033,-0.004,-0.003,-0.003
-0.033,-0.005,-0.005,-0.005
-0.033,-0.006,-0.007,-0.007
-0.033,-0.007,-0.009,-0.009
-0.032,-0.008,-0.01,-0.01
-0.032,-0.008,-0.012,-0.012
-0.031,-0.009,-0.013,-0.013
-0.031,-0.01,-0.014,-0.014
-0.03,-0.011,-0.015,-0.015
-0.03,-0.012,-0.016,-0.016
-0.029,-0.012,-0.017,-0.017
-0.029,-0.013,-0.018,-0.018
-0.028,-0.014,-0.019,-0.019
-0.028,-0.015,-0.02,-0.02
-0.028,-0.016,-0.02,-0.02
-0.028,-0.016,-0.021,-0.021
-0.028,-0.017,-0.021,-0.021
-0.029,-0.018,-0.022,-0.022
-0.029,-0.019,-0.022,-0.022
-0.029,-0.02,-0.023,-0.023
-0.03,-0.021,-0.023,-0.023
-0.03,-0.022,-0.023,-0.023
-0.031,-0.023,-0.024,-0.024
-0.032,-0.023,-0.024,-0.024
-0.033,-0.024,-0.025,-0.025
-0.034,-0.025,-0.025,-0.025
-0.035,-0.026,-0.026,-0.026
-0.036,-0.027,-0.027,-0.027
-0.037,-0.027,-0.027,-0.027
-0.038,-0.028,-0.028,-0.028
-0.039,-0.028,-0.029,-0.029
-0.041,-0.029,-0.03,-0.03
-0.042,-0.029,-0.031,-0.031
-0.043,-0.029,-0.032,-0.032
-0.045,-0.029,-0.033,-0.033
-0.046,-0.029,-0.034,-0.034
-0.048,-0.029,-0.036,-0.036
-0.049,-0.029,-0.037,-0.037
-0.051,-0.029,-0.038,-0.038
-0.053,-0.029,-0.039,-0.039
-0.054,-0.029,-0.041,-0.041
-0.056,-0.029,-0.042,-0.042
-0.058,-0.029,-0.043,-0.043
-0.06,-0.029,-0.044,-0.044
-0.062,-0.029,-0.045,-0.045
-0.064,-0.03,-0.046,-0.046
-0.066,-0.03,-0.047,-0.047
-0.067,-0.031,-0.048,-0.048
-0.069,-0.031,-0.048,-0.048
-0.071,-0.032,-0.049,-0.049
-0.073,-0.034,-0.049,-0.049
-0.075,-0.035,-0.049,-0.049
-0.077,-0.037,-0.049,-0.049
-0.078,-0.039,-0.049,-0.049
-0.08,-0.041,-0.049,-0.049
-0.081,-0.044,-0.049,-0.049
-0.083,-0.047,-0.048,-0.048
-0.084,-0.05,-0.048,-0.048
-0.085,-0.053,-0.047,-0.047
-0.086,-0.057,-0.047,-0.047
-0.088,-0.061,-0.047,-0.047
-0.088,-0.065,-0.046,-0.046
-0.089,-0.068,-0.046,-0.046
-0.09,-0.072,-0.046,-0.046
-0.091,-0.076,-0.046,-0.046
-0.092,-0.08,-0.046,-0.046
-0.092,-0.084,-0.046,-0.046
-0.093,-0.088,-0.047,-0.047
-0.093,-0.092,-0.047,-0.047
-0.094,-0.095,-0.048,-0.048
-0.094,-0.098,-0.049,-0.049
-0.095,-0.102,-0.049,-0.049
-0.095,-0.104,-0.05,-0.05
-0.096,-0.107,-0.052,-0.052
-0.096,-0.109,-0.053,-0.053
-0.096,-0.111,-0.054,-0.054
-0.097,-0.112,-0.056,-0.056
-0.097,-0.113,-0.057,-0.057
-0.098,-0.114,-0.058,-0.058
-0.098,-0.114,-0.06,-0.06
-0.098,-0.115,-0.061,-0.061
-0.099,-0.114,-0.062,-0.062
-0.099,-0.114,-0.064,-0.064
-0.1,-0.113,-0.065,-0.065
-0.1,-0.112,-0.066,-0.066
-0.1,-0.11,-0.067,-0.067
-0.101,-0.109,-0.067,-0.067
-0.101,-0.107,-0.068,-0.068
-0.101,-0.104,-0.068,-0.068
-0.101,-0.102,-0.069,-0.069
-0.102,-0.1,-0.069,-0.069
-0.102,-0.097,-0.069,-0.069
-0.102,-0.094,-0.069,-0.069
-0.102,-0.092,-0.068,-0.068
-0.102,-0.089,-0.068,-0.068
-0.103,-0.086,-0.068,-0.068
-0.103,-0.083,-0.067,-0.067
-0.103,-0.081,-0.067,-0.067
-0.103,-0.078,-0.067,-0.067
-0.103,-0.076,-0.066,-0.066
-0.103,-0.074,-0.066,-0.066
-0.103,-0.072,-0.065,-0.065
-0.102,-0.07,-0.065,-0.065
-0.102,-0.069,-0.064,-0.064
-0.102,-0.068,-0.064,-0.064
-0.102,-0.067,-0.063,-0.063
-0.102,-0.067,-0.063,-0.063
-0.102,-0.067,-0.063,-0.063
-0.102,-0.067,-0.063,-0.063
-0.101,-0.068,-0.062,-0.062
-0.101,-0.069,-0.062,-0.062
-0.101,-0.07,-0.062,-0.062
-0.101,-0.071,-0.062,-0.062
-0.101,-0.073,-0.062,-0.062
-0.101,-0.075,-0.062,-0.062
-0.101,-0.077,-0.062,-0.062
-0.101,-0.079,-0.062,-0.062
-0.101,-0.082,-0.062,-0.062
-0.101,-0.084,-0.062,-0.062
-0.101,-0.086,-0.062,-0.062
-0.101,-0.089,-0.062,-0.062
-0.101,-0.091,-0.062,-0.062
-0.101,-0.093,-0.063,-0.063
-0.1,-0.095,-0.063,-0.063
-0.1,-0.096,-0.063,-0.063
-0.1,-0.098,-0.063,-0.063
-0.1,-0.099,-0.063,-0.063
-0.099,-0.1,-0.063,-0.063
-0.099,-0.1,-0.063,-0.063
-0.099,-0.1,-0.063,-0.063
-0.098,-0.1,-0.063,-0.063
-0.097,-0.1,-0.063,-0.063
-0.097,-0.099,-0.063,-0.063
-0.096,-0.098,-0.062,-0.062
-0.095,-0.097,-0.062,-0.062
-0.095,-0.096,-0.061,-0.061
-0.094,-0.094,-0.061,-0.061
-0.093,-0.092,-0.06,-0.06
-0.092,-0.091,-0.059,-0.059
-0.092,-0.089,-0.059,-0.059
-0.091,-0.088,-0.058,-0.058
-0.09,-0.086,-0.057,-0.057
-0.089,-0.085,-0.057,-0.057
-0.089,-0.083,-0.056,-0.056
-0.088,-0.082,-0.056,-0.056
-0.088,-0.081,-0.056,-0.056
-0.087,-0.081,-0.056,-0.056
-0.087,-0.08,-0.056,-0.056
-0.087,-0.08,-0.056,-0.056
-0.086,-0.08,-0.056,-0.056
-0.086,-0.08,-0.057,-0.057
-0.086,-0.08,-0.058,-0.058
-0.087,-0.081,-0.059,-0.059
-0.087,-0.082,-0.06,-0.06
-0.088,-0.083,-0.062,-0.062
-0.088,-0.085,-0.064,-0.064
-0.089,-0.086,-0.066,-0.066
-0.09,-0.088,-0.068,-0.068
-0.091,-0.089,-0.07,-0.07
-0.092,-0.091,-0.072,-0.072
-0.093,-0.093,-0.075,-0.075
-0.095,-0.094,-0.078,-0.078
-0.097,-0.096,-0.08,-0.08
-0.098,-0.098,-0.083,-0.083
-0.1,-0.099,-0.086,-0.086
-0.102,-0.101,-0.089,-0.089
-0.104,-0.102,-0.091,-0.091
-0.106,-0.103,-0.094,-0.094
-0.108,-0.104,-0.097,-0.097
-0.111,-0.105,-0.099,-0.099
-0.113,-0.106,-0.102,-0.102
-0.115,-0.106,-0.104,-0.104
-0.117,-0.106,-0.106,-0.106
-0.119,-0.106,-0.108,-0.108
-0.121,-0.105,-0.109,-0.109
-0.123,-0.105,-0.111,-0.111
-0.124,-0.104,-0.112,-0.112
-0.125,-0.102,-0.113,-0.113
-0.126,-0.101,-0.113,-0.113
-0.127,-0.099,-0.114,-0.114
-0.128,-0.097,-0.114,-0.114
-0.128,-0.095,-0.114,-0.114
-0.128,-0.092,-0.113,-0.113
-0.127,-0.089,-0.113,-0.113
-0.126,-0.086,-0.112,-0.112
-0.125,-0.083,-0.111,-0.111
-0.123,-0.08,-0.109,-0.109
-0.121,-0.076,-0.107,-0.107
-0.119,-0.072,-0.105,-0.105
-0.116,-0.068,-0.103,-0.103
-0.112,-0.064,-0.1,-0.1
-0.108,-0.059,-0.096,-0.096
-0.104,-0.054,-0.093,-0.093
-0.099,-0.049,-0.089,-0.089
-0.094,-0.044,-0.084,-0.084
-0.088,-0.039,-0.079,-0.079
-0.082,-0.033,-0.074,-0.074
-0.076,-0.027,-0.068,-0.068
-0.069,-0.021,-0.062,-0.062
-0.062,-0.014,-0.055,-0.055
-0.054,-0.008,-0.048,-0.048
-0.046,-0.001,-0.04,-0.04
-0.037,0.007,-0.032,-0.032
-0.029,0.014,-0.023,-0.023
-0.019,0.022,-0.015,-0.015
-0.01,0.029,-0.005,-0.005
0,0.038,0.005,0.005
0.01,0.046,0.015,0.015
0.02,0.054,0.025,0.025
0.031,0.063,0.035,0.035
0.042,0.071,0.046,0.046
0.052,0.08,0.057,0.057
0.063,0.089,0.068,0.068
0.074,0.097,0.078,0.078
0.084,0.106,0.089,0.089
0.095,0.114,0.1,0.1
0.105,0.123,0.11,0.11
0.115,0.131,0.12,0.12
0.125,0.139,0.13,0.13
0.134,0.146,0.139,0.139
0.142,0.153,0.148,0.148
0.151,0.16,0.157,0.157
0.158,0.167,0.165,0.165
0.165,0.173,0.172,0.172
0.172,0.178,0.178,0.178
0.177,0.183,0.184,0.184
0.182,0.188,0.189,0.189
0.186,0.192,0.194,0.194
0.189,0.195,0.197,0.197
0.192,0.198,0.2,0.2
0.193,0.2,0.202,0.202
0.194,0.202,0.203,0.203
0.194,0.202,0.203,0.203
0.193,0.202,0.202,0.202
0.192,0.201,0.201,0.201
0.189,0.2,0.199,0.199
0.186,0.197,0.196,0.196
0.182,0.194,0.192,0.192
0.177,0.189,0.187,0.187
0.171,0.184,0.182,0.182
0.165,0.178,0.176,0.176
0.158,0.17,0.169,0.169
0.151,0.162,0.162,0.162
0.142,0.153,0.154,0.154
0.133,0.143,0.145,0.145
0.124,0.132,0.136,0.136
0.114,0.12,0.126,0.126
0.104,0.107,0.116,0.116
0.093,0.094,0.105,0.105
0.081,0.08,0.094,0.094
0.07,0.065,0.083,0.083
0.058,0.05,0.071,0.071
0.045,0.035,0.059,0.059
0.033,0.019,0.047,0.047
0.021,0.003,0.035,0.035
0.008,-0.012,0.023,0.023
-0.005,-0.028,0.01,0.01
-0.017,-0.043,-0.002,-0.002
-0.029,-0.058,-0.013,-0.013
-0.041,-0.072,-0.025,-0.025
-0.053,-0.085,-0.036,-0.036
-0.064,-0.098,-0.047,-0.047
-0.075,-0.11,-0.057,-0.057
-0.085,-0.121,-0.067,-0.067
-0.095,-0.131,-0.076,-0.076
-0.103,-0.139,-0.085,-0.085
-0.112,-0.147,-0.093,-0.093
-0.119,-0.153,-0.1,-0.1
-0.126,-0.159,-0.107,-0.107
-0.132,-0.163,-0.113,-0.113
-0.137,-0.166,-0.118,-0.118
-0.141,-0.168,-0.122,-0.122
-0.144,-0.168,-0.126,-0.126
-0.147,-0.168,-0.129,-0.129
-0.149,-0.167,-0.131,-0.131
-0.15,-0.165,-0.133,-0.133
-0.151,-0.163,-0.135,-0.135
-0.151,-0.16,-0.135,-0.135
-0.151,-0.156,-0.136,-0.136
-0.15,-0.152,-0.136,-0.136
-0.149,-0.148,-0.136,-0.136
-0.147,-0.144,-0.135,-0.135
-0.146,-0.14,-0.134,-0.134
-0.144,-0.135,-0.133,-0.133
-0.142,-0.131,-0.133,-0.133
-0.14,-0.127,-0.132,-0.132
-0.138,-0.124,-0.131,-0.131
-0.137,-0.12,-0.13,-0.13
-0.136,-0.118,-0.129,-0.129
-0.135,-0.115,-0.129,-0.129
-0.134,-0.113,-0.129,-0.129
-0.133,-0.111,-0.129,-0.129
-0.133,-0.11,-0.129,-0.129
-0.134,-0.109,-0.13,-0.13
-0.134,-0.109,-0.131,-0.131
-0.135,-0.109,-0.132,-0.132
-0.137,-0.109,-0.133,-0.133
-0.138,-0.109,-0.135,-0.135
-0.14,-0.109,-0.137,-0.137
-0.142,-0.11,-0.139,-0.139
-0.144,-0.11,-0.141,-0.141
-0.146,-0.111,-0.143,-0.143
-0.148,-0.111,-0.145,-0.145
-0.151,-0.111,-0.147,-0.147
-0.152,-0.111,-0.15,-0.15
-0.154,-0.111,-0.152,-0.152
-0.156,-0.111,-0.153,-0.153
-0.157,-0.11,-0.155,-0.155
-0.158,-0.109,-0.156,-0.156
-0.158,-0.108,-0.157,-0.157
-0.158,-0.106,-0.158,-0.158
-0.157,-0.105,-0.158,-0.158
-0.156,-0.103,-0.158,-0.158
-0.155,-0.1,-0.158,-0.158
-0.152,-0.098,-0.157,-0.157
-0.15,-0.096,-0.155,-0.155
-0.147,-0.093,-0.153,-0.153
-0.143,-0.09,-0.151,-0.151
-0.139,-0.088,-0.148,-0.148
-0.135,-0.085,-0.145,-0.145
-0.13,-0.082,-0.141,-0.141
-0.125,-0.08,-0.137,-0.137
-0.12,-0.077,-0.133,-0.133
-0.115,-0.075,-0.128,-0.128
-0.109,-0.073,-0.123,-0.123
-0.104,-0.071,-0.118,-0.118
-0.098,-0.069,-0.113,-0.113
-0.093,-0.068,-0.107,-0.107
-0.088,-0.066,-0.102,-0.102
-0.083,-0.065,-0.096,-0.096
-0.078,-0.064,-0.09,-0.09
-0.073,-0.063,-0.085,-0.085
-0.069,-0.063,-0.079,-0.079
-0.065,-0.062,-0.074,-0.074
-0.061,-0.062,-0.069,-0.069
-0.058,-0.061,-0.064,-0.064
-0.055,-0.061,-0.06,-0.06
-0.053,-0.061,-0.056,-0.056
-0.051,-0.06,-0.052,-0.052
-0.049,-0.06,-0.048,-0.048
-0.048,-0.059,-0.045,-0.045
-0.047,-0.059,-0.042,-0.042
-0.046,-0.058,-0.04,-0.04
-0.046,-0.058,-0.037,-0.037
-0.046,-0.057,-0.036,-0.036
-0.047,-0.056,-0.034,-0.034
-0.047,-0.055,-0.033,-0.033
-0.048,-0.054,-0.033,-0.033
-0.049,-0.053,-0.032,-0.032
-0.05,-0.052,-0.032,-0.032
-0.051,-0.051,-0.033,-0.033
-0.053,-0.05,-0.033,-0.033
-0.054,-0.049,-0.034,-0.034
-0.056,-0.047,-0.034,-0.034
-0.057,-0.046,-0.035,-0.035
-0.059,-0.045,-0.036,-0.036
-0.06,-0.045,-0.038,-0.038
-0.062,-0.044,-0.039,-0.039
-0.063,-0.043,-0.04,-0.04
-0.065,-0.043,-0.042,-0.042
-0.066,-0.043,-0.043,-0.043
-0.068,-0.043,-0.044,-0.044
-0.069,-0.043,-0.046,-0.046
-0.07,-0.043,-0.047,-0.047
-0.071,-0.044,-0.048,-0.048
-0.072,-0.044,-0.049,-0.049
-0.073,-0.045,-0.05,-0.05
-0.074,-0.046,-0.052,-0.052
-0.075,-0.047,-0.053,-0.053
-0.075,-0.048,-0.054,-0.054
-0.076,-0.049,-0.054,-0.054
-0.076,-0.051,-0.055,-0.055
-0.076,-0.052,-0.056,-0.056
-0.076,-0.053,-0.057,-0.057
-0.076,-0.054,-0.057,-0.057
-0.076,-0.055,-0.058,-0.058
-0.076,-0.056,-0.058,-0.058
-0.075,-0.057,-0.059,-0.059
-0.075,-0.058,-0.059,-0.059
-0.074,-0.059,-0.059,-0.059
-0.074,-0.059,-0.059,-0.059
-0.073,-0.059,-0.059,-0.059
-0.072,-0.059,-0.059,-0.059
-0.072,-0.059,-0.058,-0.058
-0.071,-0.059,-0.058,-0.058
-0.07,-0.058,-0.058,-0.058
-0.069,-0.057,-0.057,-0.057
-0.069,-0.056,-0.056,-0.056
-0.068,-0.055,-0.055,-0.055
-0.067,-0.054,-0.054,-0.054
-0.067,-0.053,-0.053,-0.053
-0.066,-0.052,-0.051,-0.051
-0.065,-0.05,-0.05,-0.05
-0.065,-0.049,-0.048,-0.048
-0.064,-0.048,-0.046,-0.046
-0.064,-0.047,-0.044,-0.044
-0.064,-0.046,-0.042,-0.042
-0.063,-0.045,-0.04,-0.04
-0.063,-0.044,-0.038,-0.038
-0.063,-0.043,-0.035,-0.035
-0.062,-0.043,-0.033,-0.033
-0.062,-0.043,-0.031,-0.031
-0.062,-0.043,-0.029,-0.029
-0.062,-0.043,-0.026,-0.026
-0.061,-0.044,-0.024,-0.024
-0.061,-0.044,-0.022,-0.022
-0.06,-0.045,-0.02,-0.02
-0.06,-0.046,-0.018,-0.018
-0.059,-0.048,-0.016,-0.016
-0.059,-0.049,-0.015,-0.015
-0.058,-0.05,-0.013,-0.013
-0.058,-0.052,-0.012,-0.012
-0.057,-0.053,-0.011,-0.011
-0.056,-0.055,-0.01,-0.01
-0.056,-0.056,-0.009,-0.009
-0.055,-0.058,-0.009,-0.009
-0.054,-0.059,-0.009,-0.009
-0.054,-0.06,-0.009,-0.009
-0.053,-0.061,-0.009,-0.009
-0.052,-0.062,-0.01,-0.01
-0.052,-0.062,-0.011,-0.011
-0.052,-0.063,-0.012,-0.012
-0.051,-0.063,-0.013,-0.013
-0.051,-0.064,-0.015,-0.015
-0.051,-0.064,-0.017,-0.017
-0.051,-0.064,-0.019,-0.019
-0.051,-0.064,-0.021,-0.021
-0.052,-0.063,-0.023,-0.023
-0.052,-0.063,-0.025,-0.025
-0.053,-0.063,-0.028,-0.028
-0.053,-0.063,-0.03,-0.03
-0.054,-0.063,-0.033,-0.033
-0.055,-0.063,-0.035,-0.035
-0.056,-0.063,-0.038,-0.038
-0.057,-0.063,-0.04,-0.04
-0.059,-0.063,-0.042,-0.042
-0.06,-0.063,-0.044,-0.044
-0.061,-0.063,-0.046,-0.046
-0.062,-0.064,-0.048,-0.048
-0.063,-0.065,-0.05,-0.05
-0.065,-0.065,-0.051,-0.051
-0.066,-0.066,-0.052,-0.052
-0.066,-0.067,-0.053,-0.053
-0.067,-0.068,-0.054,-0.054
-0.068,-0.068,-0.055,-0.055
-0.068,-0.069,-0.055,-0.055
-0.068,-0.07,-0.055,-0.055
-0.068,-0.071,-0.055,-0.055
-0.067,-0.071,-0.055,-0.055
-0.067,-0.072,-0.054,-0.054
-0.065,-0.072,-0.053,-0.053
-0.064,-0.072,-0.052,-0.052
-0.062,-0.072,-0.051,-0.051
-0.06,-0.071,-0.05,-0.05
-0.058,-0.071,-0.048,-0.048
-0.056,-0.07,-0.047,-0.047
-0.053,-0.069,-0.045,-0.045
-0.05,-0.068,-0.043,-0.043
-0.047,-0.066,-0.041,-0.041
-0.044,-0.065,-0.039,-0.039
-0.041,-0.063,-0.037,-0.037
-0.037,-0.061,-0.035,-0.035
-0.034,-0.06,-0.033,-0.033
-0.031,-0.058,-0.032,-0.032
-0.028,-0.055,-0.03,-0.03
-0.025,-0.053,-0.028,-0.028
-0.022,-0.051,-0.026,-0.026
-0.019,-0.049,-0.024,-0.024
-0.017,-0.047,-0.023,-0.023
-0.015,-0.045,-0.022,-0.022
-0.013,-0.044,-0.021,-0.021
-0.012,-0.042,-0.02,-0.02
-0.011,-0.041,-0.019,-0.019
-0.01,-0.039,-0.018,-0.018
-0.01,-0.038,-0.018,-0.018
-0.01,-0.037,-0.018,-0.018
-0.01,-0.037,-0.018,-0.018
-0.011,-0.036,-0.018,-0.018
-0.012,-0.036,-0.018,-0.018
-0.014,-0.036,-0.019,-0.019
-0.015,-0.036,-0.019,-0.019
-0.017,-0.037,-0.02,-0.02
-0.019,-0.037,-0.021,-0.021
-0.021,-0.038,-0.022,-0.022
-0.023,-0.039,-0.023,-0.023
-0.026,-0.04,-0.024,-0.024
-0.028,-0.042,-0.025,-0.025
-0.03,-0.043,-0.026,-0.026
-0.032,-0.044,-0.028,-0.028
-0.034,-0.045,-0.029,-0.029
-0.036,-0.046,-0.03,-0.03
-0.038,-0.047,-0.031,-0.031
-0.039,-0.048,-0.033,-0.033
-0.04,-0.049,-0.034,-0.034
-0.041,-0.049,-0.035,-0.035
-0.042,-0.05,-0.036,-0.036
-0.043,-0.049,-0.038,-0.038
-0.043,-0.049,-0.039,-0.039
-0.043,-0.048,-0.04,-0.04
-0.042,-0.047,-0.041,-0.041
-0.042,-0.046,-0.042,-0.042
-0.041,-0.044,-0.042,-0.042
-0.04,-0.042,-0.043,-0.043
-0.039,-0.04,-0.044,-0.044
-0.038,-0.037,-0.044,-0.044
-0.037,-0.035,-0.044,-0.044
-0.035,-0.032,-0.045,-0.045
-0.034,-0.029,-0.044,-0.044
-0.032,-0.026,-0.044,-0.044
-0.031,-0.023,-0.044,-0.044
-0.029,-0.02,-0.043,-0.043
-0.028,-0.017,-0.043,-0.043
-0.026,-0.014,-0.042,-0.042
-0.025,-0.011,-0.041,-0.041
-0.024,-0.009,-0.039,-0.039
-0.023,-0.006,-0.038,-0.038
-0.022,-0.004,-0.037,-0.037
-0.022,-0.002,-0.035,-0.035
-0.021,-0.001,-0.033,-0.033
-0.021,0,-0.031,-0.031
-0.021,0.001,-0.029,-0.029
-0.022,0.001,-0.027,-0.027
-0.022,0.002,-0.025,-0.025
-0.023,0.001,-0.023,-0.023
-0.024,0.001,-0.021,-0.021
-0.025,0,-0.02,-0.02
-0.026,-0.001,-0.018,-0.018
-0.027,-0.002,-0.016,-0.016
-0.028,-0.003,-0.014,-0.014
-0.03,-0.005,-0.013,-0.013
-0.031,-0.006,-0.012,-0.012
-0.032,-0.008,-0.01,-0.01
-0.034,-0.009,-0.009,-0.009
-0.035,-0.011,-0.009,-0.009
-0.036,-0.013,-0.008,-0.008
-0.037,-0.014,-0.007,-0.007
-0.038,-0.015,-0.007,-0.007
-0.039,-0.017,-0.007,-0.007
-0.039,-0.018,-0.007,-0.007
-0.04,-0.019,-0.007,-0.007
-0.04,-0.02,-0.007,-0.007
-0.04,-0.02,-0.007,-0.007
-0.039,-0.021,-0.007,-0.007
-0.039,-0.021,-0.008,-0.008
-0.038,-0.021,-0.008,-0.008
-0.037,-0.021,-0.009,-0.009
-0.036,-0.021,-0.01,-0.01
-0.035,-0.021,-0.011,-0.011
-0.034,-0.02,-0.011,-0.011
-0.032,-0.02,-0.012,-0.012
-0.031,-0.019,-0.013,-0.013
-0.03,-0.018,-0.014,-0.014
-0.028,-0.018,-0.014,-0.014
-0.027,-0.017,-0.015,-0.015
-0.025,-0.016,-0.016,-0.016
-0.024,-0.016,-0.017,-0.017
-0.023,-0.015,-0.018,-0.018
-0.022,-0.014,-0.018,-0.018
-0.021,-0.014,-0.019,-0.019
-0.02,-0.013,-0.02,-0.02
-0.019,-0.013,-0.02,-0.02
-0.018,-0.012,-0.021,-0.021
-0.018,-0.012,-0.022,-0.022
-0.018,-0.012,-0.022,-0.022
-0.018,-0.012,-0.023,-0.023
-0.017,-0.011,-0.023,-0.023
-0.017,-0.011,-0.024,-0.024
-0.018,-0.011,-0.024,-0.024
-0.018,-0.011,-0.024,-0.024
-0.018,-0.01,-0.025,-0.025
-0.018,-0.01,-0.025,-0.025
-0.018,-0.01,-0.025,-0.025
-0.018,-0.01,-0.025,-0.025
-0.018,-0.009,-0.026,-0.026
-0.018,-0.009,-0.026,-0.026
-0.018,-0.009,-0.026,-0.026
-0.017,-0.008,-0.026,-0.026
-0.017,-0.008,-0.026,-0.026
-0.016,-0.008,-0.025,-0.025
-0.015,-0.007,-0.025,-0.025
-0.014,-0.007,-0.025,-0.025
-0.013,-0.006,-0.025,-0.025
-0.012,-0.006,-0.024,-0.024
-0.01,-0.005,-0.024,-0.024
-0.009,-0.005,-0.023,-0.023
-0.007,-0.004,-0.022,-0.022
-0.005,-0.004,-0.022,-0.022
-0.004,-0.003,-0.021,-0.021
-0.002,-0.003,-0.02,-0.02
0,-0.003,-0.019,-0.019
0.002,-0.002,-0.018,-0.018
0.005,-0.002,-0.017,-0.017
0.007,-0.002,-0.015,-0.015
0.009,-0.002,-0.014,-0.014
0.01,-0.002,-0.013,-0.013
0.012,-0.002,-0.011,-0.011
0.014,-0.002,-0.01,-0.01
0.016,-0.001,-0.009,-0.009
0.017,-0.001,-0.007,-0.007
0.018,-0.001,-0.006,-0.006
0.019,-0.001,-0.005,-0.005
0.02,-0.001,-0.004,-0.004
0.021,-0.001,-0.003,-0.003
0.022,0,-0.002,-0.002
0.022,0,-0.001,-0.001
0.022,0.001,0,0
0.022,0.002,0.001,0.001
0.022,0.003,0.001,0.001
0.022,0.004,0.002,0.002
0.021,0.006,0.002,0.002
0.021,0.007,0.003,0.003
0.02,0.009,0.003,0.003
0.019,0.011,0.003,0.003
0.018,0.013,0.003,0.003
0.018,0.016,0.003,0.003
0.017,0.018,0.004,0.004
0.016,0.021,0.004,0.004
0.015,0.023,0.004,0.004
0.015,0.026,0.004,0.004
0.014,0.029,0.005,0.005
0.014,0.031,0.005,0.005
0.013,0.034,0.006,0.006
0.013,0.036,0.006,0.006
0.013,0.039,0.007,0.007
0.013,0.041,0.008,0.008
0.013,0.043,0.009,0.009
0.014,0.045,0.01,0.01
0.014,0.046,0.011,0.011
0.015,0.047,0.012,0.012
0.015,0.048,0.014,0.014
0.016,0.049,0.015,0.015
0.017,0.05,0.016,0.016
0.018,0.05,0.018,0.018
0.02,0.05,0.019,0.019
0.021,0.05,0.021,0.021
0.022,0.049,0.022,0.022
0.024,0.049,0.023,0.023
0.025,0.048,0.025,0.025
0.026,0.047,0.026,0.026
0.028,0.047,0.027,0.027
0.029,0.046,0.028,0.028
0.031,0.045,0.029,0.029
0.032,0.044,0.03,0.03
0.033,0.043,0.031,0.031
0.035,0.042,0.032,0.032
0.036,0.042,0.032,0.032
0.037,0.041,0.033,0.033
0.038,0.041,0.033,0.033
0.039,0.041,0.034,0.034
0.04,0.041,0.034,0.034
0.041,0.041,0.035,0.035
0.042,0.041,0.035,0.035
0.043,0.042,0.035,0.035
0.044,0.042,0.035,0.035
0.044,0.043,0.035,0.035
0.045,0.044,0.036,0.036
0.045,0.045,0.036,0.036
0.046,0.046,0.036,0.036
0.046,0.047,0.036,0.036
0.046,0.049,0.036,0.036
0.046,0.05,0.036,0.036
0.047,0.051,0.036,0.036
0.047,0.052,0.036,0.036
0.047,0.053,0.036,0.036
0.047,0.055,0.036,0.036
0.047,0.056,0.036,0.036
0.047,0.056,0.036,0.036
0.047,0.057,0.036,0.036
0.047,0.058,0.036,0.036
0.048,0.058,0.036,0.036
0.048,0.059,0.036,0.036
0.048,0.059,0.036,0.036
0.049,0.059,0.036,0.036
0.049,0.059,0.036,0.036
0.049,0.059,0.037,0.037
0.05,0.059,0.037,0.037
0.051,0.059,0.037,0.037
0.052,0.059,0.038,0.038
0.052,0.058,0.038,0.038
0.053,0.058,0.038,0.038
0.054,0.058,0.039,0.039
0.055,0.057,0.039,0.039
0.056,0.057,0.04,0.04
0.058,0.057,0.04,0.04
0.059,0.057,0.041,0.041
0.06,0.057,0.042,0.042
0.061,0.057,0.042,0.042
0.063,0.058,0.043,0.043
0.064,0.058,0.044,0.044
0.065,0.059,0.045,0.045
0.067,0.059,0.046,0.046
0.068,0.06,0.047,0.047
0.069,0.061,0.048,0.048
0.071,0.063,0.049,0.049
0.072,0.064,0.05,0.05
0.073,0.065,0.052,0.052
0.075,0.066,0.053,0.053
0.076,0.068,0.055,0.055
0.078,0.069,0.056,0.056
0.079,0.07,0.058,0.058
0.08,0.072,0.06,0.06
0.082,0.073,0.061,0.061
0.083,0.074,0.063,0.063
0.084,0.075,0.065,0.065
0.085,0.076,0.067,0.067
0.087,0.076,0.069,0.069
0.088,0.077,0.071,0.071
0.089,0.078,0.073,0.073
0.09,0.078,0.076,0.076
0.091,0.079,0.078,0.078
0.092,0.079,0.08,0.08
0.093,0.079,0.082,0.082
0.094,0.079,0.084,0.084
0.094,0.08,0.086,0.086
0.095,0.08,0.088,0.088
0.095,0.08,0.09,0.09
0.096,0.081,0.092,0.092
0.096,0.081,0.093,0.093
0.096,0.082,0.095,0.095
0.096,0.082,0.096,0.096
0.097,0.083,0.097,0.097
0.097,0.084,0.099,0.099
0.096,0.085,0.1,0.1
0.096,0.086,0.101,0.101
0.096,0.087,0.101,0.101
0.096,0.088,0.102,0.102
0.096,0.09,0.103,0.103
0.095,0.091,0.103,0.103
0.095,0.093,0.103,0.103
0.095,0.094,0.104,0.104
0.095,0.096,0.104,0.104
0.095,0.097,0.104,0.104
0.095,0.099,0.104,0.104
0.095,0.1,0.104,0.104
0.095,0.102,0.105,0.105
0.095,0.103,0.105,0.105
0.095,0.104,0.105,0.105
0.096,0.106,0.105,0.105
0.096,0.107,0.105,0.105
0.097,0.108,0.105,0.105
0.097,0.109,0.105,0.105
0.098,0.11,0.105,0.105
0.098,0.11,0.105,0.105
0.099,0.111,0.105,0.105
0.099,0.112,0.106,0.106
0.1,0.112,0.106,0.106
0.101,0.113,0.106,0.106
0.101,0.113,0.106,0.106
0.102,0.114,0.107,0.107
0.102,0.114,0.107,0.107
0.102,0.114,0.107,0.107
0.103,0.115,0.107,0.107
0.103,0.115,0.108,0.108
0.104,0.115,0.108,0.108
0.104,0.115,0.108,0.108
0.104,0.115,0.108,0.108
0.105,0.115,0.108,0.108
0.105,0.115,0.108,0.108
0.105,0.115,0.108,0.108
0.106,0.115,0.108,0.108
0.106,0.115,0.108,0.108
0.107,0.114,0.108,0.108
0.108,0.114,0.108,0.108
0.108,0.114,0.107,0.107
0.109,0.114,0.107,0.107
0.11,0.114,0.106,0.106
0.111,0.113,0.106,0.106
0.112,0.113,0.105,0.105
0.114,0.113,0.105,0.105
0.115,0.113,0.104,0.104
0.116,0.113,0.104,0.104
0.117,0.113,0.103,0.103
0.119,0.113,0.103,0.103
0.12,0.113,0.102,0.102
0.121,0.113,0.102,0.102
0.122,0.113,0.102,0.102
0.123,0.114,0.102,0.102
0.124,0.114,0.102,0.102
0.124,0.114,0.103,0.103
0.125,0.115,0.103,0.103
0.125,0.115,0.104,0.104
0.125,0.115,0.105,0.105
0.125,0.116,0.107,0.107
0.125,0.116,0.108,0.108
0.124,0.117,0.11,0.11
0.124,0.118,0.112,0.112
0.123,0.118,0.114,0.114
0.122,0.118,0.117,0.117
0.12,0.119,0.119,0.119
0.119,0.119,0.122,0.122
0.117,0.12,0.125,0.125
0.115,0.12,0.127,0.127
0.113,0.12,0.13,0.13
0.111,0.12,0.133,0.133
0.109,0.12,0.136,0.136
0.107,0.12,0.138,0.138
0.104,0.12,0.141,0.141
0.102,0.12,0.143,0.143
0.099,0.12,0.146,0.146
0.097,0.12,0.147,0.147
0.094,0.12,0.149,0.149
0.092,0.119,0.151,0.151
0.089,0.119,0.152,0.152
0.087,0.119,0.153,0.153
0.084,0.119,0.154,0.154
0.082,0.119,0.154,0.154
0.079,0.119,0.154,0.154
0.077,0.119,0.154,0.154
0.075,0.119,0.154,0.154
0.073,0.119,0.153,0.153
0.07,0.119,0.152,0.152
0.069,0.119,0.151,0.151
0.067,0.119,0.15,0.15
0.065,0.119,0.148,0.148
0.063,0.12,0.147,0.147
0.062,0.12,0.145,0.145
0.061,0.12,0.143,0.143
0.059,0.121,0.141,0.141
0.058,0.121,0.14,0.14
0.057,0.121,0.138,0.138
0.056,0.121,0.136,0.136
0.055,0.121,0.134,0.134
0.054,0.121,0.132,0.132
0.054,0.121,0.13,0.13
0.053,0.121,0.129,0.129
0.052,0.12,0.127,0.127
0.052,0.12,0.126,0.126
0.051,0.119,0.125,0.125
0.051,0.118,0.124,0.124
0.05,0.117,0.123,0.123
0.05,0.115,0.122,0.122
0.049,0.114,0.122,0.122
0.049,0.112,0.122,0.122
0.048,0.11,0.122,0.122
0.048,0.108,0.123,0.123
0.048,0.106,0.123,0.123
0.047,0.104,0.124,0.124
0.047,0.101,0.125,0.125
0.046,0.099,0.126,0.126
0.046,0.096,0.127,0.127
0.045,0.094,0.128,0.128
0.045,0.091,0.13,0.13
0.044,0.089,0.131,0.131
0.044,0.086,0.132,0.132
0.043,0.084,0.134,0.134
0.042,0.082,0.135,0.135
0.042,0.079,0.136,0.136
0.041,0.077,0.137,0.137
0.04,0.075,0.137,0.137
0.04,0.073,0.138,0.138
0.039,0.071,0.138,0.138
0.038,0.07,0.138,0.138
0.037,0.068,0.138,0.138
0.036,0.067,0.137,0.137
0.035,0.065,0.136,0.136
0.034,0.064,0.135,0.135
0.033,0.063,0.134,0.134
0.032,0.062,0.132,0.132
0.031,0.062,0.13,0.13
0.029,0.061,0.128,0.128
0.028,0.061,0.125,0.125
0.026,0.06,0.122,0.122
0.025,0.06,0.119,0.119
0.023,0.059,0.116,0.116
0.022,0.059,0.113,0.113
0.02,0.059,0.11,0.11
0.018,0.058,0.106,0.106
0.016,0.058,0.103,0.103
0.015,0.058,0.1,0.1
0.013,0.057,0.096,0.096
0.011,0.056,0.093,0.093
0.01,0.056,0.089,0.089
0.008,0.055,0.086,0.086
0.007,0.053,0.083,0.083
0.005,0.052,0.08,0.08
0.004,0.051,0.077,0.077
0.003,0.049,0.074,0.074
0.001,0.047,0.072,0.072
0,0.045,0.069,0.069
0,0.043,0.067,0.067
-0.001,0.041,0.065,0.065
-0.002,0.038,0.063,0.063
-0.002,0.036,0.062,0.062
-0.003,0.033,0.06,0.06
-0.003,0.031,0.059,0.059
-0.004,0.028,0.058,0.058
-0.004,0.026,0.057,0.057
-0.004,0.024,0.057,0.057
-0.004,0.022,0.057,0.057
-0.004,0.02,0.056,0.056
-0.004,0.018,0.057,0.057
-0.004,0.017,0.057,0.057
-0.004,0.016,0.057,0.057
-0.003,0.015,0.057,0.057
-0.003,0.014,0.058,0.058
-0.003,0.013,0.059,0.059
-0.003,0.013,0.059,0.059
-0.003,0.013,0.06,0.06
-0.002,0.013,0.06,0.06
-0.002,0.013,0.061,0.061
-0.002,0.014,0.061,0.061
-0.002,0.014,0.062,0.062
-0.002,0.015,0.062,0.062
-0.002,0.016,0.062,0.062
-0.002,0.016,0.062,0.062
-0.002,0.017,0.062,0.062
-0.002,0.017,0.061,0.061
-0.002,0.018,0.061,0.061
-0.002,0.018,0.06,0.06
-0.002,0.018,0.059,0.059
-0.002,0.018,0.058,0.058
-0.002,0.018,0.057,0.057
-0.003,0.017,0.055,0.055
-0.003,0.017,0.054,0.054
-0.003,0.016,0.052,0.052
-0.003,0.015,0.051,0.051
-0.004,0.014,0.049,0.049
-0.004,0.013,0.047,0.047
-0.004,0.012,0.045,0.045
-0.005,0.01,0.044,0.044
-0.005,0.009,0.042,0.042
-0.006,0.007,0.04,0.04
-0.006,0.006,0.038,0.038
-0.007,0.005,0.037,0.037
-0.007,0.004,0.035,0.035
-0.008,0.002,0.034,0.034
-0.009,0.002,0.032,0.032
-0.01,0.001,0.031,0.031
-0.011,0,0.029,0.029
-0.012,0,0.028,0.028
-0.013,0,0.027,0.027
-0.014,0,0.026,0.026
-0.015,0,0.025,0.025
-0.017,0.001,0.024,0.024
-0.018,0.001,0.023,0.023
-0.02,0.002,0.022,0.022
-0.021,0.003,0.021,0.021
-0.023,0.004,0.021,0.021
-0.024,0.006,0.02,0.02
-0.026,0.007,0.019,0.019
-0.027,0.008,0.019,0.019
-0.029,0.009,0.018,0.018
-0.03,0.01,0.017,0.017
-0.031,0.011,0.017,0.017
-0.033,0.012,0.016,0.016
-0.033,0,0.016,0.016
-0.034,0,0.015,0.015
0,0,0.015,0.015
0,0,0.015,0.015
0,0,0.014,0.014
0,0,0.014,0.014
0,0,0.014,0.014
0,0,0.014,0.014
0,0,0.014,0.014
0,0,0.014,0.014
0,0,0.014,0.014
0,0,0.014,0.014
0,0,0.015,0.015
0,0,0,0
0,0,0,0
0,0,0,0
0,0,0,0
0,0,0,0
0,0,0,0
0,0,0,0
0,0,0,0
0,0,0,0
0,0,0,0
0,0,0,0
0,0,0,0
0,0,0,0
0,0,0,0
0,0,0,0
0,0,0,0
0,0,0,0
0,0,0,0
0,0,0,0
0,0,0,0
0,0,0,0
0,0,0,0
0,0,0,0
0,0,0,0
0,0,0,0
0,0,0,0
0,0,0,0
0,0,0,0
0,0,0,0
0,0,0,0
0,0,0,0
0,0,0,0
0,0,0,0
0,0,0,0
0,0,0,0
0,0,0,0
0,0,0,0
0,0,0,0
0,0,0,0
0,0,0,0
0,0,0,0
0,0,0,0
0,0,0,0
0,0,0,0
0,0,0,0
0,0,0,0
0,0,0,0
0,0,0,0
0,0,0,0
0,0,0,0
0,0,0,0
0,0,0,0
0,0,0,0
0,0,0,0
0,0,0,0
0,0,0,0
0,0,0,0
0,0,0,0
0,0,0,0
0,0,0,0
0,0,0,0
0,0,0,0
0,0,0,0
0,0,0,0
0,0,0,0
0,0,0,0
0,0,0,0
0,0,0,0
0,0,0,0
0,0,0,0
0,0,0,0
0,0,0,0
0,0,0,0
0,0,0,0
0,0,0,0
0,0,0,0
0,0,0,0
0,0,0,0
0,0,0,0
0,0,0,0
0,0,0,0
0,0,0,0
0,0,0,0
0,0,0,0
0,0,0,0
0,0,0,0
0,0,0,0
0,0,0,0
0,0,0,0
0,0,0,0
0,0,0,0
0,0,0,0
0,0,0,0
0,0,0,0
0,0,0,0
0,0,0,0
0,0,0,0
0,0,0,0
0,0,0,0
0,0,0,0
0,0,0,0
0,0,0,0
0,0,0,0
0,0,0,0
0,0,0,0
0,0,0,0
0,0,0,0
0,0,0,0
0,0,0,0
0,0,0,0
0,0,0,0
0,0,0,0
0,0,0,0
0,0,0,0
0,0,0,0
0,0,0,0
0,0,0,0
0,0,0,0
0,0,0,0
0,0,0,0
0,0,0,0
0,0,0,0
0,0,0,0
0,0,0,0
0,0,0,0
0,0,0,0
0,0,0,0
0,0,0,0
0,0,0,0
0,0,0,0
0,0,0,0
0,0,0,0
0,0,0,0
0,0,0,0
0,0,0,0
0,0,0,0
0,0,0,0
0,0,0,0
0,0,0,0
0,0,0,0
0,0,0,0
0,0,0,0
0,0,0,0
0,0,0,0
0,0,0,0
0,0,0,0
0,0,0,0
0,0,0,0
0,0,0,0
0,0,0,0
0,0,0,0
0,0,0,0
0,0,0,0
0,0,0,0
0,0,0,0
0,0,0,0
0,0,0,0
0,0,0,0
0,0,0,0
0,0,0,0
0,0,0,0
0,0,0,0
0,0,0,0
0,0,0,0
0,0,0,0
0,0,0,0
0,0,0,0
0,0,0,0
0,0,0,0
0,0,0,0
0,0,0,0
0,0,0,0
0,0,0,0
0,0,0,0
0,0,0,0
0,0,0,0
0,0,0,0
0,0,0,0
0,0,0,0
0,0,0,0
0,0,0,0
0,0,0,0
0,0,0,0
0,0,0,0
0,0,0,0
0,0,0,0
0,0,0,0
0,0,0,0
0,0,0,0
0,0,0,0
0,0,0,0
0,0,0,0
0,0,0,0
0,0,0,0
0,0,0,0
0,0,0,0
0,0,0,0
0,0,0,0
0,0,0,0
0,0,0,0
0,0,0,0
0,0,0,0
0,0,0,0
0,0,0,0
0,0,0,0
0,0,0,0
0,0,0,0
0,0,0,0
0,0,0,0
0,0,0,0
0,0,0,0
0,0,0,0
0,0,0,0
0,0,0,0
0,0,0,0
0,0,0,0
0,0,0,0
0,0,0,0
0,0,0,0
0,0,0,0
0,0,0,0
0,0,0,0
0,0,0,0
0,0,0,0
0,0,0,0
0,0,0,0
0,0,0,0
0,0,0,0
0,0,0,0
0,0,0,0
0,0,0,0
0,0,0,0
0,0,0,0
0,0,0,0
0,0,0,0
0,0,0,0
0,0,0,0
0,0,0,0
0,0,0,0
0,0,0,0
0,0,0,0
0,0,0,0
0,0,0,0
0,0,0,0
0,0,0,0
0,0,0,0
0,0,0,0
0,0,0,0
0,0,0,0
0,0,0,0
0,0,0,0
0,0,0,0
0,0,0,0
0,0,0,0
0,0,0,0
0,0,0,0
0,0,0,0
0,0,0,0
0,0,0,0
0,0,0,0
0,0,0,0
0,0,0,0
0,0,0,0
0,0,0,0
0,0,0,0
0,0,0,0
0,0,0,0
0,0,0,0
0,0,0,0
0,0,0,0
0,0,0,0
0,0,0,0
0,0,0,0
0,0,0,0
0,0,0,0
0,0,0,0
0,0,0,0
0,0,0,0
0,0,0,0
0,0,0,0
0,0,0,0
0,0,0,0
0,0,0,0
0,0,0,0
0,0,0,0
0,0,0,0
0,0,0,0
0,0,0,0
0,0,0,0
0,0,0,0
0,0,0,0
