-0.029,-0.076,-0.006,-0.046
-0.028,-0.075,-0.005,-0.045
-0.028,-0.075,-0.004,-0.044
-0.028,-0.074,-0.004,-0.044
-0.028,-0.073,-0.003,-0.043
-0.028,-0.072,-0.002,-0.042
-0.028,-0.07,-0.001,-0.042
-0.028,-0.069,0,-0.041
-0.028,-0.068,0,-0.041
-0.028,-0.067,0.001,-0.04
-0.028,-0.066,0.002,-0.04
-0.029,-0.066,0.003,-0.04
-0.029,-0.065,0.003,-0.039
-0.029,-0.064,0.004,-0.039
-0.029,-0.064,0.005,-0.039
-0.03,-0.063,0.005,-0.039
-0.03,-0.063,0.006,-0.039
-0.03,-0.063,0.006,-0.04
-0.03,-0.063,0.007,-0.04
-0.031,-0.063,0.007,-0.04
-0.031,-0.063,0.008,-0.04
-0.031,-0.063,0.008,-0.041
-0.03,-0.063,0.008,-0.041
-0.03,-0.064,0.009,-0.041
-0.03,-0.064,0.009,-0.041
-0.03,-0.065,0.009,-0.041
-0.03,-0.066,0.009,-0.041
-0.029,-0.066,0.01,-0.042
-0.029,-0.067,0.01,-0.042
-0.028,-0.068,0.01,-0.041
-0.028,-0.068,0.011,-0.041
-0.027,-0.069,0.011,-0.041
-0.027,-0.069,0.012,-0.041
-0.026,-0.07,0.012,-0.04
-0.026,-0.07,0.013,-0.04
-0.025,-0.071,0.014,-0.039
-0.025,-0.071,0.015,-0.039
-0.025,-0.071,0.015,-0.038
-0.024,-0.071,0.016,-0.037
-0.024,-0.071,0.018,-0.037
-0.024,-0.071,0.019,-0.036
-0.024,-0.071,0.02,-0.035
-0.024,-0.07,0.021,-0.035
-0.024,-0.07,0.023,-0.034
-0.024,-0.069,0.024,-0.033
-0.024,-0.069,0.026,-0.033
-0.024,-0.068,0.027,-0.032
-0.024,-0.067,0.028,-0.032
-0.025,-0.066,0.03,-0.032
-0.025,-0.065,0.031,-0.031
-0.025,-0.064,0.033,-0.031
-0.025,-0.063,0.034,-0.031
-0.026,-0.062,0.035,-0.031
-0.026,-0.061,0.036,-0.031
-0.026,-0.06,0.038,-0.031
-0.026,-0.059,0.038,-0.031
-0.026,-0.058,0.039,-0.032
-0.026,-0.057,0.04,-0.032
-0.026,-0.056,0.04,-0.032
-0.026,-0.055,0.04,-0.032
-0.026,-0.054,0.04,-0.032
-0.026,-0.053,0.04,-0.033
-0.025,-0.053,0.04,-0.033
-0.025,-0.052,0.039,-0.033
-0.025,-0.052,0.039,-0.033
-0.024,-0.051,0.038,-0.033
-0.023,-0.051,0.037,-0.033
-0.023,-0.05,0.035,-0.033
-0.022,-0.05,0.034,-0.032
-0.021,-0.05,0.032,-0.032
-0.02,-0.049,0.031,-0.031
-0.019,-0.049,0.029,-0.031
-0.019,-0.049,0.027,-0.03
-0.018,-0.048,0.026,-0.029
-0.017,-0.047,0.024,-0.028
-0.016,-0.047,0.022,-0.027
-0.015,-0.046,0.021,-0.026
-0.015,-0.045,0.019,-0.025
-0.014,-0.044,0.018,-0.024
-0.013,-0.043,0.017,-0.022
-0.013,-0.042,0.016,-0.021
-0.012,-0.041,0.015,-0.02
-0.011,-0.04,0.015,-0.018
-0.011,-0.039,0.015,-0.017
-0.011,-0.037,0.015,-0.015
-0.01,-0.036,0.015,-0.014
-0.01,-0.035,0.015,-0.013
-0.009,-0.033,0.016,-0.012
-0.009,-0.032,0.017,-0.01
-0.009,-0.03,0.018,-0.009
-0.008,-0.029,0.019,-0.008
-0.008,-0.027,0.021,-0.007
-0.007,-0.026,0.022,-0.006
-0.006,-0.025,0.024,-0.005
-0.006,-0.024,0.026,-0.004
-0.005,-0.022,0.028,-0.003
-0.004,-0.021,0.029,-0.003
-0.003,-0.02,0.031,-0.002
-0.002,-0.02,0.033,-0.001
-0.001,-0.019,0.035,-0.001
0.001,-0.018,0.036,0
0.002,-0.017,0.038,0
0.004,-0.017,0.039,0.001
0.005,-0.016,0.041,0.001
0.007,-0.016,0.042,0.002
0.009,-0.016,0.043,0.002
0.01,-0.015,0.044,0.002
0.012,-0.015,0.045,0.003
0.013,-0.015,0.046,0.003
0.015,-0.015,0.046,0.004
0.016,-0.015,0.047,0.004
0.018,-0.014,0.048,0.005
0.019,-0.014,0.048,0.005
0.02,-0.014,0.049,0.006
0.021,-0.014,0.05,0.006
0.022,-0.014,0.05,0.007
0.023,-0.013,0.051,0.007
0.023,-0.013,0.052,0.008
0.023,-0.013,0.053,0.008
0.024,-0.012,0.054,0.009
0.024,-0.012,0.055,0.009
0.024,-0.011,0.056,0.01
0.023,-0.01,0.057,0.011
0.023,-0.009,0.058,0.011
0.023,-0.008,0.06,0.012
0.022,-0.007,0.061,0.013
0.022,-0.006,0.062,0.013
0.022,-0.005,0.064,0.014
0.021,-0.004,0.066,0.014
0.021,-0.003,0.067,0.015
0.021,-0.001,0.069,0.015
0.02,0,0.07,0.016
0.02,0.002,0.072,0.016
0.02,0.003,0.073,0.017
0.02,0.004,0.075,0.017
0.02,0.006,0.076,0.018
0.021,0.007,0.078,0.018
0.021,0.008,0.079,0.018
0.022,0.009,0.08,0.019
0.022,0.01,0.081,0.019
0.023,0.011,0.082,0.019
0.024,0.012,0.083,0.019
0.025,0.013,0.084,0.019
0.026,0.014,0.084,0.019
0.027,0.014,0.085,0.019
0.028,0.015,0.085,0.019
0.03,0.015,0.085,0.019
0.031,0.015,0.086,0.019
0.032,0.016,0.086,0.019
0.034,0.016,0.086,0.019
0.035,0.016,0.086,0.02
0.036,0.016,0.086,0.02
0.037,0.016,0.085,0.02
0.039,0.015,0.085,0.02
0.04,0.015,0.085,0.02
0.041,0.015,0.085,0.02
0.042,0.015,0.085,0.021
0.043,0.015,0.085,0.021
0.044,0.015,0.085,0.021
0.045,0.015,0.085,0.022
0.046,0.015,0.086,0.022
0.047,0.015,0.086,0.023
0.048,0.015,0.087,0.023
0.048,0.016,0.088,0.024
0.049,0.016,0.088,0.024
0.05,0.016,0.089,0.025
0.05,0.017,0.09,0.026
0.051,0.017,0.092,0.026
0.051,0.018,0.093,0.027
0.051,0.018,0.094,0.027
0.052,0.019,0.095,0.028
0.052,0.02,0.097,0.028
0.052,0.02,0.098,0.029
0.052,0.021,0.1,0.03
0.053,0.021,0.101,0.03
0.053,0.022,0.102,0.03
0.053,0.022,0.103,0.031
0.053,0.023,0.104,0.031
0.052,0.023,0.104,0.032
0.052,0.023,0.105,0.032
0.052,0.024,0.105,0.032
0.052,0.024,0.105,0.032
0.052,0.024,0.105,0.033
0.051,0.023,0.105,0.033
0.051,0.023,0.104,0.033
0.051,0.023,0.103,0.033
0.05,0.022,0.102,0.033
0.05,0.022,0.101,0.033
0.05,0.021,0.099,0.033
0.049,0.021,0.098,0.033
0.049,0.02,0.096,0.033
0.048,0.019,0.095,0.033
0.048,0.019,0.093,0.033
0.048,0.018,0.091,0.033
0.047,0.017,0.089,0.033
0.047,0.016,0.087,0.033
0.047,0.016,0.086,0.033
0.046,0.015,0.084,0.033
0.046,0.015,0.083,0.033
0.046,0.014,0.081,0.033
0.046,0.014,0.08,0.033
0.046,0.013,0.079,0.033
0.046,0.013,0.079,0.033
0.046,0.013,0.078,0.033
0.046,0.013,0.078,0.033
0.047,0.013,0.078,0.032
0.047,0.013,0.078,0.032
0.047,0.013,0.079,0.032
0.048,0.014,0.079,0.032
0.048,0.014,0.08,0.031
0.048,0.014,0.081,0.031
0.049,0.015,0.082,0.031
0.049,0.015,0.083,0.03
0.049,0.016,0.084,0.029
0.049,0.016,0.085,0.029
0.049,0.017,0.086,0.028
0.049,0.017,0.088,0.027
0.049,0.017,0.089,0.026
0.049,0.017,0.09,0.026
0.048,0.018,0.091,0.025
0.048,0.018,0.092,0.024
0.047,0.018,0.092,0.022
0.046,0.017,0.093,0.021
0.045,0.017,0.093,0.02
0.044,0.017,0.093,0.019
0.043,0.016,0.093,0.018
0.042,0.015,0.092,0.017
0.041,0.015,0.092,0.015
0.039,0.014,0.091,0.014
0.038,0.013,0.09,0.013
0.037,0.012,0.088,0.012
0.035,0.011,0.087,0.01
0.034,0.009,0.085,0.009
0.033,0.008,0.083,0.008
0.032,0.007,0.081,0.007
0.03,0.006,0.079,0.006
0.029,0.004,0.077,0.005
0.029,0.003,0.074,0.004
0.028,0.002,0.072,0.003
0.027,0.001,0.07,0.002
0.027,0,0.067,0.001
0.026,-0.002,0.065,0.001
0.026,-0.003,0.063,0
0.026,-0.003,0.061,-0.001
0.026,-0.004,0.059,-0.001
0.026,-0.005,0.058,-0.002
0.026,-0.006,0.056,-0.002
0.026,-0.006,0.055,-0.003
0.026,-0.007,0.053,-0.004
0.026,-0.008,0.052,-0.004
0.026,-0.008,0.051,-0.005
0.026,-0.009,0.05,-0.005
0.027,-0.009,0.05,-0.006
0.027,-0.01,0.049,-0.007
0.027,-0.01,0.049,-0.007
0.026,-0.01,0.048,-0.008
0.026,-0.011,0.048,-0.009
0.026,-0.011,0.048,-0.01
0.025,-0.012,0.048,-0.011
0.025,-0.012,0.048,-0.012
0.024,-0.013,0.048,-0.013
0.023,-0.013,0.048,-0.014
0.022,-0.014,0.048,-0.015
0.021,-0.015,0.048,-0.017
0.02,-0.015,0.048,-0.018
0.019,-0.016,0.047,-0.019
0.017,-0.017,0.047,-0.021
0.016,-0.017,0.047,-0.022
0.015,-0.018,0.047,-0.024
0.013,-0.019,0.047,-0.025
0.012,-0.02,0.046,-0.027
0.011,-0.021,0.046,-0.029
0.009,-0.022,0.046,-0.03
0.008,-0.023,0.045,-0.032
0.007,-0.023,0.044,-0.033
0.006,-0.024,0.044,-0.035
0.006,-0.025,0.043,-0.036
0.005,-0.026,0.042,-0.038
0.005,-0.027,0.041,-0.039
0.004,-0.028,0.04,-0.04
0.004,-0.028,0.038,-0.042
0.004,-0.029,0.037,-0.043
0.004,-0.03,0.036,-0.044
0.004,-0.03,0.034,-0.045
0.005,-0.031,0.033,-0.046
0.005,-0.031,0.031,-0.046
0.005,-0.032,0.03,-0.047
0.006,-0.032,0.028,-0.048
0.006,-0.032,0.027,-0.048
0.007,-0.032,0.025,-0.049
0.007,-0.033,0.023,-0.049
0.008,-0.033,0.022,-0.049
0.008,-0.033,0.02,-0.05
0.008,-0.033,0.018,-0.05
0.008,-0.033,0.017,-0.05
0.008,-0.033,0.015,-0.05
0.008,-0.033,0.013,-0.051
0.008,-0.033,0.011,-0.051
0.007,-0.033,0.01,-0.051
0.006,-0.032,0.008,-0.051
0.005,-0.032,0.006,-0.052
0.004,-0.032,0.005,-0.052
0.003,-0.032,0.003,-0.052
0.002,-0.032,0.002,-0.053
0.001,-0.032,0,-0.053
-0.001,-0.032,-0.001,-0.054
-0.003,-0.032,-0.003,-0.054
-0.004,-0.032,-0.004,-0.054
-0.006,-0.032,-0.006,-0.055
-0.008,-0.032,-0.007,-0.055
-0.01,-0.032,-0.008,-0.056
-0.011,-0.032,-0.009,-0.056
-0.013,-0.032,-0.01,-0.056
-0.014,-0.032,-0.011,-0.057
-0.016,-0.032,-0.012,-0.057
-0.017,-0.032,-0.013,-0.057
-0.018,-0.032,-0.014,-0.057
-0.019,-0.032,-0.014,-0.057
-0.02,-0.032,-0.015,-0.057
-0.021,-0.032,-0.015,-0.057
-0.021,-0.032,-0.015,-0.058
-0.022,-0.032,-0.016,-0.058
-0.022,-0.032,-0.016,-0.058
-0.022,-0.032,-0.016,-0.058
-0.022,-0.031,-0.015,-0.058
-0.022,-0.031,-0.015,-0.059
-0.021,-0.031,-0.015,-0.059
-0.021,-0.03,-0.014,-0.06
-0.02,-0.03,-0.014,-0.06
-0.019,-0.029,-0.013,-0.061
-0.018,-0.029,-0.012,-0.062
-0.018,-0.028,-0.012,-0.063
-0.017,-0.028,-0.011,-0.064
-0.016,-0.027,-0.01,-0.065
-0.015,-0.027,-0.01,-0.066
-0.014,-0.026,-0.009,-0.067
-0.014,-0.026,-0.008,-0.068
-0.013,-0.025,-0.008,-0.07
-0.012,-0.025,-0.007,-0.071
-0.012,-0.024,-0.007,-0.072
-0.012,-0.024,-0.006,-0.073
-0.011,-0.024,-0.006,-0.074
-0.011,-0.024,-0.006,-0.075
-0.011,-0.024,-0.005,-0.076
-0.011,-0.024,-0.005,-0.077
-0.012,-0.024,-0.005,-0.078
-0.012,-0.024,-0.006,-0.079
-0.012,-0.024,-0.006,-0.079
-0.013,-0.025,-0.006,-0.079
-0.013,-0.025,-0.006,-0.079
-0.014,-0.026,-0.007,-0.079
-0.014,-0.027,-0.007,-0.079
-0.015,-0.027,-0.008,-0.079
-0.016,-0.028,-0.008,-0.079
-0.016,-0.029,-0.009,-0.078
-0.017,-0.03,-0.009,-0.077
-0.017,-0.031,-0.009,-0.077
-0.018,-0.031,-0.01,-0.076
-0.018,-0.032,-0.01,-0.075
-0.018,-0.033,-0.01,-0.074
-0.019,-0.034,-0.011,-0.073
-0.019,-0.035,-0.011,-0.072
-0.019,-0.035,-0.011,-0.072
-0.018,-0.036,-0.011,-0.071
-0.018,-0.036,-0.011,-0.07
-0.018,-0.037,-0.011,-0.069
-0.017,-0.037,-0.011,-0.068
-0.017,-0.037,-0.01,-0.068
-0.016,-0.037,-0.01,-0.067
-0.016,-0.037,-0.01,-0.067
-0.015,-0.036,-0.01,-0.066
-0.014,-0.036,-0.009,-0.066
-0.014,-0.036,-0.009,-0.066
-0.013,-0.035,-0.009,-0.066
-0.013,-0.034,-0.009,-0.066
-0.012,-0.034,-0.009,-0.066
-0.012,-0.033,-0.009,-0.066
-0.012,-0.032,-0.009,-0.066
-0.012,-0.031,-0.009,-0.066
-0.012,-0.031,-0.009,-0.066
-0.012,-0.03,-0.009,-0.066
-0.013,-0.029,-0.01,-0.066
-0.013,-0.028,-0.01,-0.067
-0.014,-0.028,-0.011,-0.067
-0.015,-0.027,-0.011,-0.067
-0.016,-0.026,-0.012,-0.067
-0.017,-0.026,-0.013,-0.067
-0.018,-0.026,-0.014,-0.067
-0.019,-0.025,-0.015,-0.068
-0.02,-0.025,-0.016,-0.068
-0.021,-0.025,-0.017,-0.068
-0.022,-0.025,-0.018,-0.068
-0.023,-0.025,-0.019,-0.067
-0.023,-0.025,-0.02,-0.067
-0.024,-0.026,-0.021,-0.067
-0.025,-0.026,-0.022,-0.067
-0.025,-0.026,-0.023,-0.067
-0.026,-0.027,-0.024,-0.066
-0.026,-0.027,-0.026,-0.066
-0.026,-0.028,-0.026,-0.065
-0.026,-0.028,-0.027,-0.065
-0.026,-0.028,-0.028,-0.064
-0.026,-0.029,-0.029,-0.064
-0.026,-0.029,-0.03,-0.063
-0.025,-0.029,-0.03,-0.063
-0.025,-0.029,-0.031,-0.062
-0.024,-0.03,-0.031,-0.061
-0.023,-0.029,-0.032,-0.061
-0.023,-0.029,-0.032,-0.06
-0.022,-0.029,-0.032,-0.059
-0.022,-0.029,-0.032,-0.058
-0.021,-0.028,-0.032,-0.058
-0.021,-0.028,-0.031,-0.057
-0.02,-0.027,-0.031,-0.056
-0.02,-0.026,-0.03,-0.056
-0.02,-0.025,-0.03,-0.055
-0.019,-0.024,-0.029,-0.054
-0.019,-0.023,-0.028,-0.053
-0.02,-0.022,-0.027,-0.053
-0.02,-0.021,-0.026,-0.052
-0.02,-0.02,-0.024,-0.052
-0.021,-0.019,-0.023,-0.051
-0.021,-0.018,-0.021,-0.051
-0.022,-0.017,-0.02,-0.051
-0.022,-0.016,-0.018,-0.051
-0.023,-0.015,-0.017,-0.051
-0.024,-0.014,-0.015,-0.051
-0.024,-0.013,-0.014,-0.051
-0.025,-0.012,-0.012,-0.051
-0.026,-0.011,-0.011,-0.051
-0.027,-0.011,-0.009,-0.051
-0.027,-0.01,-0.008,-0.051
-0.028,-0.01,-0.007,-0.052
-0.029,-0.009,-0.007,-0.052
-0.029,-0.009,-0.006,-0.052
-0.029,-0.009,-0.006,-0.053
-0.03,-0.008,-0.005,-0.053
-0.03,-0.008,-0.005,-0.053
-0.03,-0.008,-0.006,-0.053
-0.03,-0.009,-0.006,-0.054
-0.03,-0.009,-0.007,-0.054
-0.03,-0.009,-0.008,-0.054
-0.03,-0.009,-0.009,-0.054
-0.03,-0.009,-0.01,-0.054
-0.03,-0.01,-0.011,-0.054
-0.029,-0.01,-0.012,-0.053
-0.029,-0.01,-0.013,-0.053
-0.029,-0.01,-0.014,-0.052
-0.028,-0.011,-0.015,-0.052
-0.028,-0.011,-0.016,-0.051
-0.027,-0.011,-0.017,-0.05
-0.027,-0.011,-0.018,-0.049
-0.027,-0.012,-0.019,-0.049
-0.026,-0.012,-0.019,-0.048
-0.026,-0.012,-0.019,-0.047
-0.026,-0.012,-0.019,-0.045
-0.025,-0.012,-0.019,-0.044
-0.025,-0.012,-0.019,-0.043
-0.025,-0.012,-0.018,-0.042
-0.025,-0.012,-0.017,-0.041
-0.025,-0.012,-0.016,-0.04
-0.025,-0.013,-0.015,-0.039
-0.025,-0.013,-0.014,-0.039
-0.025,-0.013,-0.012,-0.038
-0.025,-0.013,-0.011,-0.037
-0.025,-0.013,-0.01,-0.036
-0.025,-0.013,-0.008,-0.036
-0.025,-0.013,-0.007,-0.035
-0.025,-0.014,-0.006,-0.035
-0.025,-0.014,-0.004,-0.035
-0.025,-0.014,-0.003,-0.034
-0.025,-0.014,-0.002,-0.034
-0.025,-0.014,-0.002,-0.034
-0.025,-0.014,-0.001,-0.034
-0.025,-0.014,-0.001,-0.034
-0.025,-0.014,0,-0.034
-0.025,-0.014,0,-0.034
-0.025,-0.014,0,-0.034
-0.025,-0.013,0,-0.034
-0.025,-0.013,-0.001,-0.034
-0.025,-0.013,-0.001,-0.034
-0.025,-0.012,-0.002,-0.034
-0.025,-0.012,-0.003,-0.034
-0.025,-0.011,-0.004,-0.034
-0.025,-0.01,-0.004,-0.033
-0.025,-0.01,-0.005,-0.033
-0.025,-0.009,-0.006,-0.032
-0.025,-0.008,-0.007,-0.032
-0.025,-0.007,-0.008,-0.031
-0.026,-0.007,-0.009,-0.03
-0.026,-0.006,-0.01,-0.029
-0.026,-0.005,-0.011,-0.028
-0.026,-0.004,-0.012,-0.027
-0.026,-0.004,-0.012,-0.026
-0.027,-0.003,-0.013,-0.025
-0.027,-0.002,-0.013,-0.024
-0.027,-0.002,-0.013,-0.023
-0.027,-0.001,-0.014,-0.021
-0.027,-0.001,-0.014,-0.02
-0.028,-0.001,-0.014,-0.019
-0.028,-0.001,-0.013,-0.018
-0.028,-0.001,-0.013,-0.017
-0.028,-0.001,-0.013,-0.016
-0.028,-0.001,-0.012,-0.015
-0.028,-0.001,-0.011,-0.014
-0.028,-0.001,-0.01,-0.013
-0.027,-0.001,-0.009,-0.013
-0.027,-0.002,-0.008,-0.012
-0.027,-0.002,-0.007,-0.012
-0.027,-0.002,-0.005,-0.011
-0.026,-0.003,-0.004,-0.011
-0.026,-0.003,-0.003,-0.011
-0.025,-0.003,-0.001,-0.011
-0.025,-0.003,0,-0.011
-0.025,-0.003,0.002,-0.011
-0.024,-0.003,0.003,-0.011
-0.024,-0.003,0.005,-0.011
-0.024,-0.003,0.006,-0.012
-0.023,-0.003,0.007,-0.012
-0.023,-0.003,0.008,-0.012
-0.023,-0.003,0.009,-0.013
-0.023,-0.002,0.01,-0.013
-0.023,-0.002,0.011,-0.013
-0.023,-0.002,0.011,-0.013
-0.023,-0.001,0.012,-0.013
-0.024,-0.001,0.012,-0.013
-0.024,0,0.012,-0.013
-0.025,0,0.012,-0.013
-0.025,0.001,0.011,-0.013
-0.026,0.001,0.011,-0.013
-0.026,0.002,0.01,-0.012
-0.027,0.002,0.01,-0.012
-0.027,0.002,0.009,-0.011
-0.028,0.003,0.008,-0.011
-0.028,0.003,0.007,-0.01
-0.029,0.004,0.006,-0.01
-0.03,0.004,0.005,-0.009
-0.03,0.005,0.004,-0.009
-0.03,0.005,0.003,-0.008
-0.031,0.005,0.002,-0.007
-0.031,0.005,0.001,-0.007
-0.031,0.006,0,-0.007
-0.031,0.006,-0.001,-0.006
-0.031,0.006,-0.002,-0.006
-0.031,0.006,-0.003,-0.006
-0.03,0.007,-0.003,-0.006
-0.03,0.007,-0.004,-0.006
-0.03,0.007,-0.004,-0.006
-0.029,0.007,-0.004,-0.006
-0.029,0.007,-0.004,-0.007
-0.028,0.007,-0.004,-0.007
-0.028,0.006,-0.004,-0.008
-0.027,0.006,-0.004,-0.009
-0.027,0.006,-0.004,-0.009
-0.026,0.006,-0.003,-0.01
-0.026,0.005,-0.003,-0.011
-0.025,0.005,-0.002,-0.012
-0.025,0.005,-0.002,-0.013
-0.025,0.004,-0.001,-0.013
-0.024,0.004,0,-0.014
-0.024,0.004,0,-0.015
-0.024,0.003,0.001,-0.016
-0.024,0.003,0.001,-0.017
-0.024,0.003,0.001,-0.017
-0.025,0.002,0.002,-0.018
-0.025,0.002,0.002,-0.019
-0.025,0.002,0.002,-0.019
-0.026,0.002,0.002,-0.019
-0.026,0.002,0.002,-0.02
-0.027,0.002,0.001,-0.02
-0.027,0.001,0.001,-0.02
-0.027,0.001,0.001,-0.02
-0.028,0.001,0,-0.02
-0.028,0.002,-0.001,-0.02
-0.029,0.002,-0.001,-0.02
-0.029,0.002,-0.002,-0.02
-0.029,0.002,-0.003,-0.02
-0.03,0.002,-0.003,-0.02
-0.03,0.002,-0.004,-0.02
-0.03,0.002,-0.005,-0.02
-0.03,0.002,-0.006,-0.019
-0.03,0.002,-0.007,-0.019
-0.03,0.002,-0.007,-0.019
-0.03,0.002,-0.008,-0.019
-0.03,0.002,-0.009,-0.019
-0.03,0.002,-0.009,-0.019
-0.03,0.002,-0.009,-0.018
-0.03,0.001,-0.01,-0.018
-0.03,0.001,-0.01,-0.018
-0.029,0,-0.01,-0.018
-0.029,0,-0.01,-0.018
-0.028,-0.001,-0.009,-0.018
-0.028,-0.001,-0.009,-0.018
-0.028,-0.002,-0.008,-0.018
-0.027,-0.002,-0.008,-0.018
-0.027,-0.003,-0.007,-0.018
-0.026,-0.004,-0.006,-0.018
-0.025,-0.004,-0.005,-0.018
-0.025,-0.005,-0.004,-0.018
-0.024,-0.005,-0.002,-0.018
-0.023,-0.006,-0.001,-0.018
-0.023,-0.006,0.001,-0.018
-0.022,-0.007,0.002,-0.019
-0.021,-0.007,0.004,-0.019
-0.02,-0.007,0.005,-0.019
-0.019,-0.007,0.007,-0.019
-0.018,-0.007,0.008,-0.019
-0.017,-0.007,0.01,-0.019
-0.016,-0.006,0.011,-0.02
-0.015,-0.006,0.013,-0.02
-0.014,-0.006,0.014,-0.02
-0.013,-0.005,0.015,-0.02
-0.011,-0.004,0.016,-0.02
-0.01,-0.003,0.016,-0.02
-0.009,-0.002,0.017,-0.02
-0.008,-0.001,0.017,-0.02
-0.007,0,0.017,-0.02
-0.005,0.001,0.017,-0.019
-0.004,0.002,0.017,-0.019
-0.003,0.003,0.017,-0.018
-0.002,0.004,0.016,-0.018
-0.001,0.005,0.016,-0.017
0.001,0.007,0.015,-0.017
0.002,0.008,0.014,-0.016
0.003,0.009,0.014,-0.015
0.003,0.01,0.013,-0.014
0.004,0.011,0.012,-0.014
0.005,0.012,0.012,-0.013
0.006,0.013,0.011,-0.012
0.006,0.013,0.011,-0.011
0.007,0.014,0.01,-0.01
0.007,0.015,0.01,-0.009
0.007,0.015,0.01,-0.009
0.008,0.016,0.011,-0.008
0.008,0.016,0.011,-0.008
0.008,0.016,0.011,-0.007
0.008,0.016,0.012,-0.007
0.008,0.017,0.013,-0.007
0.009,0.017,0.014,-0.006
0.009,0.017,0.015,-0.006
0.009,0.017,0.017,-0.006
0.009,0.017,0.018,-0.007
0.01,0.017,0.019,-0.007
0.01,0.017,0.021,-0.007
0.01,0.017,0.022,-0.007
0.011,0.017,0.024,-0.007
0.011,0.017,0.025,-0.008
0.012,0.018,0.026,-0.008
0.013,0.018,0.028,-0.008
0.014,0.018,0.029,-0.008
0.014,0.019,0.03,-0.008
0.015,0.019,0.03,-0.008
0.017,0.02,0.031,-0.008
0.018,0.021,0.031,-0.008
0.019,0.022,0.031,-0.007
0.021,0.022,0.031,-0.006
0.022,0.023,0.031,-0.006
0.024,0.024,0.03,-0.005
0.025,0.025,0.03,-0.004
0.027,0.027,0.029,-0.002
0.029,0.028,0.028,-0.001
0.031,0.029,0.027,0.001
0.032,0.03,0.026,0.002
0.034,0.031,0.025,0.004
0.036,0.033,0.023,0.006
0.038,0.034,0.022,0.008
0.04,0.035,0.021,0.01
0.042,0.037,0.02,0.013
0.044,0.038,0.019,0.015
0.045,0.039,0.018,0.017
0.047,0.041,0.018,0.02
0.049,0.042,0.017,0.022
0.05,0.043,0.017,0.024
0.052,0.045,0.017,0.026
0.053,0.046,0.017,0.028
0.055,0.047,0.018,0.03
0.056,0.048,0.019,0.032
0.057,0.05,0.019,0.034
0.059,0.051,0.02,0.036
0.06,0.052,0.022,0.038
0.061,0.053,0.023,0.039
0.062,0.054,0.025,0.04
0.063,0.055,0.026,0.042
0.064,0.056,0.028,0.043
0.065,0.057,0.03,0.044
0.065,0.058,0.032,0.045
0.066,0.059,0.034,0.046
0.067,0.06,0.036,0.046
0.067,0.061,0.038,0.047
0.068,0.061,0.04,0.048
0.068,0.062,0.041,0.048
0.068,0.063,0.043,0.049
0.069,0.064,0.045,0.049
0.069,0.064,0.046,0.05
0.069,0.065,0.047,0.051
0.07,0.066,0.048,0.051
0.07,0.066,0.049,0.052
0.07,0.067,0.05,0.052
0.07,0.068,0.05,0.053
0.071,0.068,0.051,0.053
0.071,0.069,0.051,0.054
0.071,0.07,0.051,0.055
0.072,0.071,0.051,0.056
0.072,0.072,0.051,0.056
0.073,0.073,0.05,0.057
0.073,0.074,0.05,0.058
0.074,0.075,0.05,0.059
0.075,0.076,0.049,0.06
0.075,0.077,0.049,0.061
0.076,0.078,0.048,0.061
0.077,0.079,0.048,0.062
0.078,0.081,0.047,0.063
0.08,0.082,0.047,0.064
0.081,0.083,0.047,0.065
0.082,0.085,0.047,0.066
0.084,0.086,0.047,0.067
0.086,0.088,0.047,0.068
0.087,0.089,0.047,0.069
0.089,0.09,0.048,0.069
0.091,0.092,0.048,0.07
0.093,0.093,0.049,0.071
0.095,0.095,0.05,0.072
0.097,0.096,0.051,0.072
0.099,0.097,0.052,0.073
0.101,0.099,0.053,0.074
0.103,0.1,0.055,0.074
0.105,0.101,0.056,0.074
0.107,0.102,0.057,0.075
0.108,0.103,0.058,0.075
0.109,0.104,0.059,0.075
0.11,0.104,0.06,0.075
0.111,0.104,0.061,0.075
0.111,0.105,0.061,0.074
0.111,0.105,0.061,0.074
0.111,0.104,0.061,0.073
0.11,0.104,0.06,0.072
0.108,0.103,0.059,0.071
0.106,0.102,0.058,0.069
0.104,0.101,0.056,0.067
0.101,0.099,0.054,0.065
0.098,0.097,0.051,0.063
0.095,0.095,0.048,0.061
0.091,0.092,0.045,0.058
0.086,0.09,0.041,0.055
0.082,0.087,0.037,0.052
0.077,0.083,0.033,0.049
0.072,0.08,0.028,0.045
0.067,0.076,0.023,0.042
0.061,0.073,0.019,0.038
0.056,0.069,0.014,0.034
0.05,0.065,0.009,0.03
0.045,0.06,0.004,0.026
0.039,0.056,-0.001,0.022
0.034,0.052,-0.006,0.018
0.029,0.047,-0.011,0.014
0.024,0.043,-0.016,0.009
0.02,0.039,-0.021,0.005
0.015,0.035,-0.025,0.002
0.011,0.031,-0.029,-0.002
0.007,0.027,-0.033,-0.006
0.004,0.023,-0.037,-0.01
0,0.02,-0.041,-0.013
-0.003,0.016,-0.045,-0.017
-0.006,0.013,-0.048,-0.02
-0.008,0.01,-0.051,-0.023
-0.01,0.007,-0.054,-0.026
-0.013,0.004,-0.057,-0.029
-0.015,0.001,-0.059,-0.031
-0.016,-0.001,-0.062,-0.034
-0.018,-0.003,-0.064,-0.036
-0.02,-0.006,-0.066,-0.038
-0.021,-0.008,-0.068,-0.04
-0.023,-0.01,-0.069,-0.042
-0.024,-0.011,-0.071,-0.044
-0.026,-0.013,-0.072,-0.046
-0.027,-0.015,-0.074,-0.047
-0.029,-0.016,-0.075,-0.049
-0.03,-0.018,-0.076,-0.051
-0.032,-0.019,-0.077,-0.052
-0.033,-0.021,-0.078,-0.054
-0.035,-0.022,-0.079,-0.055
-0.036,-0.024,-0.08,-0.056
-0.038,-0.025,-0.08,-0.058
-0.039,-0.026,-0.081,-0.059
-0.041,-0.027,-0.082,-0.061
-0.042,-0.029,-0.082,-0.062
-0.044,-0.03,-0.083,-0.063
-0.045,-0.031,-0.083,-0.064
-0.047,-0.032,-0.084,-0.066
-0.048,-0.033,-0.085,-0.067
-0.049,-0.033,-0.085,-0.068
-0.051,-0.034,-0.086,-0.069
-0.052,-0.035,-0.087,-0.07
-0.053,-0.035,-0.087,-0.071
-0.054,-0.036,-0.088,-0.072
-0.055,-0.036,-0.089,-0.073
-0.056,-0.036,-0.089,-0.073
-0.056,-0.037,-0.09,-0.074
-0.057,-0.037,-0.091,-0.074
-0.058,-0.037,-0.092,-0.075
-0.058,-0.037,-0.093,-0.075
-0.059,-0.037,-0.094,-0.075
-0.059,-0.037,-0.095,-0.075
-0.06,-0.037,-0.095,-0.075
-0.06,-0.037,-0.096,-0.075
-0.06,-0.037,-0.097,-0.074
-0.061,-0.037,-0.098,-0.074
-0.061,-0.038,-0.099,-0.074
-0.061,-0.038,-0.099,-0.073
-0.062,-0.038,-0.1,-0.073
-0.062,-0.039,-0.101,-0.072
-0.063,-0.039,-0.101,-0.072
-0.063,-0.04,-0.101,-0.072
-0.064,-0.04,-0.102,-0.072
-0.064,-0.041,-0.102,-0.072
-0.065,-0.042,-0.102,-0.072
-0.065,-0.043,-0.102,-0.072
-0.066,-0.044,-0.102,-0.072
-0.066,-0.045,-0.101,-0.073
-0.067,-0.046,-0.101,-0.073
-0.068,-0.047,-0.101,-0.074
-0.068,-0.048,-0.1,-0.075
-0.069,-0.049,-0.1,-0.076
-0.07,-0.051,-0.099,-0.077
-0.07,-0.052,-0.098,-0.078
-0.071,-0.053,-0.098,-0.079
-0.071,-0.054,-0.097,-0.08
-0.072,-0.054,-0.096,-0.082
-0.072,-0.055,-0.096,-0.083
-0.073,-0.056,-0.095,-0.084
-0.073,-0.056,-0.094,-0.085
-0.074,-0.057,-0.094,-0.087
-0.074,-0.057,-0.093,-0.088
-0.074,-0.057,-0.092,-0.089
-0.074,-0.057,-0.092,-0.09
-0.074,-0.057,-0.092,-0.09
-0.074,-0.057,-0.092,-0.091
-0.074,-0.057,-0.091,-0.091
-0.074,-0.057,-0.091,-0.092
-0.074,-0.057,-0.092,-0.092
-0.074,-0.056,-0.092,-0.092
-0.073,-0.056,-0.092,-0.092
-0.073,-0.056,-0.093,-0.091
-0.073,-0.056,-0.093,-0.091
-0.072,-0.055,-0.094,-0.091
-0.072,-0.055,-0.095,-0.09
-0.072,-0.055,-0.095,-0.089
-0.071,-0.055,-0.096,-0.089
-0.071,-0.055,-0.097,-0.088
-0.07,-0.055,-0.098,-0.087
-0.07,-0.055,-0.099,-0.086
-0.069,-0.056,-0.1,-0.085
-0.069,-0.056,-0.101,-0.085
-0.069,-0.057,-0.101,-0.084
-0.068,-0.057,-0.102,-0.083
-0.068,-0.058,-0.102,-0.082
-0.068,-0.059,-0.103,-0.082
-0.067,-0.059,-0.103,-0.081
-0.067,-0.06,-0.104,-0.081
-0.067,-0.061,-0.104,-0.081
-0.066,-0.062,-0.104,-0.08
-0.066,-0.063,-0.104,-0.08
-0.065,-0.063,-0.104,-0.08
-0.065,-0.064,-0.103,-0.08
-0.065,-0.065,-0.103,-0.08
-0.064,-0.066,-0.103,-0.081
-0.064,-0.067,-0.103,-0.081
-0.063,-0.067,-0.102,-0.081
-0.063,-0.068,-0.102,-0.081
-0.063,-0.068,-0.101,-0.082
-0.062,-0.069,-0.101,-0.082
-0.062,-0.069,-0.1,-0.082
-0.061,-0.069,-0.1,-0.083
-0.06,-0.069,-0.1,-0.083
-0.06,-0.069,-0.099,-0.083
-0.059,-0.069,-0.099,-0.084
-0.059,-0.069,-0.099,-0.084
-0.058,-0.069,-0.099,-0.084
-0.058,-0.068,-0.098,-0.084
-0.057,-0.068,-0.098,-0.084
-0.057,-0.067,-0.098,-0.084
-0.057,-0.066,-0.098,-0.084
-0.056,-0.066,-0.098,-0.084
-0.056,-0.065,-0.098,-0.083
-0.056,-0.064,-0.098,-0.083
-0.056,-0.063,-0.098,-0.083
-0.055,-0.062,-0.098,-0.082
-0.055,-0.061,-0.097,-0.081
-0.055,-0.06,-0.097,-0.081
-0.055,-0.059,-0.097,-0.08
-0.055,-0.058,-0.097,-0.08
-0.055,-0.057,-0.096,-0.079
-0.055,-0.056,-0.096,-0.078
-0.055,-0.055,-0.095,-0.077
-0.055,-0.054,-0.095,-0.077
-0.055,-0.053,-0.094,-0.076
-0.055,-0.052,-0.093,-0.075
-0.055,-0.052,-0.092,-0.074
-0.054,-0.051,-0.091,-0.074
-0.054,-0.05,-0.09,-0.073
-0.054,-0.05,-0.089,-0.072
-0.053,-0.05,-0.088,-0.072
-0.053,-0.049,-0.086,-0.071
-0.052,-0.049,-0.085,-0.07
-0.052,-0.049,-0.084,-0.07
-0.051,-0.048,-0.082,-0.069
-0.05,-0.048,-0.081,-0.069
-0.049,-0.048,-0.08,-0.068
-0.048,-0.048,-0.079,-0.068
-0.047,-0.048,-0.078,-0.068
-0.046,-0.048,-0.078,-0.067
-0.045,-0.048,-0.077,-0.067
-0.044,-0.048,-0.077,-0.067
-0.043,-0.047,-0.076,-0.066
-0.042,-0.047,-0.076,-0.066
-0.041,-0.047,-0.077,-0.066
-0.039,-0.047,-0.077,-0.066
-0.038,-0.047,-0.078,-0.065
-0.037,-0.046,-0.079,-0.065
-0.036,-0.046,-0.08,-0.065
-0.035,-0.046,-0.081,-0.065
-0.034,-0.046,-0.082,-0.064
-0.033,-0.045,-0.083,-0.064
-0.032,-0.045,-0.085,-0.063
-0.031,-0.045,-0.086,-0.063
-0.03,-0.045,-0.087,-0.062
-0.029,-0.045,-0.089,-0.062
-0.028,-0.044,-0.09,-0.061
-0.028,-0.044,-0.091,-0.061
-0.027,-0.044,-0.092,-0.06
-0.026,-0.044,-0.093,-0.059
-0.026,-0.044,-0.093,-0.059
-0.025,-0.044,-0.094,-0.058
-0.025,-0.044,-0.094,-0.057
-0.025,-0.044,-0.094,-0.056
-0.024,-0.044,-0.094,-0.056
-0.024,-0.044,-0.094,-0.055
-0.024,-0.044,-0.093,-0.054
-0.024,-0.043,-0.092,-0.053
-0.024,-0.043,-0.091,-0.052
-0.024,-0.043,-0.09,-0.051
-0.023,-0.043,-0.089,-0.051
-0.024,-0.043,-0.088,-0.05
-0.024,-0.043,-0.086,-0.049
-0.024,-0.043,-0.085,-0.049
-0.024,-0.043,-0.083,-0.049
-0.024,-0.043,-0.081,-0.048
-0.024,-0.043,-0.08,-0.048
-0.024,-0.043,-0.078,-0.048
-0.025,-0.043,-0.076,-0.048
-0.025,-0.043,-0.075,-0.048
-0.025,-0.043,-0.073,-0.048
-0.025,-0.043,-0.072,-0.048
-0.026,-0.043,-0.07,-0.049
-0.026,-0.043,-0.069,-0.049
-0.026,-0.043,-0.068,-0.05
-0.026,-0.043,-0.067,-0.051
-0.027,-0.043,-0.067,-0.052
-0.027,-0.043,-0.066,-0.053
-0.027,-0.043,-0.066,-0.053
-0.027,-0.043,-0.066,-0.054
-0.028,-0.043,-0.066,-0.055
-0.028,-0.043,-0.066,-0.056
-0.028,-0.043,-0.066,-0.057
-0.028,-0.043,-0.067,-0.058
-0.027,-0.043,-0.068,-0.058
-0.027,-0.043,-0.069,-0.059
-0.027,-0.043,-0.07,-0.059
-0.026,-0.042,-0.071,-0.059
-0.025,-0.041,-0.072,-0.059
-0.024,-0.041,-0.072,-0.058
-0.022,-0.039,-0.073,-0.057
-0.021,-0.038,-0.074,-0.056
-0.018,-0.036,-0.074,-0.054
-0.016,-0.034,-0.074,-0.052
-0.013,-0.031,-0.073,-0.049
-0.009,-0.028,-0.072,-0.046
-0.005,-0.024,-0.07,-0.042
-0.001,-0.02,-0.068,-0.038
0.004,-0.016,-0.065,-0.033
0.009,-0.01,-0.062,-0.028
0.015,-0.005,-0.058,-0.022
0.022,0.002,-0.053,-0.015
0.029,0.009,-0.047,-0.008
0.037,0.016,-0.04,0
0.045,0.025,-0.033,0.008
0.054,0.033,-0.025,0.017
0.064,0.043,-0.016,0.026
0.073,0.052,-0.007,0.036
0.084,0.063,0.003,0.046
0.094,0.073,0.014,0.057
0.105,0.084,0.026,0.068
0.116,0.095,0.038,0.079
0.128,0.107,0.05,0.09
0.14,0.119,0.063,0.102
0.152,0.131,0.076,0.113
0.163,0.142,0.089,0.125
0.175,0.154,0.102,0.137
0.187,0.166,0.115,0.148
0.199,0.178,0.129,0.16
0.21,0.189,0.142,0.171
0.221,0.2,0.154,0.182
0.232,0.211,0.167,0.192
0.242,0.221,0.179,0.202
0.252,0.231,0.19,0.211
0.262,0.24,0.201,0.22
0.27,0.249,0.211,0.229
0.278,0.257,0.22,0.236
0.286,0.264,0.229,0.243
0.292,0.27,0.236,0.249
0.298,0.276,0.243,0.255
0.303,0.281,0.249,0.259
0.307,0.285,0.254,0.263
0.31,0.288,0.257,0.266
0.312,0.291,0.26,0.268
0.314,0.292,0.262,0.27
0.315,0.293,0.263,0.271
0.314,0.293,0.263,0.271
0.313,0.293,0.262,0.27
0.312,0.291,0.26,0.269
0.309,0.289,0.257,0.267
0.306,0.287,0.254,0.265
0.303,0.284,0.25,0.262
0.299,0.28,0.245,0.259
0.294,0.277,0.24,0.255
0.289,0.272,0.235,0.252
0.285,0.268,0.229,0.249
0.28,0.264,0.224,0.245
0.275,0.259,0.218,0.242
0.27,0.255,0.212,0.239
0.265,0.251,0.206,0.236
0.261,0.247,0.201,0.233
0.257,0.243,0.196,0.231
0.253,0.239,0.191,0.23
0.25,0.236,0.187,0.228
0.248,0.233,0.183,0.228
0.245,0.231,0.18,0.227
0.244,0.229,0.177,0.228
0.242,0.227,0.175,0.228
0.242,0.226,0.174,0.229
0.241,0.225,0.172,0.23
0.241,0.224,0.172,0.232
0.241,0.223,0.171,0.234
0.242,0.223,0.171,0.235
0.242,0.222,0.171,0.237
0.243,0.222,0.171,0.238
0.243,0.221,0.171,0.239
0.243,0.221,0.172,0.24
0.243,0.22,0.172,0.24
0.243,0.218,0.171,0.24
0.242,0.216,0.171,0.239
0.24,0.214,0.17,0.238
0.238,0.211,0.168,0.235
0.235,0.207,0.166,0.232
0.232,0.203,0.163,0.227
0.227,0.198,0.16,0.222
0.222,0.192,0.156,0.216
0.217,0.186,0.151,0.209
0.21,0.179,0.146,0.202
0.203,0.171,0.14,0.193
0.195,0.163,0.133,0.184
0.186,0.154,0.125,0.174
0.177,0.144,0.117,0.163
0.168,0.134,0.109,0.152
0.158,0.124,0.1,0.14
0.148,0.113,0.091,0.129
0.137,0.103,0.081,0.117
0.127,0.092,0.071,0.105
0.116,0.081,0.062,0.093
0.106,0.07,0.052,0.081
0.095,0.06,0.042,0.07
0.085,0.05,0.033,0.059
0.075,0.04,0.024,0.048
0.066,0.031,0.015,0.038
0.057,0.022,0.006,0.029
0.048,0.013,-0.002,0.02
0.04,0.006,-0.009,0.012
0.033,-0.001,-0.016,0.004
0.026,-0.008,-0.023,-0.002
0.02,-0.013,-0.028,-0.008
0.014,-0.018,-0.034,-0.014
0.009,-0.023,-0.039,-0.018
0.005,-0.026,-0.043,-0.022
0.001,-0.029,-0.047,-0.025
-0.003,-0.032,-0.05,-0.028
-0.005,-0.034,-0.053,-0.03
-0.008,-0.035,-0.055,-0.032
-0.01,-0.036,-0.057,-0.033
-0.011,-0.036,-0.059,-0.034
-0.012,-0.036,-0.06,-0.034
-0.013,-0.036,-0.061,-0.034
-0.014,-0.035,-0.062,-0.034
-0.015,-0.034,-0.063,-0.034
-0.015,-0.034,-0.063,-0.034
-0.016,-0.033,-0.064,-0.034
-0.016,-0.032,-0.064,-0.034
-0.016,-0.031,-0.064,-0.033
-0.017,-0.03,-0.064,-0.033
-0.017,-0.029,-0.065,-0.033
-0.018,-0.029,-0.065,-0.033
-0.018,-0.029,-0.065,-0.033
-0.019,-0.029,-0.066,-0.034
-0.02,-0.029,-0.066,-0.034
-0.021,-0.029,-0.067,-0.035
-0.022,-0.03,-0.068,-0.035
-0.023,-0.031,-0.069,-0.036
-0.024,-0.032,-0.07,-0.037
-0.026,-0.034,-0.071,-0.038
-0.027,-0.035,-0.073,-0.039
-0.029,-0.037,-0.074,-0.041
-0.031,-0.039,-0.076,-0.042
-0.032,-0.041,-0.077,-0.043
-0.034,-0.043,-0.079,-0.045
-0.036,-0.045,-0.081,-0.046
-0.038,-0.047,-0.083,-0.048
-0.039,-0.049,-0.084,-0.049
-0.041,-0.051,-0.086,-0.051
-0.042,-0.053,-0.088,-0.052
-0.044,-0.055,-0.089,-0.053
-0.045,-0.057,-0.091,-0.054
-0.046,-0.058,-0.092,-0.056
-0.047,-0.06,-0.093,-0.057
-0.048,-0.061,-0.094,-0.058
-0.049,-0.062,-0.095,-0.059
-0.05,-0.063,-0.096,-0.059
-0.051,-0.063,-0.096,-0.06
-0.051,-0.064,-0.097,-0.061
-0.051,-0.064,-0.097,-0.061
-0.051,-0.064,-0.097,-0.062
-0.051,-0.064,-0.097,-0.062
-0.051,-0.064,-0.097,-0.062
-0.051,-0.063,-0.096,-0.062
-0.051,-0.062,-0.096,-0.062
-0.05,-0.062,-0.095,-0.061
-0.05,-0.061,-0.095,-0.061
-0.049,-0.06,-0.094,-0.061
-0.048,-0.059,-0.093,-0.06
-0.047,-0.057,-0.093,-0.06
-0.047,-0.056,-0.092,-0.059
-0.046,-0.055,-0.091,-0.058
-0.045,-0.054,-0.09,-0.058
-0.044,-0.052,-0.09,-0.057
-0.043,-0.051,-0.089,-0.056
-0.042,-0.05,-0.088,-0.055
-0.041,-0.049,-0.088,-0.055
-0.039,-0.048,-0.087,-0.054
-0.038,-0.047,-0.087,-0.054
-0.038,-0.046,-0.086,-0.053
-0.037,-0.045,-0.086,-0.053
-0.036,-0.044,-0.086,-0.052
-0.035,-0.044,-0.086,-0.052
-0.034,-0.044,-0.086,-0.052
-0.033,-0.044,-0.086,-0.052
-0.033,-0.043,-0.086,-0.052
-0.032,-0.044,-0.086,-0.052
-0.032,-0.044,-0.086,-0.052
-0.032,-0.044,-0.086,-0.053
-0.031,-0.044,-0.086,-0.053
-0.031,-0.045,-0.087,-0.054
-0.031,-0.046,-0.087,-0.055
-0.032,-0.046,-0.087,-0.055
-0.032,-0.047,-0.087,-0.056
-0.032,-0.047,-0.087,-0.057
-0.033,-0.048,-0.087,-0.058
-0.034,-0.049,-0.087,-0.059
-0.034,-0.049,-0.087,-0.06
-0.035,-0.05,-0.086,-0.061
-0.036,-0.05,-0.086,-0.062
-0.037,-0.051,-0.085,-0.063
-0.038,-0.051,-0.085,-0.063
-0.039,-0.051,-0.084,-0.064
-0.04,-0.051,-0.083,-0.065
-0.041,-0.051,-0.082,-0.065
-0.041,-0.051,-0.08,-0.065
-0.042,-0.05,-0.079,-0.066
-0.043,-0.05,-0.078,-0.066
-0.043,-0.049,-0.076,-0.066
-0.044,-0.048,-0.074,-0.066
-0.044,-0.047,-0.072,-0.065
-0.044,-0.046,-0.07,-0.065
-0.045,-0.045,-0.068,-0.064
-0.045,-0.044,-0.066,-0.064
-0.044,-0.043,-0.064,-0.063
-0.044,-0.042,-0.062,-0.062
-0.044,-0.04,-0.059,-0.061
-0.044,-0.039,-0.057,-0.06
-0.043,-0.038,-0.055,-0.059
-0.043,-0.036,-0.053,-0.058
-0.042,-0.035,-0.051,-0.057
-0.042,-0.034,-0.05,-0.056
-0.042,-0.033,-0.049,-0.055
-0.041,-0.031,-0.047,-0.055
-0.041,-0.03,-0.047,-0.054
-0.041,-0.03,-0.046,-0.053
-0.041,-0.029,-0.046,-0.053
-0.041,-0.028,-0.046,-0.052
-0.041,-0.028,-0.046,-0.052
-0.041,-0.027,-0.047,-0.052
-0.041,-0.027,-0.048,-0.052
-0.042,-0.027,-0.049,-0.052
-0.042,-0.027,-0.051,-0.052
-0.043,-0.027,-0.053,-0.053
-0.043,-0.027,-0.055,-0.053
-0.044,-0.027,-0.057,-0.054
-0.045,-0.028,-0.059,-0.054
-0.045,-0.028,-0.061,-0.055
-0.046,-0.028,-0.064,-0.056
-0.047,-0.029,-0.066,-0.057
-0.047,-0.029,-0.068,-0.057
-0.048,-0.03,-0.07,-0.058
-0.048,-0.03,-0.072,-0.059
-0.049,-0.031,-0.074,-0.06
-0.049,-0.031,-0.076,-0.061
-0.049,-0.032,-0.077,-0.061
-0.049,-0.032,-0.078,-0.062
-0.049,-0.032,-0.079,-0.063
-0.049,-0.032,-0.08,-0.063
-0.049,-0.032,-0.08,-0.064
-0.049,-0.032,-0.079,-0.064
-0.048,-0.032,-0.079,-0.064
-0.048,-0.032,-0.078,-0.064
-0.047,-0.031,-0.077,-0.064
-0.046,-0.031,-0.076,-0.064
-0.045,-0.031,-0.074,-0.063
-0.044,-0.03,-0.073,-0.063
-0.043,-0.029,-0.071,-0.063
-0.042,-0.029,-0.069,-0.062
-0.041,-0.028,-0.066,-0.061
-0.04,-0.028,-0.064,-0.061
-0.039,-0.027,-0.062,-0.06
-0.038,-0.026,-0.059,-0.059
-0.037,-0.026,-0.057,-0.058
-0.036,-0.026,-0.055,-0.058
-0.035,-0.025,-0.052,-0.057
-0.034,-0.025,-0.05,-0.056
-0.033,-0.025,-0.048,-0.056
-0.032,-0.024,-0.046,-0.055
-0.032,-0.024,-0.045,-0.055
-0.031,-0.024,-0.043,-0.054
-0.031,-0.025,-0.042,-0.054
-0.03,-0.025,-0.04,-0.054
-0.03,-0.025,-0.039,-0.054
-0.03,-0.025,-0.039,-0.054
-0.03,-0.025,-0.038,-0.054
-0.03,-0.026,-0.037,-0.054
-0.031,-0.026,-0.037,-0.055
-0.031,-0.026,-0.036,-0.055
-0.031,-0.027,-0.036,-0.056
-0.032,-0.027,-0.036,-0.056
-0.032,-0.027,-0.036,-0.057
-0.033,-0.027,-0.036,-0.058
-0.034,-0.027,-0.036,-0.059
-0.035,-0.027,-0.036,-0.059
-0.035,-0.027,-0.036,-0.06
-0.036,-0.027,-0.036,-0.061
-0.037,-0.027,-0.036,-0.061
-0.038,-0.026,-0.036,-0.062
-0.038,-0.026,-0.036,-0.062
-0.039,-0.025,-0.036,-0.063
-0.04,-0.024,-0.035,-0.063
-0.04,-0.023,-0.035,-0.063
-0.041,-0.023,-0.035,-0.064
-0.041,-0.022,-0.034,-0.064
-0.042,-0.021,-0.033,-0.063
-0.042,-0.02,-0.032,-0.063
-0.042,-0.019,-0.032,-0.063
-0.043,-0.018,-0.031,-0.063
-0.043,-0.017,-0.03,-0.062
-0.043,-0.016,-0.029,-0.062
-0.043,-0.015,-0.028,-0.061
-0.042,-0.014,-0.027,-0.061
-0.042,-0.013,-0.026,-0.06
-0.042,-0.012,-0.025,-0.06
-0.042,-0.011,-0.024,-0.059
-0.042,-0.01,-0.023,-0.059
-0.041,-0.01,-0.022,-0.058
-0.041,-0.009,-0.021,-0.058
-0.041,-0.009,-0.02,-0.058
-0.04,-0.008,-0.02,-0.058
-0.04,-0.008,-0.02,-0.057
-0.04,-0.008,-0.019,-0.057
-0.04,-0.008,-0.019,-0.057
-0.04,-0.008,-0.019,-0.057
-0.04,-0.009,-0.019,-0.057
-0.04,-0.009,-0.019,-0.058
-0.04,-0.009,-0.019,-0.058
-0.04,-0.01,-0.02,-0.058
-0.04,-0.011,-0.02,-0.059
-0.041,-0.011,-0.02,-0.059
-0.041,-0.012,-0.021,-0.059
-0.041,-0.013,-0.021,-0.06
-0.041,-0.013,-0.021,-0.06
-0.042,-0.014,-0.022,-0.061
-0.042,-0.015,-0.022,-0.061
-0.042,-0.015,-0.022,-0.061
-0.042,-0.016,-0.022,-0.062
-0.042,-0.017,-0.022,-0.062
-0.042,-0.017,-0.022,-0.062
-0.042,-0.017,-0.022,-0.062
-0.042,-0.018,-0.022,-0.062
-0.042,-0.018,-0.021,-0.062
-0.042,-0.018,-0.021,-0.062
-0.041,-0.018,-0.02,-0.061
-0.041,-0.018,-0.02,-0.061
-0.04,-0.018,-0.019,-0.06
-0.039,-0.017,-0.018,-0.06
-0.039,-0.017,-0.017,-0.059
-0.038,-0.016,-0.016,-0.059
-0.037,-0.016,-0.016,-0.058
-0.036,-0.015,-0.015,-0.057
-0.036,-0.015,-0.014,-0.057
-0.035,-0.014,-0.013,-0.056
-0.034,-0.013,-0.013,-0.056
-0.034,-0.012,-0.012,-0.055
-0.033,-0.012,-0.012,-0.054
-0.033,-0.011,-0.011,-0.054
-0.033,-0.01,-0.011,-0.054
-0.032,-0.01,-0.011,-0.053
-0.032,-0.009,-0.011,-0.053
-0.033,-0.009,-0.011,-0.053
-0.033,-0.008,-0.011,-0.053
-0.033,-0.008,-0.011,-0.053
-0.034,-0.007,-0.011,-0.053
-0.034,-0.007,-0.011,-0.053
-0.035,-0.007,-0.012,-0.054
-0.036,-0.006,-0.012,-0.054
-0.037,-0.006,-0.012,-0.054
-0.038,-0.006,-0.013,-0.055
-0.039,-0.006,-0.013,-0.055
-0.04,-0.006,-0.014,-0.055
-0.041,-0.006,-0.014,-0.055
-0.042,-0.006,-0.015,-0.056
-0.043,-0.006,-0.015,-0.056
-0.044,-0.006,-0.016,-0.056
-0.045,-0.006,-0.016,-0.056
-0.046,-0.006,-0.017,-0.056
-0.047,-0.006,-0.017,-0.055
-0.047,-0.006,-0.018,-0.055
-0.048,-0.006,-0.018,-0.055
-0.048,-0.006,-0.019,-0.054
-0.049,-0.006,-0.019,-0.054
-0.049,-0.006,-0.019,-0.053
-0.049,-0.006,-0.02,-0.052
-0.048,-0.006,-0.02,-0.052
-0.048,-0.006,-0.02,-0.051
-0.048,-0.006,-0.02,-0.051
-0.047,-0.006,-0.02,-0.05
-0.047,-0.005,-0.02,-0.05
-0.046,-0.005,-0.02,-0.049
-0.046,-0.005,-0.02,-0.049
-0.045,-0.004,-0.019,-0.049
-0.044,-0.004,-0.019,-0.048
-0.044,-0.003,-0.018,-0.048
-0.043,-0.003,-0.018,-0.049
-0.042,-0.002,-0.017,-0.049
-0.042,-0.002,-0.017,-0.049
-0.041,-0.001,-0.016,-0.05
-0.041,-0.001,-0.016,-0.05
-0.04,0,-0.015,-0.051
-0.04,0,-0.015,-0.052
-0.04,0,-0.014,-0.053
-0.039,0.001,-0.013,-0.054
-0.039,0.001,-0.013,-0.055
-0.039,0.001,-0.013,-0.056
-0.039,0,-0.012,-0.057
-0.039,0,-0.012,-0.058
-0.04,0,-0.012,-0.058
-0.04,-0.001,-0.012,-0.059
-0.04,-0.001,-0.012,-0.06
-0.04,-0.002,-0.013,-0.06
-0.041,-0.003,-0.013,-0.061
-0.041,-0.003,-0.014,-0.061
-0.041,-0.004,-0.014,-0.061
-0.041,-0.005,-0.015,-0.061
-0.041,-0.006,-0.016,-0.061
-0.041,-0.007,-0.017,-0.06
-0.042,-0.007,-0.018,-0.06
-0.042,-0.008,-0.019,-0.059
-0.041,-0.009,-0.021,-0.058
-0.041,-0.009,-0.022,-0.057
-0.041,-0.01,-0.023,-0.056
-0.041,-0.01,-0.024,-0.055
-0.04,-0.01,-0.026,-0.053
-0.04,-0.01,-0.027,-0.052
-0.039,-0.01,-0.028,-0.051
-0.039,-0.01,-0.029,-0.049
-0.038,-0.01,-0.03,-0.048
-0.037,-0.009,-0.031,-0.046
-0.037,-0.009,-0.031,-0.045
-0.036,-0.008,-0.032,-0.044
-0.035,-0.007,-0.032,-0.042
-0.035,-0.006,-0.032,-0.041
-0.034,-0.005,-0.032,-0.04
-0.033,-0.004,-0.032,-0.039
-0.033,-0.003,-0.032,-0.039
-0.032,-0.002,-0.031,-0.038
-0.032,0,-0.031,-0.038
-0.032,0.001,-0.03,-0.037
-0.031,0.002,-0.029,-0.037
-0.031,0.003,-0.028,-0.037
-0.031,0.004,-0.026,-0.037
-0.031,0.005,-0.025,-0.037
-0.031,0.005,-0.024,-0.037
-0.031,0.006,-0.023,-0.038
-0.031,0.007,-0.021,-0.038
-0.032,0.007,-0.02,-0.039
-0.032,0.008,-0.019,-0.039
-0.032,0.008,-0.018,-0.039
-0.032,0.008,-0.017,-0.04
-0.032,0.008,-0.016,-0.04
-0.033,0.009,-0.015,-0.041
-0.033,0.009,-0.014,-0.041
-0.033,0.009,-0.014,-0.041
-0.033,0.008,-0.013,-0.042
-0.033,0.008,-0.013,-0.042
-0.033,0.008,-0.013,-0.042
-0.033,0.008,-0.013,-0.042
-0.032,0.008,-0.013,-0.042
-0.032,0.008,-0.013,-0.041
-0.031,0.008,-0.014,-0.041
-0.031,0.008,-0.014,-0.041
-0.03,0.008,-0.014,-0.04
-0.029,0.009,-0.015,-0.039
-0.028,0.009,-0.015,-0.039
-0.027,0.009,-0.016,-0.038
-0.026,0.01,-0.016,-0.037
-0.025,0.01,-0.017,-0.036
-0.024,0.011,-0.017,-0.036
-0.022,0.011,-0.018,-0.035
-0.021,0.012,-0.018,-0.034
-0.02,0.013,-0.018,-0.033
-0.018,0.014,-0.018,-0.032
-0.017,0.015,-0.018,-0.031
-0.015,0.015,-0.018,-0.03
-0.014,0.016,-0.018,-0.029
-0.013,0.017,-0.018,-0.028
-0.012,0.018,-0.017,-0.027
-0.01,0.02,-0.017,-0.026
-0.009,0.021,-0.016,-0.026
-0.008,0.022,-0.016,-0.025
-0.007,0.023,-0.015,-0.024
-0.006,0.024,-0.014,-0.023
-0.005,0.025,-0.013,-0.023
-0.004,0.026,-0.012,-0.022
-0.003,0.027,-0.011,-0.022
-0.003,0.027,-0.01,-0.022
-0.002,0.028,-0.009,-0.021
-0.001,0.029,-0.008,-0.021
-0.001,0.03,-0.007,-0.021
0,0.03,-0.006,-0.02
0,0.031,-0.005,-0.02
0.001,0.032,-0.004,-0.02
0.001,0.032,-0.003,-0.02
0.002,0.033,-0.002,-0.02
0.002,0.033,-0.001,-0.02
0.002,0.034,0,-0.019
0.003,0.034,0.001,-0.019
0.003,0.035,0.002,-0.019
0.004,0.035,0.002,-0.019
0.004,0.036,0.003,-0.018
0.005,0.036,0.004,-0.018
0.005,0.037,0.004,-0.017
0.006,0.037,0.005,-0.017
0.006,0.038,0.005,-0.016
0.007,0.038,0.006,-0.015
0.007,0.039,0.006,-0.014
0.008,0.04,0.006,-0.013
0.008,0.04,0.007,-0.012
0.009,0.041,0.007,-0.011
0.009,0.042,0.007,-0.01
0.01,0.043,0.007,-0.008
0.011,0.044,0.007,-0.007
0.011,0.045,0.007,-0.005
0.012,0.046,0.008,-0.004
0.013,0.047,0.008,-0.002
0.013,0.048,0.008,0
0.014,0.05,0.008,0.001
0.014,0.051,0.009,0.003
0.015,0.052,0.009,0.005
0.015,0.054,0.009,0.006
0.016,0.055,0.01,0.008
0.016,0.056,0.011,0.009
0.017,0.057,0.011,0.011
0.017,0.058,0.012,0.012
0.018,0.059,0.013,0.014
0.018,0.06,0.014,0.015
0.018,0.061,0.014,0.016
0.019,0.062,0.015,0.017
0.019,0.063,0.016,0.018
0.019,0.063,0.017,0.019
0.019,0.064,0.018,0.02
0.019,0.064,0.019,0.021
0.019,0.064,0.019,0.022
0.019,0.064,0.02,0.022
0.019,0.064,0.02,0.023
0.019,0.064,0.021,0.024
0.019,0.063,0.021,0.024
0.019,0.063,0.021,0.024
0.019,0.062,0.021,0.025
0.02,0.062,0.021,0.025
0.02,0.061,0.021,0.026
0.02,0.06,0.021,0.026
0.02,0.06,0.02,0.026
0.02,0.059,0.02,0.026
0.02,0.059,0.019,0.027
0.021,0.058,0.019,0.027
0.021,0.057,0.018,0.027
0.021,0.057,0.018,0.027
0.022,0.057,0.017,0.028
0.022,0.056,0.017,0.028
0.023,0.056,0.017,0.028
0.023,0.056,0.016,0.028
0.024,0.056,0.016,0.028
0.024,0.057,0.016,0.028
0.025,0.057,0.016,0.028
0.026,0.057,0.016,0.028
0.026,0.058,0.016,0.028
0.027,0.058,0.017,0.028
0.027,0.059,0.017,0.028
0.028,0.06,0.018,0.028
0.028,0.061,0.018,0.028
0.029,0.062,0.019,0.027
0.03,0.063,0.02,0.027
0.03,0.063,0.02,0.027
0.03,0.064,0.021,0.026
0.031,0.065,0.022,0.026
0.031,0.066,0.023,0.025
0.032,0.067,0.023,0.025
0.032,0.067,0.024,0.024
0.032,0.068,0.025,0.024
0.032,0.069,0.025,0.023
0.033,0.069,0.026,0.023
0.033,0.069,0.026,0.022
0.033,0.07,0.026,0.022
0.033,0.07,0.027,0.022
0.033,0.07,0.027,0.021
0.033,0.07,0.027,0.021
0.033,0.07,0.027,0.021
0.033,0.07,0.027,0.021
0.033,0.069,0.026,0.02
0.033,0.069,0.026,0.02
0.033,0.069,0.026,0.02
0.033,0.068,0.025,0.02
0.033,0.068,0.025,0.02
0.033,0.067,0.024,0.02
0.033,0.067,0.024,0.021
0.033,0.066,0.023,0.021
0.033,0.065,0.023,0.021
0.033,0.065,0.022,0.021
0.033,0.064,0.021,0.021
0.033,0.064,0.021,0.022
0.033,0.063,0.02,0.022
0.033,0.063,0.019,0.022
0.033,0.062,0.019,0.022
0.032,0.062,0.018,0.022
0.032,0.061,0.017,0.023
0.032,0.061,0.017,0.023
0.032,0.061,0.016,0.023
0.031,0.06,0.015,0.023
0.031,0.06,0.015,0.023
0.031,0.06,0.014,0.023
0.03,0.059,0.013,0.023
0.029,0.059,0.012,0.023
0.029,0.059,0.012,0.022
0.028,0.058,0.011,0.022
0.027,0.058,0.01,0.022
0.026,0.058,0.01,0.022
0.026,0.058,0.009,0.021
0.025,0.057,0.008,0.021
0.024,0.057,0.008,0.02
0.022,0.057,0.007,0.02
0.021,0.056,0.007,0.019
0.02,0.056,0.006,0.019
0.019,0.055,0.006,0.018
0.018,0.055,0.006,0.018
0.017,0.055,0.005,0.017
0.015,0.054,0.005,0.017
0.014,0.054,0.005,0.016
0.013,0.054,0.005,0.016
0.012,0.054,0.005,0.015
0.01,0.053,0.005,0.015
0.009,0.053,0.004,0.014
0.008,0.053,0.004,0.014
0.007,0.053,0.004,0.014
0.006,0.052,0.004,0.013
0.005,0.052,0.004,0.013
0.004,0.052,0.004,0.012
0.003,0.051,0.004,0.012
0.002,0.051,0.004,0.012
0.001,0.051,0.003,0.011
0.001,0.05,0.003,0.011
0,0.05,0.003,0.011
-0.001,0.049,0.002,0.01
-0.001,0.049,0.002,0.01
-0.002,0.048,0.001,0.01
-0.002,0.048,0,0.01
-0.003,0.047,0,0.009
-0.004,0.046,-0.001,0.009
-0.004,0.045,-0.002,0.009
-0.005,0.045,-0.003,0.009
-0.005,0.044,-0.004,0.008
-0.006,0.043,-0.005,0.008
-0.007,0.042,-0.007,0.008
-0.007,0.041,-0.008,0.007
-0.008,0.04,-0.009,0.007
-0.009,0.039,-0.01,0.007
-0.01,0.038,-0.012,0.006
-0.011,0.037,-0.013,0.006
-0.012,0.037,-0.014,0.006
-0.013,0.036,-0.015,0.005
-0.014,0.035,-0.016,0.005
-0.015,0.034,-0.017,0.004
-0.017,0.033,-0.018,0.004
-0.018,0.033,-0.019,0.004
-0.019,0.032,-0.02,0.003
-0.021,0.031,-0.021,0.003
-0.022,0.031,-0.021,0.002
-0.024,0.03,-0.022,0.002
-0.025,0.029,-0.022,0.001
-0.027,0.029,-0.022,0.001
-0.029,0.028,-0.023,0
-0.03,0.028,-0.023,0
-0.032,0.027,-0.022,-0.001
-0.033,0.027,-0.022,-0.001
-0.035,0.027,-0.022,-0.002
-0.036,0.026,-0.022,-0.002
-0.038,0.026,-0.021,-0.003
-0.039,0.026,-0.021,-0.003
-0.04,0.026,-0.02,-0.003
-0.042,0.026,-0.019,-0.003
-0.043,0.025,-0.019,-0.004
-0.044,0.025,-0.018,-0.004
-0.045,0.025,-0.017,-0.004
-0.046,0.025,-0.017,-0.004
-0.046,0.025,-0.016,-0.004
-0.047,0.025,-0.015,-0.004
-0.048,0.024,-0.015,-0.003
-0.048,0.024,-0.014,-0.003
-0.049,0.024,-0.013,-0.003
-0.049,0.024,-0.013,-0.003
-0.049,0.023,-0.012,-0.003
-0.05,0.023,-0.012,-0.002
-0.05,0.023,-0.012,-0.002
-0.05,0.022,-0.012,-0.002
-0.05,0.022,-0.011,-0.002
-0.051,0.021,-0.011,-0.002
-0.051,0.021,-0.012,-0.001
-0.051,0.02,-0.012,-0.001
-0.051,0.02,-0.012,-0.001
-0.052,0.019,-0.013,-0.001
-0.052,0.018,-0.014,-0.001
-0.052,0.018,-0.014,-0.001
-0.053,0.017,-0.015,-0.001
-0.053,0.016,-0.016,-0.001
-0.054,0.015,-0.017,-0.002
-0.054,0.014,-0.018,-0.002
-0.054,0.014,-0.02,-0.002
-0.055,0.013,-0.021,-0.002
-0.055,0.012,-0.022,-0.002
-0.056,0.011,-0.024,-0.003
-0.056,0.01,-0.025,-0.003
-0.056,0.009,-0.026,-0.003
-0.057,0.009,-0.028,-0.003
-0.057,0.008,-0.029,-0.003
-0.057,0.007,-0.03,-0.003
-0.057,0.006,-0.031,-0.003
-0.057,0.006,-0.032,-0.003
-0.057,0.005,-0.033,-0.003
-0.057,0.005,-0.033,-0.003
-0.058,0.004,-0.034,-0.003
-0.058,0.004,-0.034,-0.003
-0.058,0.003,-0.035,-0.002
-0.058,0.003,-0.035,-0.002
-0.058,0.003,-0.035,-0.002
-0.059,0.002,-0.035,-0.001
-0.059,0.002,-0.034,-0.001
-0.06,0.002,-0.034,0
-0.06,0.002,-0.033,0
-0.061,0.001,-0.032,0.001
-0.062,0.001,-0.031,0.001
-0.063,0.001,-0.03,0.002
-0.064,0.001,-0.029,0.002
-0.065,0.001,-0.028,0.003
-0.066,0,-0.027,0.003
-0.067,0,-0.025,0.004
-0.068,0,-0.024,0.004
-0.07,-0.001,-0.023,0.005
-0.071,-0.001,-0.021,0.005
-0.072,-0.001,-0.02,0.005
-0.073,-0.002,-0.018,0.006
-0.074,-0.002,-0.017,0.006
-0.075,-0.003,-0.015,0.007
-0.076,-0.003,-0.014,0.007
-0.077,-0.003,-0.013,0.007
-0.078,-0.004,-0.012,0.007
-0.079,-0.004,-0.011,0.008
-0.079,-0.005,-0.01,0.008
-0.079,-0.005,-0.009,0.008
-0.079,-0.006,-0.009,0.008
-0.079,-0.006,-0.008,0.009
-0.079,-0.006,-0.008,0.009
-0.079,-0.007,-0.008,0.009
-0.079,-0.007,-0.008,0.009
-0.078,-0.007,-0.009,0.009
-0.077,-0.007,-0.009,0.009
-0.077,-0.007,-0.01,0.009
-0.076,-0.007,-0.011,0.009
-0.075,-0.007,-0.012,0.009
-0.074,-0.007,-0.013,0.009
-0.073,-0.007,-0.014,0.009
-0.072,-0.007,-0.015,0.009
-0.072,-0.007,-0.017,0.009
-0.071,-0.006,-0.018,0.009
-0.07,-0.006,-0.019,0.009
-0.069,-0.006,-0.02,0.009
-0.068,-0.006,-0.021,0.009
-0.068,-0.005,-0.022,0.009
-0.067,-0.005,-0.023,0.009
-0.067,-0.005,-0.024,0.009
-0.066,-0.005,-0.024,0.009
-0.066,-0.004,-0.025,0.009
-0.066,-0.004,-0.025,0.009
-0.066,-0.004,-0.025,0.009
-0.066,-0.004,-0.025,0.009
-0.066,-0.004,-0.025,0.009
-0.066,-0.004,-0.025,0.009
-0.066,-0.004,-0.024,0.009
-0.066,-0.004,-0.024,0
-0.066,-0.004,-0.023,0
-0.066,-0.004,-0.022,0
0,-0.005,-0.022,0
0,-0.005,-0.021,0
0,-0.005,-0.02,0
0,-0.005,-0.019,0
0,-0.005,-0.019,0
0,-0.006,-0.018,0
0,-0.006,-0.017,0
0,-0.006,-0.016,0
0,-0.006,-0.016,0
0,-0.006,-0.015,0
0,-0.006,-0.015,0
0,-0.006,-0.015,0
0,-0.005,-0.014,0
0,-0.005,-0.014,0
0,-0.005,-0.014,0
0,0,-0.013,0
0,0,0,0
0,0,0,0
0,0,0,0
0,0,0,0
0,0,0,0
0,0,0,0
0,0,0,0
0,0,0,0
0,0,0,0
0,0,0,0
0,0,0,0
0,0,0,0
0,0,0,0
0,0,0,0
0,0,0,0
0,0,0,0
0,0,0,0
0,0,0,0
0,0,0,0
0,0,0,0
0,0,0,0
0,0,0,0
0,0,0,0
0,0,0,0
0,0,0,0
0,0,0,0
0,0,0,0
0,0,0,0
0,0,0,0
0,0,0,0
0,0,0,0
0,0,0,0
0,0,0,0
0,0,0,0
0,0,0,0
0,0,0,0
0,0,0,0
0,0,0,0
0,0,0,0
0,0,0,0
0,0,0,0
0,0,0,0
0,0,0,0
0,0,0,0
0,0,0,0
0,0,0,0
0,0,0,0
0,0,0,0
0,0,0,0
0,0,0,0
0,0,0,0
0,0,0,0
0,0,0,0
0,0,0,0
0,0,0,0
0,0,0,0
0,0,0,0
0,0,0,0
0,0,0,0
0,0,0,0
0,0,0,0
0,0,0,0
0,0,0,0
0,0,0,0
0,0,0,0
0,0,0,0
0,0,0,0
0,0,0,0
0,0,0,0
0,0,0,0
0,0,0,0
0,0,0,0
0,0,0,0
0,0,0,0
0,0,0,0
0,0,0,0
0,0,0,0
0,0,0,0
0,0,0,0
0,0,0,0
0,0,0,0
0,0,0,0
0,0,0,0
0,0,0,0
0,0,0,0
0,0,0,0
0,0,0,0
0,0,0,0
0,0,0,0
0,0,0,0
0,0,0,0
0,0,0,0
0,0,0,0
0,0,0,0
0,0,0,0
0,0,0,0
0,0,0,0
0,0,0,0
0,0,0,0
0,0,0,0
0,0,0,0
0,0,0,0
0,0,0,0
0,0,0,0
0,0,0,0
0,0,0,0
0,0,0,0
0,0,0,0
0,0,0,0
0,0,0,0
0,0,0,0
0,0,0,0
0,0,0,0
0,0,0,0
0,0,0,0
0,0,0,0
0,0,0,0
0,0,0,0
0,0,0,0
0,0,0,0
0,0,0,0
0,0,0,0
0,0,0,0
0,0,0,0
0,0,0,0
0,0,0,0
0,0,0,0
0,0,0,0
0,0,0,0
0,0,0,0
0,0,0,0
0,0,0,0
0,0,0,0
0,0,0,0
0,0,0,0
0,0,0,0
0,0,0,0
0,0,0,0
0,0,0,0
0,0,0,0
0,0,0,0
0,0,0,0
0,0,0,0
0,0,0,0
0,0,0,0
0,0,0,0
0,0,0,0
0,0,0,0
0,0,0,0
0,0,0,0
0,0,0,0
0,0,0,0
0,0,0,0
0,0,0,0
0,0,0,0
0,0,0,0
0,0,0,0
0,0,0,0
0,0,0,0
0,0,0,0
0,0,0,0
0,0,0,0
0,0,0,0
0,0,0,0
0,0,0,0
0,0,0,0
0,0,0,0
0,0,0,0
0,0,0,0
0,0,0,0
0,0,0,0
0,0,0,0
0,0,0,0
0,0,0,0
0,0,0,0
0,0,0,0
0,0,0,0
0,0,0,0
0,0,0,0
0,0,0,0
0,0,0,0
0,0,0,0
0,0,0,0
0,0,0,0
0,0,0,0
0,0,0,0
0,0,0,0
0,0,0,0
0,0,0,0
0,0,0,0
0,0,0,0
0,0,0,0
0,0,0,0
0,0,0,0
0,0,0,0
0,0,0,0
0,0,0,0
0,0,0,0
0,0,0,0
0,0,0,0
0,0,0,0
0,0,0,0
0,0,0,0
0,0,0,0
0,0,0,0
0,0,0,0
0,0,0,0
0,0,0,0
0,0,0,0
0,0,0,0
0,0,0,0
0,0,0,0
0,0,0,0
0,0,0,0
0,0,0,0
0,0,0,0
0,0,0,0
0,0,0,0
0,0,0,0
0,0,0,0
0,0,0,0
0,0,0,0
0,0,0,0
0,0,0,0
0,0,0,0
0,0,0,0
0,0,0,0
0,0,0,0
0,0,0,0
0,0,0,0
0,0,0,0
0,0,0,0
0,0,0,0
0,0,0,0
0,0,0,0
0,0,0,0
0,0,0,0
0,0,0,0
0,0,0,0
0,0,0,0
0,0,0,0
0,0,0,0
0,0,0,0
0,0,0,0
0,0,0,0
0,0,0,0
0,0,0,0
0,0,0,0
0,0,0,0
0,0,0,0
0,0,0,0
0,0,0,0
0,0,0,0
0,0,0,0
0,0,0,0
0,0,0,0
0,0,0,0
0,0,0,0
0,0,0,0
0,0,0,0
0,0,0,0
0,0,0,0
0,0,0,0
0,0,0,0
0,0,0,0
0,0,0,0
0,0,0,0
0,0,0,0
0,0,0,0
0,0,0,0
0,0,0,0
0,0,0,0
0,0,0,0
0,0,0,0
0,0,0,0
0,0,0,0
0,0,0,0
0,0,0,0
0,0,0,0
0,0,0,0
0,0,0,0
0,0,0,0
0,0,0,0
0,0,0,0
0,0,0,0
0,0,0,0
0,0,0,0
0,0,0,0
0,0,0,0
