-0.054,-0.092,-0.058,-0.084
-0.054,-0.09,-0.056,-0.083
-0.053,-0.089,-0.054,-0.083
-0.053,-0.088,-0.052,-0.083
-0.053,-0.087,-0.05,-0.083
-0.053,-0.085,-0.048,-0.083
-0.053,-0.084,-0.047,-0.083
-0.053,-0.083,-0.045,-0.082
-0.053,-0.082,-0.043,-0.082
-0.053,-0.081,-0.042,-0.082
-0.053,-0.08,-0.04,-0.082
-0.053,-0.08,-0.039,-0.082
-0.052,-0.079,-0.038,-0.082
-0.052,-0.078,-0.037,-0.082
-0.052,-0.078,-0.037,-0.082
-0.052,-0.078,-0.036,-0.082
-0.051,-0.078,-0.036,-0.082
-0.051,-0.078,-0.036,-0.082
-0.05,-0.078,-0.036,-0.082
-0.05,-0.078,-0.036,-0.083
-0.049,-0.079,-0.036,-0.083
-0.049,-0.079,-0.036,-0.083
-0.048,-0.079,-0.037,-0.083
-0.048,-0.08,-0.037,-0.083
-0.047,-0.081,-0.038,-0.083
-0.047,-0.081,-0.038,-0.083
-0.046,-0.082,-0.039,-0.083
-0.046,-0.082,-0.039,-0.083
-0.046,-0.083,-0.04,-0.083
-0.046,-0.084,-0.04,-0.083
-0.045,-0.084,-0.04,-0.083
-0.045,-0.085,-0.04,-0.083
-0.046,-0.085,-0.04,-0.083
-0.046,-0.085,-0.04,-0.082
-0.046,-0.086,-0.039,-0.082
-0.047,-0.086,-0.038,-0.082
-0.047,-0.086,-0.038,-0.082
-0.048,-0.086,-0.036,-0.082
-0.048,-0.086,-0.035,-0.081
-0.049,-0.085,-0.033,-0.081
-0.05,-0.085,-0.032,-0.081
-0.051,-0.085,-0.03,-0.081
-0.052,-0.084,-0.028,-0.081
-0.053,-0.083,-0.025,-0.081
-0.054,-0.082,-0.023,-0.082
-0.055,-0.082,-0.021,-0.082
-0.056,-0.081,-0.018,-0.082
-0.056,-0.079,-0.015,-0.082
-0.057,-0.078,-0.013,-0.083
-0.058,-0.077,-0.01,-0.083
-0.058,-0.075,-0.008,-0.084
-0.058,-0.074,-0.005,-0.084
-0.059,-0.073,-0.003,-0.085
-0.059,-0.071,-0.001,-0.085
-0.059,-0.07,0.001,-0.086
-0.058,-0.068,0.003,-0.086
-0.058,-0.067,0.004,-0.087
-0.057,-0.065,0.006,-0.087
-0.057,-0.064,0.007,-0.087
-0.056,-0.062,0.007,-0.088
-0.055,-0.061,0.008,-0.088
-0.054,-0.06,0.008,-0.088
-0.052,-0.059,0.007,-0.088
-0.051,-0.058,0.007,-0.088
-0.05,-0.057,0.006,-0.088
-0.048,-0.057,0.005,-0.087
-0.047,-0.056,0.003,-0.087
-0.045,-0.055,0.002,-0.086
-0.043,-0.055,0,-0.086
-0.042,-0.054,-0.002,-0.085
-0.04,-0.054,-0.004,-0.084
-0.039,-0.053,-0.006,-0.083
-0.038,-0.053,-0.009,-0.082
-0.036,-0.052,-0.011,-0.081
-0.035,-0.051,-0.013,-0.08
-0.034,-0.051,-0.015,-0.079
-0.033,-0.05,-0.016,-0.077
-0.032,-0.049,-0.018,-0.076
-0.032,-0.048,-0.019,-0.075
-0.031,-0.046,-0.02,-0.074
-0.031,-0.045,-0.021,-0.072
-0.03,-0.043,-0.021,-0.071
-0.03,-0.042,-0.021,-0.07
-0.03,-0.04,-0.021,-0.069
-0.029,-0.038,-0.02,-0.067
-0.029,-0.036,-0.019,-0.066
-0.029,-0.034,-0.018,-0.065
-0.029,-0.032,-0.016,-0.064
-0.029,-0.03,-0.014,-0.063
-0.029,-0.028,-0.012,-0.062
-0.029,-0.026,-0.01,-0.061
-0.029,-0.024,-0.007,-0.06
-0.028,-0.022,-0.005,-0.059
-0.028,-0.02,-0.002,-0.058
-0.027,-0.018,0.001,-0.057
-0.027,-0.016,0.004,-0.056
-0.026,-0.014,0.006,-0.056
-0.025,-0.012,0.009,-0.055
-0.024,-0.011,0.011,-0.054
-0.023,-0.009,0.014,-0.053
-0.022,-0.008,0.016,-0.053
-0.02,-0.007,0.018,-0.052
-0.018,-0.005,0.02,-0.051
-0.017,-0.004,0.022,-0.05
-0.015,-0.003,0.023,-0.05
-0.013,-0.002,0.025,-0.049
-0.011,-0.002,0.026,-0.048
-0.009,-0.001,0.027,-0.047
-0.007,0,0.028,-0.047
-0.005,0,0.029,-0.046
-0.003,0.001,0.03,-0.045
-0.001,0.002,0.031,-0.045
0.001,0.002,0.032,-0.044
0.003,0.003,0.032,-0.043
0.005,0.003,0.033,-0.042
0.006,0.004,0.034,-0.042
0.008,0.005,0.035,-0.041
0.009,0.006,0.037,-0.04
0.01,0.006,0.038,-0.04
0.011,0.007,0.039,-0.039
0.012,0.008,0.041,-0.038
0.013,0.009,0.043,-0.037
0.013,0.011,0.045,-0.037
0.014,0.012,0.047,-0.036
0.014,0.013,0.049,-0.035
0.014,0.015,0.051,-0.035
0.015,0.017,0.053,-0.034
0.015,0.018,0.055,-0.033
0.015,0.02,0.058,-0.032
0.015,0.022,0.06,-0.032
0.016,0.024,0.063,-0.031
0.016,0.026,0.065,-0.031
0.016,0.028,0.068,-0.03
0.017,0.03,0.07,-0.029
0.017,0.032,0.072,-0.029
0.018,0.034,0.074,-0.028
0.019,0.036,0.077,-0.028
0.019,0.038,0.079,-0.027
0.02,0.039,0.08,-0.027
0.021,0.041,0.082,-0.027
0.022,0.042,0.084,-0.026
0.023,0.044,0.085,-0.026
0.024,0.045,0.086,-0.026
0.025,0.046,0.088,-0.026
0.026,0.047,0.089,-0.026
0.027,0.047,0.089,-0.025
0.028,0.048,0.09,-0.025
0.029,0.048,0.091,-0.025
0.03,0.049,0.091,-0.025
0.031,0.049,0.092,-0.025
0.032,0.049,0.092,-0.025
0.033,0.049,0.092,-0.025
0.034,0.049,0.093,-0.025
0.034,0.049,0.093,-0.025
0.035,0.049,0.093,-0.025
0.036,0.049,0.094,-0.025
0.037,0.049,0.094,-0.025
0.037,0.049,0.095,-0.025
0.038,0.049,0.095,-0.025
0.039,0.049,0.096,-0.025
0.039,0.049,0.097,-0.025
0.04,0.049,0.098,-0.025
0.04,0.05,0.099,-0.025
0.041,0.05,0.1,-0.025
0.041,0.051,0.102,-0.025
0.042,0.051,0.103,-0.025
0.043,0.052,0.105,-0.025
0.043,0.052,0.107,-0.025
0.044,0.053,0.108,-0.025
0.044,0.053,0.11,-0.025
0.045,0.054,0.112,-0.025
0.045,0.055,0.114,-0.025
0.046,0.055,0.116,-0.025
0.046,0.056,0.117,-0.025
0.047,0.056,0.119,-0.026
0.047,0.057,0.12,-0.026
0.048,0.057,0.122,-0.026
0.048,0.057,0.123,-0.026
0.048,0.057,0.123,-0.026
0.049,0.058,0.124,-0.027
0.049,0.058,0.124,-0.027
0.049,0.058,0.124,-0.027
0.049,0.057,0.124,-0.028
0.049,0.057,0.124,-0.028
0.049,0.057,0.123,-0.029
0.049,0.056,0.122,-0.029
0.049,0.056,0.121,-0.03
0.048,0.055,0.119,-0.03
0.048,0.054,0.118,-0.031
0.047,0.053,0.116,-0.032
0.047,0.053,0.114,-0.032
0.046,0.052,0.112,-0.033
0.045,0.051,0.11,-0.034
0.045,0.05,0.108,-0.034
0.044,0.049,0.106,-0.035
0.043,0.049,0.104,-0.036
0.042,0.048,0.102,-0.037
0.042,0.047,0.1,-0.037
0.041,0.047,0.098,-0.038
0.04,0.047,0.097,-0.039
0.04,0.046,0.096,-0.039
0.039,0.046,0.095,-0.04
0.039,0.046,0.094,-0.041
0.038,0.046,0.093,-0.042
0.038,0.046,0.093,-0.042
0.037,0.046,0.092,-0.043
0.037,0.047,0.092,-0.044
0.037,0.047,0.093,-0.044
0.037,0.048,0.093,-0.045
0.037,0.048,0.094,-0.046
0.037,0.049,0.095,-0.047
0.037,0.05,0.096,-0.048
0.037,0.051,0.097,-0.048
0.037,0.052,0.098,-0.049
0.037,0.052,0.099,-0.05
0.037,0.053,0.101,-0.051
0.037,0.054,0.102,-0.052
0.037,0.055,0.103,-0.053
0.037,0.055,0.104,-0.054
0.037,0.056,0.105,-0.055
0.036,0.056,0.106,-0.057
0.036,0.056,0.106,-0.058
0.036,0.056,0.107,-0.059
0.035,0.056,0.107,-0.06
0.034,0.056,0.107,-0.062
0.034,0.055,0.106,-0.063
0.033,0.055,0.105,-0.064
0.032,0.054,0.104,-0.066
0.031,0.053,0.103,-0.067
0.03,0.051,0.102,-0.068
0.029,0.05,0.1,-0.07
0.028,0.049,0.098,-0.071
0.027,0.047,0.096,-0.072
0.026,0.045,0.094,-0.074
0.025,0.043,0.091,-0.075
0.025,0.041,0.089,-0.076
0.024,0.04,0.086,-0.077
0.023,0.038,0.084,-0.078
0.023,0.036,0.081,-0.079
0.022,0.034,0.079,-0.08
0.022,0.032,0.076,-0.081
0.021,0.03,0.074,-0.082
0.021,0.028,0.072,-0.083
0.021,0.027,0.07,-0.084
0.021,0.025,0.068,-0.085
0.021,0.024,0.066,-0.086
0.021,0.022,0.064,-0.087
0.021,0.021,0.063,-0.088
0.021,0.02,0.061,-0.089
0.021,0.019,0.06,-0.089
0.021,0.018,0.059,-0.09
0.021,0.017,0.058,-0.091
0.021,0.016,0.057,-0.092
0.02,0.015,0.057,-0.093
0.02,0.015,0.056,-0.094
0.02,0.014,0.055,-0.095
0.02,0.013,0.055,-0.096
0.019,0.013,0.054,-0.097
0.018,0.012,0.054,-0.098
0.018,0.012,0.053,-0.099
0.017,0.012,0.053,-0.1
0.016,0.011,0.053,-0.102
0.015,0.011,0.052,-0.103
0.014,0.01,0.052,-0.105
0.012,0.009,0.051,-0.106
0.011,0.009,0.051,-0.108
0.01,0.008,0.05,-0.11
0.008,0.008,0.05,-0.112
0.007,0.007,0.049,-0.114
0.005,0.006,0.049,-0.116
0.004,0.005,0.048,-0.118
0.002,0.004,0.048,-0.12
0.001,0.003,0.047,-0.122
0,0.003,0.046,-0.125
-0.001,0.002,0.045,-0.127
-0.002,0.001,0.044,-0.129
-0.003,0,0.043,-0.131
-0.003,-0.001,0.042,-0.134
-0.003,-0.002,0.04,-0.136
-0.004,-0.003,0.039,-0.138
-0.004,-0.004,0.037,-0.14
-0.003,-0.005,0.035,-0.142
-0.003,-0.006,0.033,-0.144
-0.002,-0.006,0.031,-0.146
-0.002,-0.007,0.029,-0.148
-0.001,-0.008,0.027,-0.15
0,-0.008,0.024,-0.151
0.001,-0.009,0.022,-0.153
0.002,-0.009,0.019,-0.154
0.003,-0.009,0.016,-0.155
0.003,-0.01,0.013,-0.157
0.004,-0.01,0.011,-0.158
0.005,-0.01,0.008,-0.159
0.006,-0.01,0.004,-0.159
0.006,-0.01,0.001,-0.16
0.006,-0.01,-0.002,-0.161
0.007,-0.01,-0.005,-0.162
0.006,-0.01,-0.008,-0.162
0.006,-0.011,-0.011,-0.163
0.006,-0.011,-0.014,-0.164
0.005,-0.011,-0.017,-0.164
0.004,-0.011,-0.019,-0.165
0.003,-0.011,-0.022,-0.165
0.001,-0.011,-0.025,-0.166
0,-0.012,-0.027,-0.166
-0.002,-0.012,-0.029,-0.167
-0.004,-0.013,-0.031,-0.167
-0.006,-0.013,-0.033,-0.168
-0.008,-0.014,-0.035,-0.168
-0.01,-0.015,-0.037,-0.168
-0.012,-0.015,-0.038,-0.169
-0.014,-0.016,-0.039,-0.169
-0.017,-0.017,-0.04,-0.169
-0.019,-0.018,-0.041,-0.169
-0.021,-0.019,-0.042,-0.169
-0.022,-0.019,-0.042,-0.17
-0.024,-0.02,-0.042,-0.17
-0.025,-0.021,-0.042,-0.17
-0.027,-0.021,-0.042,-0.17
-0.028,-0.022,-0.042,-0.171
-0.028,-0.022,-0.041,-0.171
-0.029,-0.022,-0.041,-0.171
-0.029,-0.023,-0.04,-0.172
-0.029,-0.022,-0.039,-0.173
-0.029,-0.022,-0.038,-0.173
-0.029,-0.022,-0.036,-0.174
-0.028,-0.021,-0.035,-0.176
-0.027,-0.021,-0.034,-0.177
-0.026,-0.02,-0.033,-0.178
-0.025,-0.019,-0.031,-0.18
-0.024,-0.018,-0.03,-0.181
-0.023,-0.017,-0.029,-0.183
-0.021,-0.016,-0.028,-0.185
-0.02,-0.015,-0.027,-0.187
-0.019,-0.014,-0.026,-0.189
-0.018,-0.012,-0.025,-0.192
-0.017,-0.011,-0.025,-0.194
-0.016,-0.01,-0.024,-0.196
-0.015,-0.009,-0.024,-0.198
-0.014,-0.008,-0.024,-0.2
-0.013,-0.007,-0.025,-0.202
-0.013,-0.006,-0.025,-0.204
-0.012,-0.005,-0.026,-0.206
-0.012,-0.004,-0.027,-0.207
-0.012,-0.004,-0.028,-0.208
-0.012,-0.003,-0.029,-0.209
-0.012,-0.003,-0.03,-0.21
-0.012,-0.003,-0.031,-0.211
-0.013,-0.004,-0.032,-0.212
-0.013,-0.004,-0.034,-0.212
-0.014,-0.005,-0.035,-0.212
-0.014,-0.005,-0.036,-0.212
-0.015,-0.006,-0.038,-0.211
-0.015,-0.007,-0.039,-0.211
-0.016,-0.008,-0.04,-0.211
-0.016,-0.01,-0.041,-0.21
-0.017,-0.011,-0.042,-0.209
-0.017,-0.012,-0.042,-0.208
-0.017,-0.014,-0.043,-0.208
-0.018,-0.015,-0.043,-0.207
-0.018,-0.017,-0.043,-0.206
-0.018,-0.018,-0.043,-0.205
-0.017,-0.019,-0.043,-0.204
-0.017,-0.021,-0.043,-0.204
-0.017,-0.022,-0.042,-0.203
-0.016,-0.023,-0.042,-0.203
-0.016,-0.024,-0.041,-0.202
-0.015,-0.024,-0.04,-0.202
-0.014,-0.025,-0.039,-0.202
-0.014,-0.025,-0.038,-0.202
-0.013,-0.026,-0.037,-0.202
-0.013,-0.025,-0.037,-0.202
-0.012,-0.025,-0.036,-0.202
-0.011,-0.025,-0.035,-0.203
-0.011,-0.024,-0.034,-0.203
-0.011,-0.024,-0.034,-0.203
-0.011,-0.023,-0.034,-0.204
-0.01,-0.022,-0.033,-0.204
-0.01,-0.021,-0.033,-0.205
-0.011,-0.02,-0.033,-0.205
-0.011,-0.019,-0.033,-0.206
-0.011,-0.017,-0.034,-0.206
-0.012,-0.016,-0.034,-0.206
-0.012,-0.015,-0.035,-0.206
-0.013,-0.014,-0.035,-0.207
-0.014,-0.013,-0.036,-0.207
-0.014,-0.012,-0.037,-0.207
-0.015,-0.011,-0.038,-0.206
-0.016,-0.011,-0.039,-0.206
-0.017,-0.01,-0.04,-0.206
-0.017,-0.01,-0.042,-0.205
-0.018,-0.009,-0.043,-0.205
-0.018,-0.009,-0.044,-0.204
-0.019,-0.009,-0.045,-0.204
-0.019,-0.01,-0.046,-0.203
-0.02,-0.01,-0.047,-0.202
-0.02,-0.011,-0.048,-0.201
-0.02,-0.011,-0.049,-0.2
-0.02,-0.012,-0.05,-0.2
-0.019,-0.012,-0.051,-0.199
-0.019,-0.013,-0.051,-0.198
-0.018,-0.014,-0.052,-0.197
-0.018,-0.015,-0.052,-0.196
-0.017,-0.015,-0.052,-0.195
-0.017,-0.016,-0.052,-0.194
-0.016,-0.016,-0.052,-0.193
-0.015,-0.017,-0.052,-0.192
-0.015,-0.017,-0.051,-0.192
-0.014,-0.017,-0.051,-0.191
-0.014,-0.017,-0.05,-0.19
-0.013,-0.016,-0.049,-0.189
-0.013,-0.016,-0.048,-0.188
-0.013,-0.015,-0.047,-0.187
-0.012,-0.015,-0.046,-0.187
-0.012,-0.014,-0.045,-0.186
-0.012,-0.013,-0.044,-0.185
-0.013,-0.011,-0.042,-0.184
-0.013,-0.01,-0.041,-0.184
-0.013,-0.008,-0.039,-0.183
-0.014,-0.007,-0.038,-0.182
-0.014,-0.005,-0.036,-0.181
-0.015,-0.004,-0.034,-0.181
-0.016,-0.002,-0.033,-0.18
-0.017,0,-0.031,-0.179
-0.018,0.001,-0.029,-0.179
-0.018,0.003,-0.028,-0.178
-0.019,0.005,-0.026,-0.178
-0.02,0.006,-0.025,-0.177
-0.021,0.007,-0.023,-0.177
-0.021,0.009,-0.022,-0.176
-0.022,0.01,-0.021,-0.176
-0.022,0.011,-0.02,-0.175
-0.023,0.012,-0.019,-0.175
-0.023,0.013,-0.019,-0.175
-0.023,0.013,-0.018,-0.174
-0.023,0.014,-0.018,-0.174
-0.023,0.014,-0.018,-0.174
-0.023,0.014,-0.019,-0.173
-0.022,0.015,-0.019,-0.173
-0.022,0.015,-0.02,-0.172
-0.022,0.014,-0.021,-0.172
-0.021,0.014,-0.022,-0.171
-0.021,0.014,-0.023,-0.171
-0.02,0.014,-0.024,-0.17
-0.02,0.013,-0.026,-0.169
-0.019,0.013,-0.027,-0.168
-0.019,0.012,-0.029,-0.167
-0.018,0.011,-0.03,-0.166
-0.018,0.011,-0.032,-0.164
-0.017,0.01,-0.033,-0.163
-0.017,0.009,-0.035,-0.162
-0.016,0.008,-0.036,-0.16
-0.016,0.008,-0.036,-0.159
-0.016,0.007,-0.037,-0.157
-0.016,0.006,-0.038,-0.155
-0.016,0.005,-0.038,-0.154
-0.015,0.004,-0.038,-0.152
-0.015,0.004,-0.037,-0.15
-0.015,0.003,-0.037,-0.149
-0.015,0.002,-0.036,-0.147
-0.015,0.001,-0.035,-0.146
-0.015,0.001,-0.034,-0.144
-0.015,0,-0.032,-0.143
-0.015,-0.001,-0.031,-0.142
-0.015,-0.002,-0.029,-0.14
-0.015,-0.002,-0.027,-0.139
-0.015,-0.003,-0.026,-0.138
-0.015,-0.003,-0.024,-0.137
-0.014,-0.004,-0.022,-0.136
-0.014,-0.004,-0.021,-0.135
-0.014,-0.004,-0.02,-0.135
-0.014,-0.005,-0.018,-0.134
-0.013,-0.005,-0.017,-0.133
-0.013,-0.004,-0.016,-0.133
-0.013,-0.004,-0.016,-0.132
-0.013,-0.004,-0.015,-0.131
-0.012,-0.003,-0.015,-0.131
-0.012,-0.003,-0.014,-0.13
-0.012,-0.002,-0.014,-0.13
-0.012,-0.001,-0.015,-0.129
-0.011,0,-0.015,-0.128
-0.011,0.002,-0.015,-0.127
-0.011,0.003,-0.016,-0.127
-0.011,0.004,-0.016,-0.126
-0.011,0.006,-0.017,-0.124
-0.011,0.007,-0.017,-0.123
-0.011,0.009,-0.018,-0.122
-0.011,0.011,-0.019,-0.121
-0.011,0.012,-0.019,-0.119
-0.011,0.014,-0.02,-0.117
-0.011,0.015,-0.02,-0.116
-0.012,0.016,-0.021,-0.114
-0.012,0.017,-0.021,-0.112
-0.012,0.018,-0.021,-0.11
-0.012,0.019,-0.021,-0.108
-0.013,0.02,-0.021,-0.106
-0.013,0.021,-0.021,-0.104
-0.013,0.021,-0.02,-0.102
-0.013,0.021,-0.019,-0.1
-0.013,0.021,-0.019,-0.098
-0.013,0.021,-0.018,-0.096
-0.013,0.021,-0.016,-0.094
-0.013,0.02,-0.015,-0.092
-0.013,0.02,-0.014,-0.09
-0.013,0.019,-0.012,-0.089
-0.013,0.019,-0.01,-0.087
-0.012,0.018,-0.009,-0.086
-0.012,0.017,-0.007,-0.085
-0.012,0.017,-0.005,-0.084
-0.011,0.016,-0.003,-0.083
-0.011,0.016,-0.001,-0.083
-0.011,0.015,0.001,-0.082
-0.01,0.015,0.003,-0.082
-0.01,0.015,0.005,-0.082
-0.01,0.015,0.007,-0.082
-0.009,0.016,0.009,-0.082
-0.009,0.016,0.011,-0.082
-0.009,0.017,0.012,-0.082
-0.009,0.017,0.014,-0.082
-0.009,0.018,0.015,-0.082
-0.009,0.019,0.016,-0.082
-0.01,0.02,0.017,-0.082
-0.01,0.022,0.017,-0.083
-0.011,0.023,0.018,-0.083
-0.011,0.024,0.018,-0.082
-0.012,0.026,0.018,-0.082
-0.013,0.027,0.017,-0.082
-0.014,0.028,0.017,-0.082
-0.014,0.03,0.016,-0.081
-0.015,0.031,0.015,-0.08
-0.016,0.032,0.014,-0.079
-0.017,0.033,0.013,-0.079
-0.018,0.034,0.011,-0.078
-0.018,0.035,0.01,-0.076
-0.019,0.036,0.008,-0.075
-0.02,0.037,0.007,-0.074
-0.02,0.037,0.005,-0.073
-0.02,0.038,0.004,-0.072
-0.02,0.038,0.002,-0.07
-0.021,0.038,0.001,-0.069
-0.02,0.039,0,-0.068
-0.02,0.039,-0.001,-0.067
-0.02,0.038,-0.002,-0.066
-0.019,0.038,-0.003,-0.065
-0.018,0.038,-0.003,-0.065
-0.018,0.037,-0.003,-0.064
-0.017,0.037,-0.004,-0.064
-0.016,0.036,-0.003,-0.064
-0.014,0.035,-0.003,-0.064
-0.013,0.034,-0.003,-0.064
-0.012,0.034,-0.002,-0.064
-0.011,0.033,-0.001,-0.065
-0.01,0.032,0,-0.065
-0.009,0.031,0.001,-0.066
-0.008,0.03,0.002,-0.066
-0.007,0.029,0.003,-0.067
-0.006,0.028,0.004,-0.068
-0.006,0.027,0.006,-0.068
-0.005,0.026,0.007,-0.069
-0.005,0.025,0.008,-0.07
-0.004,0.024,0.01,-0.07
-0.004,0.023,0.011,-0.071
-0.004,0.023,0.012,-0.072
-0.004,0.022,0.013,-0.072
-0.005,0.022,0.014,-0.072
-0.005,0.022,0.014,-0.073
-0.006,0.021,0.015,-0.073
-0.006,0.021,0.015,-0.073
-0.007,0.021,0.015,-0.073
-0.007,0.022,0.015,-0.073
-0.008,0.022,0.015,-0.072
-0.009,0.022,0.015,-0.072
-0.01,0.022,0.015,-0.072
-0.01,0.023,0.014,-0.071
-0.011,0.023,0.013,-0.071
-0.012,0.024,0.013,-0.07
-0.012,0.024,0.012,-0.069
-0.013,0.025,0.011,-0.069
-0.013,0.025,0.01,-0.068
-0.013,0.026,0.009,-0.067
-0.014,0.026,0.008,-0.066
-0.014,0.026,0.007,-0.066
-0.014,0.026,0.006,-0.065
-0.014,0.026,0.005,-0.064
-0.014,0.026,0.005,-0.064
-0.013,0.026,0.004,-0.063
-0.013,0.026,0.004,-0.062
-0.013,0.026,0.003,-0.062
-0.012,0.026,0.003,-0.061
-0.011,0.025,0.003,-0.061
-0.011,0.025,0.003,-0.06
-0.01,0.024,0.004,-0.06
-0.009,0.023,0.005,-0.06
-0.008,0.023,0.005,-0.059
-0.007,0.022,0.007,-0.059
-0.006,0.021,0.008,-0.059
-0.005,0.02,0.009,-0.059
-0.004,0.02,0.011,-0.059
-0.003,0.019,0.013,-0.059
-0.002,0.018,0.015,-0.059
-0.001,0.017,0.017,-0.059
0.001,0.017,0.02,-0.059
0.002,0.016,0.022,-0.059
0.003,0.016,0.024,-0.059
0.004,0.016,0.027,-0.059
0.006,0.016,0.029,-0.059
0.007,0.016,0.032,-0.059
0.008,0.016,0.034,-0.059
0.009,0.016,0.036,-0.059
0.01,0.016,0.038,-0.058
0.012,0.017,0.04,-0.058
0.013,0.017,0.041,-0.058
0.014,0.018,0.043,-0.057
0.015,0.019,0.044,-0.057
0.016,0.02,0.044,-0.056
0.018,0.021,0.045,-0.055
0.019,0.022,0.045,-0.054
0.02,0.023,0.045,-0.053
0.021,0.025,0.044,-0.052
0.023,0.026,0.044,-0.051
0.024,0.027,0.043,-0.05
0.025,0.029,0.042,-0.048
0.026,0.03,0.041,-0.046
0.028,0.032,0.04,-0.045
0.029,0.033,0.039,-0.043
0.03,0.034,0.037,-0.041
0.031,0.035,0.036,-0.04
0.032,0.037,0.035,-0.038
0.033,0.038,0.034,-0.036
0.034,0.039,0.033,-0.034
0.035,0.04,0.032,-0.033
0.036,0.04,0.032,-0.031
0.037,0.041,0.031,-0.03
0.037,0.042,0.031,-0.028
0.038,0.042,0.031,-0.027
0.039,0.043,0.032,-0.026
0.039,0.043,0.032,-0.025
0.04,0.044,0.033,-0.025
0.041,0.044,0.035,-0.024
0.041,0.044,0.036,-0.024
0.042,0.044,0.037,-0.023
0.043,0.044,0.039,-0.023
0.043,0.044,0.041,-0.023
0.044,0.045,0.043,-0.023
0.045,0.045,0.045,-0.023
0.046,0.045,0.047,-0.023
0.047,0.045,0.049,-0.023
0.048,0.046,0.051,-0.024
0.049,0.046,0.053,-0.024
0.05,0.047,0.055,-0.024
0.051,0.048,0.056,-0.023
0.053,0.048,0.058,-0.023
0.054,0.049,0.059,-0.023
0.056,0.05,0.06,-0.022
0.058,0.051,0.061,-0.021
0.06,0.052,0.061,-0.02
0.062,0.054,0.062,-0.019
0.064,0.055,0.062,-0.017
0.066,0.056,0.061,-0.015
0.069,0.058,0.061,-0.013
0.071,0.059,0.061,-0.011
0.074,0.061,0.06,-0.009
0.076,0.063,0.059,-0.006
0.079,0.064,0.058,-0.003
0.082,0.066,0.057,0
0.085,0.068,0.056,0.004
0.087,0.069,0.055,0.007
0.09,0.071,0.054,0.011
0.093,0.073,0.053,0.014
0.095,0.075,0.052,0.018
0.098,0.076,0.051,0.022
0.1,0.078,0.051,0.025
0.103,0.08,0.05,0.029
0.105,0.081,0.05,0.032
0.107,0.083,0.05,0.036
0.109,0.085,0.05,0.039
0.111,0.087,0.05,0.042
0.113,0.088,0.051,0.045
0.115,0.09,0.051,0.048
0.116,0.091,0.052,0.051
0.118,0.093,0.054,0.053
0.119,0.094,0.055,0.055
0.12,0.095,0.057,0.058
0.121,0.097,0.058,0.06
0.122,0.098,0.06,0.061
0.123,0.099,0.062,0.063
0.124,0.1,0.064,0.064
0.125,0.101,0.066,0.066
0.126,0.101,0.068,0.067
0.127,0.102,0.07,0.068
0.127,0.103,0.072,0.07
0.128,0.103,0.074,0.071
0.129,0.104,0.076,0.072
0.129,0.104,0.078,0.073
0.13,0.104,0.08,0.074
0.13,0.105,0.081,0.075
0.131,0.105,0.083,0.076
0.132,0.105,0.084,0.078
0.132,0.106,0.085,0.079
0.133,0.106,0.086,0.08
0.134,0.107,0.087,0.081
0.135,0.107,0.088,0.083
0.136,0.108,0.088,0.084
0.137,0.108,0.089,0.086
0.138,0.109,0.089,0.087
0.139,0.11,0.089,0.089
0.141,0.111,0.09,0.09
0.143,0.112,0.09,0.092
0.144,0.114,0.09,0.093
0.146,0.115,0.09,0.095
0.148,0.117,0.09,0.096
0.15,0.119,0.089,0.098
0.152,0.121,0.089,0.099
0.155,0.123,0.089,0.101
0.157,0.125,0.09,0.102
0.16,0.127,0.09,0.103
0.162,0.129,0.09,0.105
0.165,0.132,0.09,0.106
0.167,0.134,0.091,0.107
0.17,0.136,0.091,0.108
0.172,0.138,0.092,0.109
0.175,0.14,0.092,0.11
0.177,0.142,0.093,0.11
0.179,0.144,0.094,0.111
0.181,0.146,0.095,0.111
0.183,0.147,0.096,0.112
0.184,0.149,0.097,0.112
0.185,0.15,0.098,0.112
0.186,0.15,0.098,0.112
0.186,0.151,0.099,0.111
0.186,0.151,0.099,0.111
0.186,0.151,0.099,0.11
0.184,0.15,0.099,0.109
0.183,0.149,0.098,0.107
0.181,0.148,0.097,0.106
0.178,0.146,0.096,0.104
0.175,0.144,0.094,0.102
0.171,0.142,0.092,0.099
0.167,0.139,0.089,0.096
0.162,0.136,0.086,0.093
0.157,0.133,0.082,0.09
0.151,0.13,0.078,0.086
0.146,0.126,0.074,0.082
0.139,0.122,0.069,0.078
0.133,0.117,0.064,0.073
0.126,0.113,0.059,0.069
0.12,0.108,0.053,0.064
0.113,0.103,0.047,0.059
0.106,0.098,0.041,0.054
0.1,0.093,0.035,0.049
0.093,0.088,0.029,0.044
0.087,0.083,0.023,0.038
0.081,0.078,0.017,0.033
0.075,0.073,0.011,0.028
0.07,0.068,0.005,0.023
0.065,0.063,-0.001,0.018
0.06,0.059,-0.006,0.013
0.056,0.054,-0.012,0.009
0.052,0.05,-0.017,0.004
0.048,0.046,-0.022,0
0.045,0.042,-0.026,-0.004
0.042,0.039,-0.03,-0.008
0.04,0.035,-0.034,-0.012
0.037,0.032,-0.038,-0.016
0.035,0.029,-0.042,-0.019
0.034,0.026,-0.045,-0.022
0.032,0.023,-0.048,-0.025
0.03,0.02,-0.051,-0.028
0.029,0.018,-0.053,-0.031
0.028,0.015,-0.056,-0.033
0.026,0.013,-0.058,-0.036
0.025,0.011,-0.06,-0.038
0.024,0.009,-0.062,-0.04
0.022,0.006,-0.064,-0.042
0.021,0.004,-0.065,-0.044
0.019,0.002,-0.067,-0.046
0.017,0,-0.068,-0.048
0.015,-0.002,-0.069,-0.05
0.013,-0.004,-0.07,-0.052
0.011,-0.006,-0.071,-0.054
0.009,-0.008,-0.072,-0.056
0.007,-0.01,-0.073,-0.057
0.004,-0.012,-0.074,-0.059
0.002,-0.013,-0.075,-0.061
-0.001,-0.015,-0.076,-0.063
-0.003,-0.016,-0.077,-0.064
-0.005,-0.018,-0.078,-0.066
-0.008,-0.019,-0.079,-0.068
-0.01,-0.02,-0.08,-0.069
-0.012,-0.021,-0.081,-0.071
-0.014,-0.022,-0.083,-0.072
-0.016,-0.022,-0.084,-0.074
-0.018,-0.023,-0.085,-0.075
-0.019,-0.023,-0.086,-0.076
-0.021,-0.023,-0.088,-0.077
-0.022,-0.023,-0.089,-0.078
-0.023,-0.023,-0.09,-0.078
-0.024,-0.023,-0.092,-0.079
-0.025,-0.023,-0.093,-0.079
-0.026,-0.022,-0.095,-0.079
-0.026,-0.022,-0.096,-0.079
-0.027,-0.021,-0.098,-0.079
-0.027,-0.021,-0.099,-0.079
-0.027,-0.021,-0.1,-0.078
-0.028,-0.021,-0.102,-0.078
-0.028,-0.021,-0.103,-0.077
-0.028,-0.021,-0.104,-0.077
-0.028,-0.021,-0.105,-0.076
-0.028,-0.021,-0.106,-0.075
-0.028,-0.022,-0.107,-0.075
-0.028,-0.022,-0.107,-0.074
-0.028,-0.023,-0.108,-0.074
-0.028,-0.024,-0.108,-0.073
-0.029,-0.025,-0.108,-0.073
-0.029,-0.027,-0.108,-0.073
-0.029,-0.028,-0.108,-0.073
-0.03,-0.03,-0.108,-0.073
-0.03,-0.032,-0.107,-0.073
-0.031,-0.034,-0.106,-0.074
-0.031,-0.036,-0.106,-0.074
-0.032,-0.038,-0.105,-0.075
-0.033,-0.04,-0.104,-0.076
-0.034,-0.042,-0.103,-0.077
-0.035,-0.044,-0.102,-0.078
-0.036,-0.045,-0.101,-0.079
-0.037,-0.047,-0.1,-0.081
-0.038,-0.048,-0.099,-0.082
-0.039,-0.05,-0.098,-0.083
-0.04,-0.051,-0.097,-0.084
-0.041,-0.052,-0.096,-0.086
-0.042,-0.052,-0.095,-0.087
-0.043,-0.053,-0.094,-0.088
-0.043,-0.053,-0.093,-0.089
-0.044,-0.053,-0.093,-0.09
-0.045,-0.053,-0.092,-0.091
-0.045,-0.052,-0.092,-0.092
-0.046,-0.052,-0.092,-0.092
-0.046,-0.051,-0.092,-0.093
-0.046,-0.05,-0.092,-0.093
-0.046,-0.049,-0.092,-0.093
-0.046,-0.048,-0.093,-0.093
-0.046,-0.047,-0.094,-0.093
-0.046,-0.046,-0.095,-0.093
-0.046,-0.045,-0.096,-0.092
-0.045,-0.044,-0.097,-0.092
-0.044,-0.044,-0.098,-0.091
-0.044,-0.043,-0.1,-0.091
-0.043,-0.043,-0.101,-0.09
-0.042,-0.042,-0.103,-0.09
-0.041,-0.042,-0.104,-0.089
-0.041,-0.043,-0.106,-0.088
-0.04,-0.043,-0.107,-0.088
-0.039,-0.043,-0.109,-0.087
-0.038,-0.044,-0.11,-0.086
-0.037,-0.045,-0.112,-0.086
-0.036,-0.046,-0.113,-0.085
-0.036,-0.047,-0.114,-0.085
-0.035,-0.049,-0.115,-0.084
-0.034,-0.05,-0.115,-0.084
-0.034,-0.051,-0.116,-0.084
-0.033,-0.053,-0.116,-0.084
-0.033,-0.055,-0.116,-0.084
-0.032,-0.056,-0.116,-0.084
-0.032,-0.058,-0.116,-0.084
-0.031,-0.059,-0.116,-0.084
-0.031,-0.06,-0.115,-0.084
-0.03,-0.062,-0.115,-0.084
-0.03,-0.063,-0.114,-0.084
-0.03,-0.064,-0.113,-0.085
-0.029,-0.065,-0.112,-0.085
-0.029,-0.066,-0.112,-0.085
-0.029,-0.066,-0.111,-0.086
-0.028,-0.067,-0.11,-0.086
-0.028,-0.067,-0.109,-0.087
-0.028,-0.067,-0.108,-0.087
-0.027,-0.067,-0.108,-0.087
-0.027,-0.067,-0.107,-0.088
-0.027,-0.067,-0.107,-0.088
-0.027,-0.066,-0.106,-0.088
-0.027,-0.066,-0.105,-0.088
-0.027,-0.065,-0.105,-0.088
-0.027,-0.064,-0.105,-0.088
-0.027,-0.063,-0.104,-0.088
-0.027,-0.062,-0.104,-0.088
-0.027,-0.061,-0.104,-0.088
-0.028,-0.059,-0.103,-0.088
-0.028,-0.058,-0.103,-0.088
-0.028,-0.056,-0.103,-0.087
-0.029,-0.055,-0.103,-0.087
-0.029,-0.053,-0.102,-0.087
-0.03,-0.052,-0.102,-0.086
-0.03,-0.05,-0.101,-0.086
-0.031,-0.049,-0.101,-0.085
-0.031,-0.047,-0.1,-0.085
-0.031,-0.046,-0.099,-0.084
-0.031,-0.044,-0.099,-0.084
-0.032,-0.043,-0.098,-0.083
-0.032,-0.042,-0.097,-0.083
-0.032,-0.041,-0.096,-0.082
-0.031,-0.04,-0.095,-0.082
-0.031,-0.039,-0.093,-0.081
-0.03,-0.038,-0.092,-0.081
-0.03,-0.038,-0.091,-0.081
-0.029,-0.037,-0.09,-0.08
-0.028,-0.037,-0.088,-0.08
-0.027,-0.036,-0.087,-0.079
-0.026,-0.036,-0.086,-0.079
-0.025,-0.036,-0.085,-0.079
-0.023,-0.035,-0.084,-0.078
-0.022,-0.035,-0.083,-0.078
-0.021,-0.035,-0.083,-0.078
-0.019,-0.035,-0.082,-0.077
-0.018,-0.035,-0.082,-0.077
-0.016,-0.035,-0.082,-0.077
-0.015,-0.035,-0.082,-0.076
-0.013,-0.035,-0.082,-0.076
-0.012,-0.035,-0.083,-0.075
-0.01,-0.035,-0.084,-0.075
-0.009,-0.034,-0.084,-0.074
-0.008,-0.034,-0.085,-0.074
-0.006,-0.034,-0.086,-0.073
-0.005,-0.034,-0.087,-0.072
-0.004,-0.034,-0.089,-0.072
-0.003,-0.034,-0.09,-0.071
-0.002,-0.033,-0.091,-0.07
-0.001,-0.033,-0.092,-0.069
-0.001,-0.033,-0.093,-0.069
0,-0.033,-0.094,-0.068
0.001,-0.033,-0.094,-0.067
0.001,-0.033,-0.095,-0.066
0.002,-0.033,-0.095,-0.065
0.002,-0.032,-0.095,-0.065
0.003,-0.032,-0.095,-0.064
0.003,-0.032,-0.095,-0.063
0.004,-0.032,-0.095,-0.062
0.004,-0.032,-0.094,-0.061
0.004,-0.033,-0.093,-0.06
0.004,-0.033,-0.092,-0.06
0.004,-0.033,-0.091,-0.059
0.004,-0.033,-0.089,-0.058
0.005,-0.033,-0.088,-0.058
0.005,-0.033,-0.086,-0.057
0.005,-0.034,-0.084,-0.057
0.005,-0.034,-0.082,-0.056
0.004,-0.034,-0.081,-0.056
0.004,-0.034,-0.079,-0.056
0.004,-0.035,-0.077,-0.056
0.004,-0.035,-0.075,-0.056
0.004,-0.035,-0.073,-0.056
0.004,-0.035,-0.072,-0.056
0.004,-0.036,-0.07,-0.056
0.004,-0.036,-0.068,-0.056
0.004,-0.036,-0.067,-0.057
0.004,-0.036,-0.065,-0.057
0.004,-0.036,-0.064,-0.058
0.004,-0.036,-0.063,-0.058
0.004,-0.036,-0.062,-0.059
0.004,-0.036,-0.061,-0.059
0.004,-0.036,-0.061,-0.06
0.005,-0.036,-0.06,-0.061
0.005,-0.036,-0.06,-0.061
0.005,-0.036,-0.059,-0.062
0.006,-0.035,-0.059,-0.062
0.007,-0.035,-0.059,-0.062
0.008,-0.034,-0.059,-0.062
0.009,-0.033,-0.059,-0.062
0.01,-0.032,-0.059,-0.061
0.012,-0.03,-0.059,-0.06
0.014,-0.028,-0.058,-0.059
0.016,-0.026,-0.058,-0.057
0.019,-0.024,-0.057,-0.055
0.023,-0.021,-0.056,-0.052
0.026,-0.017,-0.054,-0.048
0.031,-0.013,-0.052,-0.044
0.036,-0.008,-0.049,-0.039
0.042,-0.002,-0.046,-0.034
0.048,0.004,-0.041,-0.027
0.056,0.011,-0.036,-0.02
0.064,0.019,-0.031,-0.012
0.073,0.028,-0.024,-0.002
0.083,0.038,-0.016,0.008
0.093,0.048,-0.007,0.019
0.105,0.06,0.003,0.031
0.118,0.072,0.014,0.044
0.132,0.086,0.027,0.058
0.146,0.1,0.04,0.073
0.162,0.116,0.055,0.089
0.178,0.132,0.07,0.106
0.195,0.149,0.087,0.123
0.213,0.167,0.105,0.142
0.232,0.185,0.124,0.161
0.251,0.204,0.143,0.181
0.272,0.224,0.164,0.202
0.292,0.244,0.185,0.223
0.313,0.265,0.207,0.244
0.334,0.286,0.229,0.266
0.356,0.307,0.252,0.288
0.378,0.328,0.275,0.31
0.399,0.349,0.298,0.331
0.421,0.37,0.32,0.353
0.442,0.39,0.343,0.374
0.463,0.411,0.366,0.395
0.483,0.431,0.388,0.416
0.503,0.45,0.409,0.435
0.522,0.468,0.43,0.454
0.541,0.486,0.45,0.472
0.558,0.503,0.468,0.489
0.574,0.519,0.486,0.504
0.589,0.533,0.503,0.518
0.602,0.547,0.518,0.531
0.615,0.559,0.531,0.543
0.625,0.57,0.543,0.553
0.634,0.579,0.554,0.562
0.642,0.587,0.562,0.568
0.648,0.593,0.569,0.574
0.652,0.598,0.575,0.577
0.654,0.601,0.578,0.579
0.655,0.603,0.58,0.58
0.654,0.603,0.579,0.579
0.651,0.602,0.577,0.576
0.647,0.599,0.574,0.572
0.641,0.595,0.568,0.566
0.633,0.589,0.561,0.559
0.624,0.582,0.553,0.551
0.614,0.574,0.543,0.542
0.603,0.565,0.532,0.531
0.59,0.555,0.519,0.52
0.577,0.544,0.506,0.508
0.563,0.532,0.492,0.495
0.548,0.519,0.476,0.482
0.533,0.506,0.461,0.469
0.517,0.492,0.444,0.455
0.501,0.477,0.427,0.44
0.485,0.463,0.41,0.426
0.469,0.448,0.393,0.412
0.452,0.433,0.376,0.397
0.436,0.418,0.359,0.383
0.421,0.403,0.342,0.369
0.405,0.387,0.325,0.355
0.39,0.372,0.308,0.341
0.375,0.357,0.292,0.328
0.36,0.342,0.276,0.314
0.346,0.327,0.261,0.301
0.332,0.313,0.246,0.289
0.319,0.298,0.231,0.276
0.306,0.284,0.217,0.264
0.293,0.27,0.204,0.252
0.281,0.255,0.19,0.24
0.269,0.241,0.178,0.228
0.257,0.227,0.165,0.216
0.246,0.214,0.153,0.204
0.235,0.2,0.142,0.192
0.224,0.186,0.13,0.181
0.213,0.173,0.119,0.169
0.202,0.16,0.109,0.157
0.192,0.146,0.098,0.145
0.181,0.133,0.088,0.133
0.171,0.12,0.078,0.121
0.161,0.108,0.068,0.109
0.151,0.095,0.058,0.097
0.141,0.083,0.049,0.085
0.131,0.071,0.04,0.074
0.122,0.059,0.031,0.062
0.112,0.047,0.022,0.051
0.103,0.036,0.013,0.039
0.094,0.025,0.004,0.028
0.086,0.015,-0.004,0.018
0.077,0.005,-0.012,0.007
0.069,-0.005,-0.02,-0.003
0.061,-0.014,-0.027,-0.012
0.053,-0.022,-0.034,-0.021
0.046,-0.03,-0.041,-0.029
0.039,-0.037,-0.048,-0.037
0.032,-0.044,-0.054,-0.044
0.026,-0.05,-0.06,-0.051
0.02,-0.056,-0.065,-0.057
0.014,-0.061,-0.07,-0.062
0.009,-0.065,-0.075,-0.067
0.004,-0.069,-0.079,-0.071
0,-0.072,-0.084,-0.075
-0.004,-0.074,-0.087,-0.078
-0.008,-0.076,-0.091,-0.081
-0.011,-0.078,-0.094,-0.083
-0.014,-0.079,-0.096,-0.084
-0.016,-0.079,-0.099,-0.086
-0.018,-0.079,-0.101,-0.087
-0.02,-0.079,-0.103,-0.087
-0.022,-0.078,-0.104,-0.087
-0.023,-0.077,-0.106,-0.087
-0.024,-0.076,-0.107,-0.087
-0.025,-0.074,-0.107,-0.087
-0.025,-0.073,-0.108,-0.087
-0.026,-0.071,-0.109,-0.086
-0.026,-0.069,-0.109,-0.086
-0.026,-0.068,-0.109,-0.085
-0.026,-0.066,-0.109,-0.084
-0.026,-0.065,-0.109,-0.084
-0.026,-0.063,-0.109,-0.083
-0.026,-0.062,-0.109,-0.083
-0.026,-0.062,-0.109,-0.082
-0.026,-0.061,-0.109,-0.082
-0.026,-0.061,-0.108,-0.082
-0.026,-0.061,-0.108,-0.082
-0.026,-0.061,-0.109,-0.081
-0.026,-0.061,-0.109,-0.081
-0.026,-0.062,-0.109,-0.081
-0.026,-0.063,-0.109,-0.082
-0.026,-0.065,-0.11,-0.082
-0.027,-0.067,-0.11,-0.082
-0.027,-0.068,-0.111,-0.083
-0.027,-0.07,-0.112,-0.083
-0.028,-0.072,-0.113,-0.084
-0.028,-0.075,-0.114,-0.084
-0.029,-0.077,-0.115,-0.085
-0.03,-0.079,-0.116,-0.086
-0.03,-0.081,-0.117,-0.086
-0.031,-0.083,-0.118,-0.087
-0.031,-0.085,-0.119,-0.088
-0.032,-0.087,-0.12,-0.089
-0.032,-0.089,-0.12,-0.09
-0.033,-0.09,-0.121,-0.09
-0.033,-0.092,-0.122,-0.091
-0.034,-0.093,-0.122,-0.092
-0.034,-0.093,-0.123,-0.093
-0.034,-0.094,-0.123,-0.093
-0.035,-0.094,-0.123,-0.094
-0.035,-0.094,-0.124,-0.095
-0.035,-0.094,-0.124,-0.095
-0.035,-0.093,-0.124,-0.096
-0.035,-0.092,-0.123,-0.096
-0.035,-0.091,-0.123,-0.096
-0.035,-0.09,-0.123,-0.097
-0.034,-0.088,-0.122,-0.097
-0.034,-0.087,-0.122,-0.097
-0.034,-0.085,-0.122,-0.097
-0.033,-0.083,-0.121,-0.097
-0.033,-0.081,-0.121,-0.096
-0.032,-0.079,-0.12,-0.096
-0.032,-0.077,-0.12,-0.096
-0.031,-0.075,-0.12,-0.096
-0.031,-0.073,-0.119,-0.095
-0.03,-0.071,-0.119,-0.095
-0.029,-0.069,-0.119,-0.094
-0.029,-0.067,-0.119,-0.094
-0.028,-0.066,-0.119,-0.094
-0.027,-0.064,-0.12,-0.093
-0.026,-0.063,-0.12,-0.093
-0.025,-0.062,-0.12,-0.092
-0.025,-0.062,-0.121,-0.092
-0.024,-0.062,-0.121,-0.092
-0.023,-0.062,-0.122,-0.092
-0.022,-0.062,-0.122,-0.091
-0.022,-0.062,-0.123,-0.091
-0.021,-0.063,-0.123,-0.091
-0.02,-0.064,-0.124,-0.091
-0.019,-0.065,-0.125,-0.092
-0.019,-0.067,-0.125,-0.092
-0.018,-0.068,-0.125,-0.092
-0.017,-0.07,-0.126,-0.092
-0.017,-0.072,-0.126,-0.093
-0.016,-0.073,-0.126,-0.093
-0.016,-0.075,-0.126,-0.094
-0.016,-0.077,-0.126,-0.095
-0.015,-0.078,-0.126,-0.095
-0.015,-0.08,-0.126,-0.096
-0.015,-0.081,-0.125,-0.097
-0.015,-0.082,-0.124,-0.098
-0.015,-0.083,-0.124,-0.098
-0.015,-0.083,-0.123,-0.099
-0.015,-0.083,-0.122,-0.1
-0.015,-0.083,-0.121,-0.101
-0.015,-0.083,-0.119,-0.101
-0.014,-0.083,-0.118,-0.102
-0.014,-0.082,-0.117,-0.102
-0.014,-0.081,-0.115,-0.103
-0.014,-0.079,-0.113,-0.103
-0.014,-0.078,-0.111,-0.103
-0.013,-0.076,-0.11,-0.103
-0.013,-0.074,-0.108,-0.103
-0.012,-0.072,-0.106,-0.103
-0.012,-0.07,-0.104,-0.102
-0.011,-0.067,-0.102,-0.102
-0.011,-0.065,-0.1,-0.102
-0.01,-0.063,-0.098,-0.101
-0.01,-0.06,-0.096,-0.101
-0.009,-0.058,-0.095,-0.1
-0.009,-0.056,-0.093,-0.099
-0.009,-0.054,-0.092,-0.099
-0.008,-0.052,-0.09,-0.098
-0.008,-0.051,-0.089,-0.097
-0.008,-0.049,-0.088,-0.097
-0.008,-0.048,-0.088,-0.096
-0.008,-0.047,-0.087,-0.096
-0.008,-0.046,-0.087,-0.095
-0.009,-0.046,-0.087,-0.095
-0.009,-0.045,-0.087,-0.095
-0.01,-0.045,-0.088,-0.095
-0.01,-0.045,-0.089,-0.095
-0.011,-0.046,-0.09,-0.095
-0.012,-0.046,-0.091,-0.095
-0.013,-0.047,-0.093,-0.095
-0.013,-0.047,-0.094,-0.096
-0.014,-0.048,-0.096,-0.096
-0.015,-0.049,-0.098,-0.096
-0.016,-0.05,-0.099,-0.097
-0.016,-0.051,-0.101,-0.098
-0.017,-0.052,-0.103,-0.098
-0.017,-0.053,-0.105,-0.099
-0.018,-0.053,-0.107,-0.1
-0.018,-0.054,-0.108,-0.1
-0.018,-0.055,-0.11,-0.101
-0.018,-0.055,-0.111,-0.102
-0.017,-0.056,-0.112,-0.103
-0.017,-0.056,-0.113,-0.103
-0.017,-0.056,-0.114,-0.104
-0.016,-0.056,-0.115,-0.105
-0.015,-0.056,-0.115,-0.105
-0.014,-0.056,-0.115,-0.106
-0.013,-0.055,-0.115,-0.106
-0.013,-0.055,-0.114,-0.107
-0.012,-0.054,-0.114,-0.107
-0.01,-0.053,-0.113,-0.107
-0.009,-0.052,-0.112,-0.108
-0.008,-0.051,-0.11,-0.108
-0.007,-0.051,-0.109,-0.108
-0.007,-0.05,-0.108,-0.108
-0.006,-0.049,-0.106,-0.108
-0.005,-0.048,-0.104,-0.108
-0.004,-0.047,-0.103,-0.108
-0.004,-0.047,-0.101,-0.108
-0.004,-0.046,-0.099,-0.108
-0.003,-0.046,-0.097,-0.108
-0.003,-0.045,-0.096,-0.108
-0.003,-0.045,-0.094,-0.108
-0.003,-0.045,-0.093,-0.107
-0.004,-0.045,-0.091,-0.107
-0.004,-0.045,-0.09,-0.107
-0.004,-0.045,-0.088,-0.107
-0.005,-0.045,-0.087,-0.107
-0.006,-0.045,-0.086,-0.107
-0.006,-0.046,-0.085,-0.107
-0.007,-0.046,-0.084,-0.107
-0.008,-0.046,-0.083,-0.107
-0.009,-0.047,-0.083,-0.107
-0.01,-0.047,-0.082,-0.107
-0.011,-0.047,-0.081,-0.107
-0.012,-0.047,-0.081,-0.107
-0.013,-0.047,-0.08,-0.108
-0.014,-0.047,-0.08,-0.108
-0.015,-0.046,-0.08,-0.108
-0.016,-0.046,-0.079,-0.109
-0.017,-0.045,-0.079,-0.109
-0.018,-0.045,-0.078,-0.109
-0.019,-0.044,-0.078,-0.11
-0.019,-0.043,-0.077,-0.11
-0.02,-0.042,-0.077,-0.111
-0.021,-0.041,-0.076,-0.111
-0.022,-0.04,-0.076,-0.111
-0.023,-0.038,-0.075,-0.112
-0.024,-0.037,-0.074,-0.112
-0.025,-0.036,-0.073,-0.112
-0.025,-0.034,-0.073,-0.112
-0.026,-0.033,-0.072,-0.113
-0.027,-0.032,-0.071,-0.113
-0.028,-0.031,-0.07,-0.113
-0.028,-0.029,-0.069,-0.113
-0.029,-0.028,-0.067,-0.113
-0.03,-0.027,-0.066,-0.113
-0.03,-0.027,-0.065,-0.113
-0.031,-0.026,-0.065,-0.113
-0.032,-0.025,-0.064,-0.113
-0.032,-0.025,-0.063,-0.113
-0.033,-0.024,-0.062,-0.113
-0.034,-0.024,-0.061,-0.113
-0.034,-0.024,-0.061,-0.114
-0.035,-0.024,-0.061,-0.114
-0.035,-0.024,-0.06,-0.114
-0.036,-0.025,-0.06,-0.114
-0.037,-0.025,-0.06,-0.114
-0.037,-0.025,-0.061,-0.114
-0.038,-0.026,-0.061,-0.115
-0.039,-0.027,-0.061,-0.115
-0.039,-0.027,-0.062,-0.115
-0.04,-0.028,-0.063,-0.115
-0.041,-0.029,-0.063,-0.116
-0.042,-0.03,-0.064,-0.116
-0.043,-0.031,-0.065,-0.116
-0.044,-0.032,-0.066,-0.117
-0.045,-0.033,-0.066,-0.117
-0.046,-0.034,-0.067,-0.117
-0.047,-0.035,-0.068,-0.117
-0.048,-0.036,-0.068,-0.118
-0.049,-0.037,-0.069,-0.118
-0.049,-0.038,-0.069,-0.118
-0.05,-0.038,-0.069,-0.118
-0.051,-0.039,-0.069,-0.118
-0.052,-0.04,-0.069,-0.118
-0.053,-0.04,-0.069,-0.118
-0.053,-0.04,-0.068,-0.118
-0.054,-0.04,-0.068,-0.118
-0.054,-0.04,-0.067,-0.118
-0.054,-0.04,-0.066,-0.118
-0.055,-0.04,-0.065,-0.117
-0.055,-0.04,-0.063,-0.117
-0.055,-0.04,-0.062,-0.117
-0.055,-0.039,-0.061,-0.117
-0.054,-0.039,-0.059,-0.117
-0.054,-0.038,-0.058,-0.116
-0.054,-0.038,-0.056,-0.116
-0.054,-0.037,-0.055,-0.116
-0.053,-0.037,-0.053,-0.116
-0.053,-0.036,-0.052,-0.115
-0.053,-0.035,-0.051,-0.115
-0.053,-0.035,-0.05,-0.115
-0.053,-0.034,-0.049,-0.115
-0.053,-0.033,-0.048,-0.115
-0.053,-0.033,-0.047,-0.115
-0.053,-0.032,-0.046,-0.115
-0.054,-0.032,-0.046,-0.115
-0.054,-0.031,-0.045,-0.115
-0.055,-0.03,-0.045,-0.115
-0.056,-0.03,-0.045,-0.115
-0.056,-0.029,-0.045,-0.115
-0.058,-0.029,-0.045,-0.115
-0.059,-0.028,-0.045,-0.116
-0.06,-0.028,-0.046,-0.116
-0.061,-0.027,-0.046,-0.116
-0.063,-0.027,-0.047,-0.116
-0.064,-0.026,-0.047,-0.116
-0.066,-0.026,-0.048,-0.116
-0.068,-0.026,-0.049,-0.116
-0.069,-0.025,-0.049,-0.116
-0.071,-0.025,-0.05,-0.116
-0.072,-0.025,-0.051,-0.115
-0.074,-0.025,-0.052,-0.115
-0.075,-0.025,-0.053,-0.114
-0.076,-0.025,-0.054,-0.114
-0.078,-0.026,-0.055,-0.113
-0.079,-0.026,-0.056,-0.112
-0.08,-0.026,-0.057,-0.112
-0.081,-0.027,-0.058,-0.111
-0.081,-0.027,-0.059,-0.11
-0.082,-0.028,-0.06,-0.109
-0.083,-0.028,-0.06,-0.109
-0.083,-0.029,-0.061,-0.108
-0.083,-0.029,-0.062,-0.107
-0.083,-0.03,-0.062,-0.106
-0.084,-0.03,-0.062,-0.106
-0.084,-0.031,-0.063,-0.105
-0.084,-0.031,-0.063,-0.105
-0.083,-0.031,-0.063,-0.104
-0.083,-0.032,-0.062,-0.104
-0.083,-0.032,-0.062,-0.104
-0.083,-0.032,-0.062,-0.104
-0.083,-0.032,-0.061,-0.104
-0.083,-0.031,-0.06,-0.105
-0.082,-0.031,-0.06,-0.105
-0.082,-0.031,-0.059,-0.106
-0.082,-0.03,-0.058,-0.106
-0.082,-0.03,-0.057,-0.107
-0.082,-0.029,-0.056,-0.107
-0.082,-0.029,-0.055,-0.108
-0.082,-0.028,-0.054,-0.109
-0.082,-0.027,-0.053,-0.109
-0.082,-0.027,-0.053,-0.11
-0.082,-0.026,-0.052,-0.11
-0.082,-0.026,-0.051,-0.111
-0.082,-0.026,-0.051,-0.111
-0.083,-0.025,-0.051,-0.111
-0.083,-0.025,-0.051,-0.112
-0.083,-0.025,-0.051,-0.111
-0.083,-0.025,-0.051,-0.111
-0.083,-0.025,-0.052,-0.111
-0.083,-0.025,-0.052,-0.11
-0.083,-0.026,-0.053,-0.109
-0.083,-0.026,-0.054,-0.109
-0.083,-0.026,-0.055,-0.107
-0.083,-0.027,-0.057,-0.106
-0.083,-0.027,-0.058,-0.105
-0.083,-0.027,-0.059,-0.103
-0.083,-0.027,-0.061,-0.102
-0.083,-0.028,-0.062,-0.1
-0.082,-0.028,-0.064,-0.099
-0.082,-0.028,-0.066,-0.097
-0.082,-0.028,-0.067,-0.095
-0.082,-0.027,-0.068,-0.093
-0.082,-0.027,-0.07,-0.092
-0.081,-0.027,-0.071,-0.09
-0.081,-0.026,-0.072,-0.089
-0.081,-0.025,-0.073,-0.087
-0.081,-0.024,-0.073,-0.086
-0.081,-0.024,-0.074,-0.085
-0.081,-0.022,-0.074,-0.084
-0.082,-0.021,-0.074,-0.083
-0.082,-0.02,-0.073,-0.082
-0.082,-0.019,-0.073,-0.081
-0.082,-0.018,-0.072,-0.081
-0.083,-0.016,-0.071,-0.08
-0.083,-0.015,-0.069,-0.08
-0.084,-0.014,-0.068,-0.08
-0.084,-0.013,-0.066,-0.08
-0.085,-0.011,-0.065,-0.08
-0.085,-0.01,-0.063,-0.08
-0.086,-0.009,-0.061,-0.08
-0.086,-0.009,-0.059,-0.08
-0.087,-0.008,-0.057,-0.08
-0.087,-0.007,-0.054,-0.08
-0.087,-0.006,-0.052,-0.081
-0.088,-0.006,-0.05,-0.081
-0.088,-0.005,-0.048,-0.081
-0.088,-0.005,-0.047,-0.081
-0.088,-0.004,-0.045,-0.081
-0.088,-0.004,-0.043,-0.081
-0.088,-0.004,-0.042,-0.081
-0.087,-0.003,-0.041,-0.08
-0.087,-0.003,-0.04,-0.08
-0.086,-0.003,-0.039,-0.079
-0.086,-0.003,-0.038,-0.079
-0.085,-0.002,-0.038,-0.078
-0.084,-0.002,-0.038,-0.078
-0.083,-0.001,-0.038,-0.077
-0.082,-0.001,-0.038,-0.076
-0.081,-0.001,-0.038,-0.075
-0.08,0,-0.038,-0.074
-0.079,0,-0.039,-0.073
-0.077,0.001,-0.039,-0.072
-0.076,0.002,-0.04,-0.07
-0.075,0.002,-0.041,-0.069
-0.074,0.003,-0.041,-0.068
-0.072,0.004,-0.042,-0.066
-0.071,0.004,-0.043,-0.065
-0.07,0.005,-0.044,-0.064
-0.069,0.006,-0.045,-0.062
-0.067,0.007,-0.045,-0.061
-0.066,0.007,-0.046,-0.059
-0.065,0.008,-0.047,-0.058
-0.064,0.009,-0.047,-0.056
-0.063,0.009,-0.048,-0.055
-0.062,0.01,-0.048,-0.053
-0.061,0.011,-0.049,-0.052
-0.06,0.012,-0.049,-0.051
-0.059,0.012,-0.049,-0.049
-0.058,0.013,-0.049,-0.048
-0.057,0.014,-0.048,-0.047
-0.056,0.014,-0.048,-0.046
-0.056,0.015,-0.047,-0.045
-0.055,0.016,-0.046,-0.044
-0.054,0.017,-0.045,-0.043
-0.053,0.017,-0.044,-0.042
-0.053,0.018,-0.042,-0.041
-0.052,0.019,-0.041,-0.04
-0.051,0.02,-0.039,-0.039
-0.05,0.021,-0.037,-0.038
-0.05,0.022,-0.035,-0.038
-0.049,0.022,-0.033,-0.037
-0.048,0.023,-0.031,-0.036
-0.047,0.024,-0.029,-0.035
-0.047,0.025,-0.027,-0.035
-0.046,0.026,-0.025,-0.034
-0.045,0.027,-0.023,-0.033
-0.045,0.028,-0.02,-0.032
-0.044,0.029,-0.018,-0.031
-0.043,0.031,-0.016,-0.03
-0.042,0.032,-0.014,-0.029
-0.042,0.033,-0.013,-0.028
-0.041,0.034,-0.011,-0.027
-0.04,0.036,-0.009,-0.025
-0.04,0.037,-0.008,-0.024
-0.039,0.039,-0.006,-0.022
-0.038,0.04,-0.005,-0.021
-0.037,0.042,-0.004,-0.019
-0.037,0.044,-0.003,-0.017
-0.036,0.045,-0.002,-0.015
-0.035,0.047,-0.001,-0.013
-0.035,0.049,0,-0.011
-0.034,0.051,0,-0.009
-0.033,0.052,0.001,-0.007
-0.032,0.054,0.001,-0.005
-0.032,0.056,0.002,-0.002
-0.031,0.058,0.002,0
-0.031,0.06,0.003,0.002
-0.03,0.061,0.003,0.004
-0.029,0.063,0.004,0.007
-0.029,0.065,0.004,0.009
-0.028,0.066,0.005,0.011
-0.028,0.067,0.005,0.013
-0.027,0.068,0.006,0.015
-0.027,0.07,0.006,0.017
-0.027,0.07,0.007,0.018
-0.026,0.071,0.008,0.02
-0.026,0.072,0.008,0.021
-0.026,0.072,0.009,0.023
-0.026,0.072,0.009,0.024
-0.026,0.072,0.009,0.025
-0.025,0.072,0.01,0.026
-0.025,0.072,0.01,0.027
-0.025,0.072,0.01,0.028
-0.025,0.071,0.011,0.029
-0.025,0.07,0.011,0.029
-0.025,0.07,0.011,0.03
-0.025,0.069,0.011,0.03
-0.025,0.068,0.011,0.031
-0.025,0.067,0.011,0.031
-0.025,0.066,0.011,0.031
-0.025,0.066,0.011,0.031
-0.025,0.065,0.011,0.032
-0.025,0.064,0.011,0.032
-0.025,0.063,0.011,0.032
-0.025,0.063,0.011,0.032
-0.025,0.062,0.011,0.032
-0.025,0.062,0.011,0.032
-0.025,0.062,0.011,0.032
-0.025,0.062,0.011,0.032
-0.025,0.062,0.011,0.032
-0.025,0.062,0.012,0.032
-0.025,0.062,0.012,0.032
-0.025,0.063,0.013,0.032
-0.025,0.063,0.013,0.032
-0.025,0.064,0.014,0.032
-0.025,0.065,0.014,0.032
-0.025,0.066,0.015,0.032
-0.025,0.067,0.016,0.032
-0.025,0.067,0.016,0.032
-0.026,0.068,0.017,0.032
-0.026,0.069,0.018,0.031
-0.026,0.07,0.018,0.031
-0.026,0.071,0.019,0.031
-0.026,0.072,0.019,0.031
-0.027,0.072,0.02,0.031
-0.027,0.073,0.02,0.03
-0.027,0.073,0.02,0.03
-0.028,0.074,0.02,0.03
-0.028,0.074,0.02,0.03
-0.029,0.074,0.019,0.03
-0.029,0.074,0.019,0.03
-0.03,0.074,0.019,0.03
-0.03,0.074,0.018,0.03
-0.031,0.073,0.018,0.031
-0.032,0.073,0.017,0.031
-0.032,0.072,0.016,0.031
-0.033,0.071,0.016,0.031
-0.034,0.071,0.015,0.032
-0.034,0.07,0.014,0.032
-0.035,0.069,0.014,0.033
-0.036,0.068,0.013,0.033
-0.037,0.067,0.012,0.034
-0.037,0.067,0.012,0.034
-0.038,0.066,0.011,0.035
-0.039,0.065,0.011,0.036
-0.039,0.064,0.01,0.036
-0.04,0.063,0.01,0.037
-0.041,0.063,0.009,0.037
-0.042,0.062,0.009,0.038
-0.042,0.062,0.009,0.038
-0.043,0.061,0.008,0.039
-0.044,0.061,0.008,0.039
-0.044,0.06,0.008,0.04
-0.045,0.06,0.007,0.04
-0.046,0.06,0.007,0.04
-0.047,0.06,0.007,0.04
-0.048,0.059,0.006,0.041
-0.048,0.059,0.006,0.041
-0.049,0.059,0.006,0.041
-0.05,0.059,0.005,0.041
-0.051,0.059,0.005,0.041
-0.052,0.059,0.004,0.041
-0.053,0.059,0.004,0.041
-0.054,0.059,0.003,0.041
-0.055,0.059,0.003,0.041
-0.057,0.059,0.002,0.041
-0.058,0.058,0.002,0.041
-0.059,0.058,0.001,0.041
-0.06,0.058,0.001,0.041
-0.062,0.058,0.001,0.041
-0.063,0.058,0,0.04
-0.064,0.058,0,0.04
-0.066,0.058,0,0.04
-0.067,0.058,-0.001,0.04
-0.068,0.058,-0.001,0.04
-0.07,0.058,-0.001,0.04
-0.071,0.058,-0.002,0.04
-0.072,0.058,-0.002,0.04
-0.074,0.057,-0.003,0.04
-0.075,0.057,-0.003,0.039
-0.076,0.057,-0.004,0.039
-0.077,0.056,-0.004,0.039
-0.078,0.056,-0.005,0.039
-0.079,0.055,-0.006,0.039
-0.08,0.055,-0.007,0.038
-0.081,0.054,-0.008,0.038
-0.082,0.053,-0.009,0.038
-0.083,0.052,-0.01,0.037
-0.084,0.051,-0.011,0.037
-0.085,0.05,-0.012,0.036
-0.086,0.049,-0.014,0.036
-0.087,0.048,-0.015,0.036
-0.088,0.047,-0.017,0.035
-0.089,0.045,-0.018,0.035
-0.089,0.044,-0.02,0.034
-0.09,0.042,-0.021,0.034
-0.091,0.041,-0.023,0.033
-0.092,0.039,-0.024,0.033
-0.093,0.038,-0.025,0.033
-0.094,0.037,-0.027,0.032
-0.095,0.035,-0.028,0.032
-0.096,0.034,-0.029,0.032
-0.097,0.033,-0.031,0.032
-0.098,0.032,-0.032,0.032
-0.099,0.031,-0.033,0.032
-0.1,0.03,-0.034,0.032
-0.102,0.029,-0.034,0.032
-0.103,0.028,-0.035,0.032
-0.105,0.027,-0.035,0.032
-0.106,0.026,-0.036,0.033
-0.108,0.026,-0.036,0.033
-0.11,0.025,-0.036,0.033
-0.112,0.025,-0.036,0.033
-0.114,0.024,-0.036,0.034
-0.116,0.024,-0.036,0.034
-0.118,0.024,-0.036,0.034
-0.12,0.024,-0.036,0.034
-0.122,0.023,-0.035,0.035
-0.125,0.023,-0.035,0.035
-0.127,0.023,-0.034,0.035
-0.129,0.023,-0.034,0.035
-0.131,0.023,-0.033,0.035
-0.134,0.023,-0.032,0.035
-0.136,0.023,-0.032,0.035
-0.138,0.023,-0.031,0.035
-0.14,0.023,-0.03,0.035
-0.142,0.023,-0.029,0.034
-0.144,0.023,-0.029,0.034
-0.146,0.022,-0.028,0.034
-0.148,0.022,-0.027,0.033
-0.15,0.022,-0.027,0.033
-0.151,0.022,-0.026,0.033
-0.153,0.022,-0.025,0.032
-0.154,0.021,-0.025,0.032
-0.155,0.021,-0.024,0.032
-0.157,0.021,-0.024,0.031
-0.158,0.02,-0.024,0.031
-0.159,0.02,-0.023,0.03
-0.159,0.02,-0.023,0.03
-0.16,0.019,-0.023,0.03
-0.161,0.019,-0.023,0.03
-0.162,0.018,-0.023,0.029
-0.162,0.018,-0.023,0.029
-0.163,0.017,-0.024,0.029
-0.164,0.017,-0.024,0.029
-0.164,0.016,-0.024,0.029
-0.165,0.015,-0.025,0.029
-0.165,0.015,-0.026,0.028
-0.166,0.014,-0.027,0.028
-0.166,0.013,-0.027,0.028
-0.167,0.013,-0.028,0.028
-0.167,0.012,-0.03,0.028
-0.168,0.011,-0.031,0.028
-0.168,0.01,-0.032,0.028
-0.168,0.01,-0.033,0.029
-0.169,0.009,-0.034,0.029
-0.169,0.008,-0.036,0.029
-0.169,0.007,-0.037,0.029
-0.169,0.006,-0.038,0.029
-0.169,0.005,-0.04,0.03
-0.17,0.005,-0.041,0.03
-0.17,0.004,-0.042,0.03
-0.17,0.003,-0.043,0.03
-0.17,0.002,-0.044,0.031
-0.171,0.001,-0.045,0.031
-0.171,0.001,-0.046,0.032
-0.171,0,-0.047,0.032
-0.172,-0.001,-0.047,0.033
-0.173,-0.001,-0.048,0.033
-0.173,-0.002,-0.048,0.034
-0.174,-0.003,-0.048,0.034
-0.176,-0.003,-0.048,0.035
-0.177,-0.004,-0.048,0.035
-0.178,-0.004,-0.048,0.035
-0.18,-0.005,-0.048,0.036
-0.181,-0.005,-0.047,0.036
-0.183,-0.006,-0.046,0.036
-0.185,-0.006,-0.046,0.037
-0.187,-0.006,-0.045,0.037
-0.189,-0.007,-0.044,0.037
-0.192,-0.007,-0.043,0.038
-0.194,-0.008,-0.042,0.038
-0.196,-0.008,-0.04,0.038
-0.198,-0.009,-0.039,0.038
-0.2,-0.009,-0.038,0.039
-0.202,-0.01,-0.036,0.039
-0.204,-0.011,-0.035,0.039
-0.206,-0.011,-0.033,0.039
-0.207,-0.012,-0.032,0.04
-0.208,-0.012,-0.031,0.04
-0.209,-0.013,-0.029,0.04
-0.21,-0.013,-0.028,0.041
-0.211,-0.014,-0.027,0.041
-0.212,-0.014,-0.026,0.041
-0.212,-0.015,-0.025,0.042
-0.212,-0.015,-0.024,0.042
-0.212,-0.015,-0.024,0.043
-0.211,-0.015,-0.024,0.043
-0.211,-0.015,-0.023,0.043
-0.211,-0.015,-0.024,0.043
-0.21,-0.015,-0.024,0.044
-0.209,-0.015,-0.024,0.044
-0.208,-0.015,-0.025,0.044
-0.208,-0.014,-0.026,0.044
-0.207,-0.014,-0.027,0.045
-0.206,-0.013,-0.028,0.045
-0.205,-0.012,-0.03,0.045
-0.204,-0.012,-0.031,0.045
-0.204,-0.011,-0.032,0.045
-0.203,-0.01,-0.034,0.044
-0.203,-0.009,-0.035,0.044
-0.202,-0.009,-0.037,0.044
-0.202,-0.008,-0.038,0.044
-0.202,-0.007,-0.039,0.044
-0.202,-0.007,-0.04,0.044
-0.202,-0.006,-0.041,0.043
-0.202,-0.005,-0.042,0.043
-0.202,-0.005,-0.043,0.043
-0.203,-0.005,-0.043,0.043
-0.203,-0.004,-0.044,0.043
-0.203,-0.004,-0.044,0.042
-0.204,-0.004,-0.044,0.042
-0.204,-0.004,-0.044,0.042
-0.205,-0.004,-0.043,0
-0.205,-0.005,-0.043,0
-0.206,-0.005,-0.042,0
0,-0.006,-0.042,0
0,-0.006,-0.041,0
0,-0.007,-0.04,0
0,-0.007,-0.039,0
0,-0.008,-0.039,0
0,-0.008,-0.038,0
0,-0.009,-0.037,0
0,-0.01,-0.036,0
0,-0.01,-0.035,0
0,-0.01,-0.035,0
0,-0.011,-0.034,0
0,-0.011,-0.033,0
0,-0.011,-0.033,0
0,-0.011,-0.032,0
0,-0.01,-0.032,0
0,0,-0.031,0
0,0,0,0
0,0,0,0
0,0,0,0
0,0,0,0
0,0,0,0
0,0,0,0
0,0,0,0
0,0,0,0
0,0,0,0
0,0,0,0
0,0,0,0
0,0,0,0
0,0,0,0
0,0,0,0
0,0,0,0
0,0,0,0
0,0,0,0
0,0,0,0
0,0,0,0
0,0,0,0
0,0,0,0
0,0,0,0
0,0,0,0
0,0,0,0
0,0,0,0
0,0,0,0
0,0,0,0
0,0,0,0
0,0,0,0
0,0,0,0
0,0,0,0
0,0,0,0
0,0,0,0
0,0,0,0
0,0,0,0
0,0,0,0
0,0,0,0
0,0,0,0
0,0,0,0
0,0,0,0
0,0,0,0
0,0,0,0
0,0,0,0
0,0,0,0
0,0,0,0
0,0,0,0
0,0,0,0
0,0,0,0
0,0,0,0
0,0,0,0
0,0,0,0
0,0,0,0
0,0,0,0
0,0,0,0
0,0,0,0
0,0,0,0
0,0,0,0
0,0,0,0
0,0,0,0
0,0,0,0
0,0,0,0
0,0,0,0
0,0,0,0
0,0,0,0
0,0,0,0
0,0,0,0
0,0,0,0
0,0,0,0
0,0,0,0
0,0,0,0
0,0,0,0
0,0,0,0
0,0,0,0
0,0,0,0
0,0,0,0
0,0,0,0
0,0,0,0
0,0,0,0
0,0,0,0
0,0,0,0
0,0,0,0
0,0,0,0
0,0,0,0
0,0,0,0
0,0,0,0
0,0,0,0
0,0,0,0
0,0,0,0
0,0,0,0
0,0,0,0
0,0,0,0
0,0,0,0
0,0,0,0
0,0,0,0
0,0,0,0
0,0,0,0
0,0,0,0
0,0,0,0
0,0,0,0
0,0,0,0
0,0,0,0
0,0,0,0
0,0,0,0
0,0,0,0
0,0,0,0
0,0,0,0
0,0,0,0
0,0,0,0
0,0,0,0
0,0,0,0
0,0,0,0
0,0,0,0
0,0,0,0
0,0,0,0
0,0,0,0
0,0,0,0
0,0,0,0
0,0,0,0
0,0,0,0
0,0,0,0
0,0,0,0
0,0,0,0
0,0,0,0
0,0,0,0
0,0,0,0
0,0,0,0
0,0,0,0
0,0,0,0
0,0,0,0
0,0,0,0
0,0,0,0
0,0,0,0
0,0,0,0
0,0,0,0
0,0,0,0
0,0,0,0
0,0,0,0
0,0,0,0
0,0,0,0
0,0,0,0
0,0,0,0
0,0,0,0
0,0,0,0
0,0,0,0
0,0,0,0
0,0,0,0
0,0,0,0
0,0,0,0
0,0,0,0
0,0,0,0
0,0,0,0
0,0,0,0
0,0,0,0
0,0,0,0
0,0,0,0
0,0,0,0
0,0,0,0
0,0,0,0
0,0,0,0
0,0,0,0
0,0,0,0
0,0,0,0
0,0,0,0
0,0,0,0
0,0,0,0
0,0,0,0
0,0,0,0
0,0,0,0
0,0,0,0
0,0,0,0
0,0,0,0
0,0,0,0
0,0,0,0
0,0,0,0
0,0,0,0
0,0,0,0
0,0,0,0
0,0,0,0
0,0,0,0
0,0,0,0
0,0,0,0
0,0,0,0
0,0,0,0
0,0,0,0
0,0,0,0
0,0,0,0
0,0,0,0
0,0,0,0
0,0,0,0
0,0,0,0
0,0,0,0
0,0,0,0
0,0,0,0
0,0,0,0
0,0,0,0
0,0,0,0
0,0,0,0
0,0,0,0
0,0,0,0
0,0,0,0
0,0,0,0
0,0,0,0
0,0,0,0
0,0,0,0
0,0,0,0
0,0,0,0
0,0,0,0
0,0,0,0
0,0,0,0
0,0,0,0
0,0,0,0
0,0,0,0
0,0,0,0
0,0,0,0
0,0,0,0
0,0,0,0
0,0,0,0
0,0,0,0
0,0,0,0
0,0,0,0
0,0,0,0
0,0,0,0
0,0,0,0
0,0,0,0
0,0,0,0
0,0,0,0
0,0,0,0
0,0,0,0
0,0,0,0
0,0,0,0
0,0,0,0
0,0,0,0
0,0,0,0
0,0,0,0
0,0,0,0
0,0,0,0
0,0,0,0
0,0,0,0
0,0,0,0
0,0,0,0
0,0,0,0
0,0,0,0
0,0,0,0
0,0,0,0
0,0,0,0
0,0,0,0
0,0,0,0
0,0,0,0
0,0,0,0
0,0,0,0
0,0,0,0
0,0,0,0
0,0,0,0
0,0,0,0
0,0,0,0
0,0,0,0
0,0,0,0
0,0,0,0
0,0,0,0
0,0,0,0
0,0,0,0
0,0,0,0
0,0,0,0
0,0,0,0
0,0,0,0
0,0,0,0
0,0,0,0
0,0,0,0
0,0,0,0
0,0,0,0
0,0,0,0
0,0,0,0
0,0,0,0
0,0,0,0
0,0,0,0
0,0,0,0
0,0,0,0
0,0,0,0
0,0,0,0
0,0,0,0
0,0,0,0
0,0,0,0
0,0,0,0
0,0,0,0
0,0,0,0
0,0,0,0
0,0,0,0
0,0,0,0
0,0,0,0
