0.043,0.068,-0.043,0.043,0.036
0.042,0.068,-0.042,0.042,0.036
0.042,0.067,-0.041,0.042,0.037
0.042,0.067,-0.04,0.042,0.038
0.041,0.067,-0.04,0.041,0.039
0.041,0.067,-0.039,0.041,0.04
0.04,0.066,-0.038,0.04,0.041
0.04,0.066,-0.038,0.04,0.042
0.04,0.065,-0.037,0.04,0.043
0.039,0.064,-0.037,0.039,0.044
0.039,0.063,-0.036,0.039,0.045
0.038,0.062,-0.036,0.038,0.046
0.038,0.061,-0.035,0.038,0.047
0.038,0.06,-0.035,0.038,0.048
0.037,0.059,-0.035,0.037,0.049
0.037,0.058,-0.034,0.037,0.05
0.036,0.056,-0.034,0.036,0.052
0.036,0.055,-0.033,0.036,0.053
0.035,0.054,-0.032,0.035,0.054
0.035,0.052,-0.032,0.035,0.054
0.034,0.051,-0.031,0.034,0.055
0.033,0.05,-0.03,0.033,0.056
0.033,0.049,-0.029,0.033,0.057
0.032,0.048,-0.028,0.032,0.058
0.032,0.047,-0.027,0.032,0.059
0.031,0.046,-0.026,0.031,0.059
0.031,0.045,-0.024,0.031,0.06
0.03,0.044,-0.023,0.03,0.06
0.03,0.044,-0.022,0.03,0.061
0.029,0.043,-0.02,0.029,0.061
0.029,0.043,-0.019,0.029,0.062
0.028,0.042,-0.017,0.028,0.062
0.028,0.042,-0.016,0.028,0.063
0.027,0.042,-0.014,0.027,0.063
0.027,0.042,-0.012,0.027,0.064
0.026,0.042,-0.011,0.026,0.064
0.026,0.042,-0.009,0.026,0.065
0.026,0.043,-0.008,0.026,0.065
0.025,0.043,-0.006,0.025,0.066
0.025,0.043,-0.005,0.025,0.066
0.024,0.043,-0.004,0.024,0.067
0.024,0.043,-0.002,0.024,0.067
0.023,0.043,-0.001,0.023,0.068
0.023,0.043,0,0.023,0.069
0.022,0.043,0.001,0.022,0.069
0.021,0.043,0.002,0.021,0.07
0.021,0.042,0.002,0.021,0.07
0.02,0.042,0.003,0.02,0.071
0.019,0.041,0.004,0.019,0.071
0.018,0.04,0.004,0.018,0.072
0.017,0.039,0.005,0.017,0.072
0.016,0.038,0.005,0.016,0.073
0.015,0.037,0.005,0.015,0.073
0.014,0.036,0.005,0.014,0.074
0.012,0.035,0.005,0.012,0.074
0.011,0.033,0.006,0.011,0.074
0.01,0.032,0.006,0.01,0.075
0.009,0.03,0.006,0.009,0.075
0.007,0.029,0.006,0.007,0.075
0.006,0.027,0.006,0.006,0.075
0.005,0.026,0.006,0.005,0.075
0.003,0.024,0.006,0.003,0.075
0.002,0.022,0.006,0.002,0.075
0.001,0.021,0.007,0.001,0.075
-0.001,0.019,0.007,-0.001,0.075
-0.002,0.018,0.007,-0.002,0.074
-0.003,0.016,0.008,-0.003,0.074
-0.004,0.015,0.008,-0.004,0.074
-0.005,0.014,0.009,-0.005,0.074
-0.006,0.013,0.009,-0.006,0.073
-0.007,0.012,0.01,-0.007,0.073
-0.008,0.011,0.011,-0.008,0.073
-0.009,0.01,0.012,-0.009,0.072
-0.009,0.009,0.013,-0.009,0.072
-0.01,0.008,0.014,-0.01,0.072
-0.011,0.008,0.015,-0.011,0.071
-0.011,0.007,0.016,-0.011,0.071
-0.012,0.007,0.018,-0.012,0.071
-0.012,0.006,0.019,-0.012,0.071
-0.013,0.006,0.021,-0.013,0.07
-0.013,0.005,0.022,-0.013,0.07
-0.014,0.005,0.023,-0.014,0.07
-0.014,0.004,0.025,-0.014,0.07
-0.014,0.004,0.026,-0.014,0.069
-0.015,0.004,0.028,-0.015,0.069
-0.015,0.003,0.029,-0.015,0.069
-0.015,0.003,0.03,-0.015,0.069
-0.016,0.003,0.032,-0.016,0.069
-0.016,0.002,0.033,-0.016,0.069
-0.016,0.002,0.034,-0.016,0.068
-0.017,0.001,0.035,-0.017,0.068
-0.017,0.001,0.036,-0.017,0.068
-0.017,0,0.037,-0.017,0.068
-0.018,0,0.037,-0.018,0.067
-0.018,-0.001,0.038,-0.018,0.067
-0.018,-0.002,0.038,-0.018,0.067
-0.019,-0.002,0.039,-0.019,0.066
-0.019,-0.003,0.039,-0.019,0.066
-0.02,-0.004,0.039,-0.02,0.065
-0.02,-0.005,0.039,-0.02,0.064
-0.02,-0.005,0.039,-0.02,0.064
-0.021,-0.006,0.039,-0.021,0.063
-0.021,-0.007,0.039,-0.021,0.062
-0.022,-0.008,0.039,-0.022,0.062
-0.022,-0.008,0.038,-0.022,0.061
-0.022,-0.009,0.038,-0.022,0.06
-0.023,-0.01,0.038,-0.023,0.06
-0.023,-0.01,0.038,-0.023,0.059
-0.023,-0.011,0.037,-0.023,0.058
-0.023,-0.011,0.037,-0.023,0.057
-0.023,-0.011,0.037,-0.023,0.057
-0.023,-0.011,0.037,-0.023,0.056
-0.023,-0.012,0.037,-0.023,0.056
-0.023,-0.012,0.037,-0.023,0.055
-0.023,-0.012,0.037,-0.023,0.054
-0.023,-0.011,0.037,-0.023,0.054
-0.023,-0.011,0.037,-0.023,0.053
-0.023,-0.011,0.037,-0.023,0.053
-0.023,-0.011,0.037,-0.023,0.052
-0.023,-0.011,0.037,-0.023,0.052
-0.023,-0.01,0.037,-0.023,0.051
-0.023,-0.01,0.037,-0.023,0.051
-0.023,-0.01,0.037,-0.023,0.05
-0.023,-0.01,0.037,-0.023,0.05
-0.023,-0.01,0.037,-0.023,0.049
-0.023,-0.01,0.036,-0.023,0.049
-0.023,-0.01,0.036,-0.023,0.048
-0.023,-0.01,0.036,-0.023,0.047
-0.023,-0.01,0.036,-0.023,0.047
-0.023,-0.01,0.036,-0.023,0.046
-0.024,-0.01,0.035,-0.024,0.045
-0.024,-0.011,0.035,-0.024,0.044
-0.024,-0.011,0.034,-0.024,0.043
-0.025,-0.012,0.034,-0.025,0.042
-0.025,-0.013,0.033,-0.025,0.041
-0.025,-0.013,0.032,-0.025,0.04
-0.026,-0.014,0.032,-0.026,0.039
-0.026,-0.015,0.031,-0.026,0.038
-0.026,-0.015,0.03,-0.026,0.037
-0.027,-0.016,0.029,-0.027,0.036
-0.027,-0.017,0.028,-0.027,0.034
-0.028,-0.017,0.027,-0.028,0.033
-0.028,-0.018,0.026,-0.028,0.032
-0.028,-0.019,0.025,-0.028,0.031
-0.028,-0.019,0.024,-0.028,0.03
-0.029,-0.019,0.023,-0.029,0.028
-0.029,-0.02,0.022,-0.029,0.027
-0.029,-0.02,0.021,-0.029,0.026
-0.029,-0.02,0.019,-0.029,0.025
-0.029,-0.02,0.018,-0.029,0.024
-0.029,-0.02,0.017,-0.029,0.023
-0.03,-0.019,0.016,-0.03,0.021
-0.03,-0.019,0.015,-0.03,0.02
-0.03,-0.019,0.014,-0.03,0.019
-0.03,-0.018,0.013,-0.03,0.018
-0.03,-0.018,0.012,-0.03,0.017
-0.03,-0.017,0.011,-0.03,0.016
-0.03,-0.016,0.01,-0.03,0.015
-0.03,-0.016,0.009,-0.03,0.014
-0.031,-0.015,0.008,-0.031,0.013
-0.031,-0.014,0.007,-0.031,0.012
-0.031,-0.013,0.006,-0.031,0.011
-0.031,-0.013,0.006,-0.031,0.011
-0.031,-0.012,0.005,-0.031,0.01
-0.031,-0.011,0.004,-0.031,0.009
-0.032,-0.011,0.003,-0.032,0.008
-0.032,-0.01,0.002,-0.032,0.008
-0.032,-0.01,0.001,-0.032,0.007
-0.032,-0.009,0,-0.032,0.007
-0.032,-0.009,-0.001,-0.032,0.006
-0.032,-0.008,-0.002,-0.032,0.006
-0.032,-0.008,-0.003,-0.032,0.005
-0.032,-0.008,-0.004,-0.032,0.004
-0.032,-0.008,-0.005,-0.032,0.004
-0.032,-0.008,-0.006,-0.032,0.003
-0.032,-0.007,-0.007,-0.032,0.003
-0.032,-0.007,-0.009,-0.032,0.002
-0.031,-0.007,-0.01,-0.031,0.001
-0.031,-0.007,-0.011,-0.031,0.001
-0.031,-0.007,-0.013,-0.031,0
-0.03,-0.007,-0.014,-0.03,-0.001
-0.03,-0.007,-0.016,-0.03,-0.002
-0.03,-0.007,-0.017,-0.03,-0.003
-0.029,-0.007,-0.019,-0.029,-0.004
-0.029,-0.007,-0.02,-0.029,-0.005
-0.028,-0.007,-0.022,-0.028,-0.006
-0.028,-0.007,-0.023,-0.028,-0.006
-0.027,-0.007,-0.025,-0.027,-0.007
-0.027,-0.006,-0.026,-0.027,-0.008
-0.026,-0.006,-0.027,-0.026,-0.009
-0.025,-0.005,-0.028,-0.025,-0.01
-0.025,-0.005,-0.029,-0.025,-0.011
-0.024,-0.005,-0.03,-0.024,-0.012
-0.024,-0.004,-0.031,-0.024,-0.013
-0.023,-0.003,-0.032,-0.023,-0.014
-0.023,-0.003,-0.032,-0.023,-0.014
-0.022,-0.002,-0.032,-0.022,-0.015
-0.022,-0.001,-0.033,-0.022,-0.016
-0.021,0,-0.033,-0.021,-0.016
-0.021,0.001,-0.033,-0.021,-0.017
-0.02,0.002,-0.033,-0.02,-0.017
-0.02,0.003,-0.032,-0.02,-0.018
-0.02,0.004,-0.032,-0.02,-0.018
-0.019,0.005,-0.032,-0.019,-0.019
-0.019,0.005,-0.032,-0.019,-0.019
-0.019,0.006,-0.031,-0.019,-0.02
-0.019,0.007,-0.031,-0.019,-0.02
-0.019,0.008,-0.031,-0.019,-0.021
-0.019,0.009,-0.03,-0.019,-0.021
-0.019,0.01,-0.03,-0.019,-0.022
-0.02,0.011,-0.03,-0.02,-0.022
-0.02,0.011,-0.03,-0.02,-0.023
-0.02,0.012,-0.03,-0.02,-0.023
-0.021,0.012,-0.03,-0.021,-0.024
-0.021,0.013,-0.03,-0.021,-0.024
-0.022,0.013,-0.03,-0.022,-0.025
-0.022,0.013,-0.031,-0.022,-0.025
-0.023,0.013,-0.031,-0.023,-0.026
-0.024,0.014,-0.032,-0.024,-0.027
-0.024,0.013,-0.032,-0.024,-0.028
-0.025,0.013,-0.033,-0.025,-0.028
-0.026,0.013,-0.034,-0.026,-0.029
-0.026,0.013,-0.034,-0.026,-0.03
-0.027,0.013,-0.035,-0.027,-0.031
-0.027,0.012,-0.036,-0.027,-0.032
-0.028,0.012,-0.036,-0.028,-0.033
-0.028,0.012,-0.037,-0.028,-0.034
-0.029,0.011,-0.037,-0.029,-0.035
-0.029,0.011,-0.038,-0.029,-0.036
-0.029,0.01,-0.039,-0.029,-0.037
-0.029,0.01,-0.039,-0.029,-0.038
-0.03,0.01,-0.04,-0.03,-0.039
-0.03,0.009,-0.04,-0.03,-0.041
-0.03,0.009,-0.041,-0.03,-0.042
-0.03,0.009,-0.041,-0.03,-0.043
-0.03,0.009,-0.041,-0.03,-0.044
-0.029,0.009,-0.042,-0.029,-0.045
-0.029,0.009,-0.042,-0.029,-0.046
-0.029,0.009,-0.042,-0.029,-0.047
-0.028,0.009,-0.042,-0.028,-0.048
-0.028,0.009,-0.043,-0.028,-0.049
-0.028,0.009,-0.043,-0.028,-0.049
-0.027,0.01,-0.043,-0.027,-0.05
-0.027,0.01,-0.044,-0.027,-0.05
-0.026,0.011,-0.044,-0.026,-0.051
-0.026,0.011,-0.044,-0.026,-0.051
-0.025,0.012,-0.045,-0.025,-0.051
-0.025,0.012,-0.045,-0.025,-0.051
-0.024,0.013,-0.046,-0.024,-0.051
-0.024,0.014,-0.046,-0.024,-0.051
-0.023,0.014,-0.047,-0.023,-0.05
-0.023,0.015,-0.048,-0.023,-0.05
-0.022,0.015,-0.048,-0.022,-0.049
-0.022,0.016,-0.049,-0.022,-0.049
-0.022,0.016,-0.05,-0.022,-0.048
-0.021,0.017,-0.051,-0.021,-0.048
-0.021,0.017,-0.052,-0.021,-0.047
-0.021,0.018,-0.052,-0.021,-0.046
-0.021,0.018,-0.053,-0.021,-0.045
-0.021,0.018,-0.054,-0.021,-0.045
-0.021,0.018,-0.055,-0.021,-0.044
-0.021,0.019,-0.055,-0.021,-0.043
-0.021,0.019,-0.056,-0.021,-0.043
-0.021,0.018,-0.057,-0.021,-0.042
-0.022,0.018,-0.057,-0.022,-0.042
-0.022,0.018,-0.058,-0.022,-0.041
-0.022,0.018,-0.058,-0.022,-0.041
-0.022,0.017,-0.058,-0.022,-0.04
-0.023,0.017,-0.058,-0.023,-0.04
-0.023,0.016,-0.058,-0.023,-0.04
-0.023,0.016,-0.058,-0.023,-0.04
-0.024,0.015,-0.058,-0.024,-0.04
-0.024,0.015,-0.057,-0.024,-0.04
-0.024,0.014,-0.057,-0.024,-0.04
-0.025,0.014,-0.056,-0.025,-0.04
-0.025,0.013,-0.056,-0.025,-0.04
-0.025,0.013,-0.055,-0.025,-0.04
-0.025,0.012,-0.054,-0.025,-0.04
-0.025,0.012,-0.053,-0.025,-0.04
-0.026,0.012,-0.052,-0.026,-0.04
-0.026,0.011,-0.051,-0.026,-0.04
-0.026,0.011,-0.05,-0.026,-0.04
-0.026,0.011,-0.05,-0.026,-0.039
-0.026,0.011,-0.049,-0.026,-0.039
-0.027,0.011,-0.048,-0.027,-0.039
-0.027,0.011,-0.047,-0.027,-0.039
-0.027,0.011,-0.046,-0.027,-0.039
-0.027,0.012,-0.046,-0.027,-0.038
-0.027,0.012,-0.045,-0.027,-0.038
-0.028,0.013,-0.045,-0.028,-0.037
-0.028,0.013,-0.045,-0.028,-0.037
-0.028,0.014,-0.045,-0.028,-0.037
-0.028,0.014,-0.045,-0.028,-0.036
-0.029,0.015,-0.045,-0.029,-0.036
-0.029,0.016,-0.045,-0.029,-0.035
-0.029,0.016,-0.046,-0.029,-0.035
-0.029,0.017,-0.046,-0.029,-0.035
-0.029,0.017,-0.047,-0.029,-0.034
-0.029,0.018,-0.047,-0.029,-0.034
-0.029,0.019,-0.048,-0.029,-0.034
-0.029,0.019,-0.049,-0.029,-0.034
-0.029,0.02,-0.05,-0.029,-0.033
-0.029,0.021,-0.05,-0.029,-0.033
-0.029,0.021,-0.051,-0.029,-0.033
-0.029,0.022,-0.052,-0.029,-0.034
-0.028,0.022,-0.053,-0.028,-0.034
-0.028,0.023,-0.053,-0.028,-0.034
-0.028,0.023,-0.054,-0.028,-0.034
-0.027,0.023,-0.054,-0.027,-0.035
-0.027,0.024,-0.055,-0.027,-0.035
-0.026,0.024,-0.055,-0.026,-0.036
-0.026,0.024,-0.055,-0.026,-0.036
-0.025,0.025,-0.055,-0.025,-0.037
-0.025,0.025,-0.055,-0.025,-0.038
-0.024,0.025,-0.055,-0.024,-0.038
-0.024,0.025,-0.055,-0.024,-0.039
-0.023,0.026,-0.055,-0.023,-0.04
-0.023,0.026,-0.055,-0.023,-0.04
-0.022,0.026,-0.054,-0.022,-0.041
-0.021,0.026,-0.054,-0.021,-0.041
-0.021,0.026,-0.053,-0.021,-0.042
-0.02,0.027,-0.052,-0.02,-0.042
-0.02,0.027,-0.051,-0.02,-0.042
-0.02,0.027,-0.051,-0.02,-0.042
-0.019,0.028,-0.05,-0.019,-0.042
-0.019,0.028,-0.049,-0.019,-0.042
-0.018,0.028,-0.048,-0.018,-0.042
-0.018,0.029,-0.047,-0.018,-0.042
-0.018,0.029,-0.046,-0.018,-0.042
-0.018,0.029,-0.045,-0.018,-0.041
-0.017,0.03,-0.044,-0.017,-0.041
-0.017,0.03,-0.043,-0.017,-0.04
-0.017,0.03,-0.042,-0.017,-0.039
-0.017,0.031,-0.042,-0.017,-0.038
-0.017,0.031,-0.041,-0.017,-0.037
-0.017,0.031,-0.04,-0.017,-0.036
-0.017,0.031,-0.04,-0.017,-0.036
-0.017,0.031,-0.039,-0.017,-0.035
-0.017,0.031,-0.039,-0.017,-0.034
-0.017,0.031,-0.039,-0.017,-0.033
-0.017,0.031,-0.039,-0.017,-0.032
-0.017,0.031,-0.039,-0.017,-0.031
-0.016,0.03,-0.039,-0.016,-0.03
-0.016,0.03,-0.039,-0.016,-0.029
-0.016,0.03,-0.039,-0.016,-0.028
-0.016,0.029,-0.039,-0.016,-0.028
-0.016,0.029,-0.04,-0.016,-0.027
-0.016,0.028,-0.04,-0.016,-0.027
-0.015,0.028,-0.04,-0.015,-0.026
-0.015,0.027,-0.04,-0.015,-0.026
-0.015,0.026,-0.041,-0.015,-0.026
-0.014,0.026,-0.041,-0.014,-0.026
-0.013,0.026,-0.041,-0.013,-0.026
-0.013,0.025,-0.041,-0.013,-0.026
-0.012,0.025,-0.042,-0.012,-0.026
-0.011,0.025,-0.042,-0.011,-0.026
-0.01,0.025,-0.042,-0.01,-0.026
-0.009,0.025,-0.041,-0.009,-0.026
-0.008,0.025,-0.041,-0.008,-0.027
-0.007,0.025,-0.041,-0.007,-0.027
-0.006,0.025,-0.041,-0.006,-0.027
-0.005,0.026,-0.04,-0.005,-0.027
-0.004,0.027,-0.04,-0.004,-0.028
-0.002,0.027,-0.039,-0.002,-0.028
-0.001,0.028,-0.038,-0.001,-0.028
0,0.029,-0.038,0,-0.028
0.001,0.03,-0.037,0.001,-0.028
0.002,0.031,-0.036,0.002,-0.029
0.004,0.032,-0.036,0.004,-0.029
0.005,0.034,-0.035,0.005,-0.029
0.006,0.035,-0.034,0.006,-0.029
0.007,0.036,-0.034,0.007,-0.029
0.007,0.037,-0.033,0.007,-0.029
0.008,0.038,-0.032,0.008,-0.029
0.009,0.039,-0.031,0.009,-0.029
0.009,0.04,-0.031,0.009,-0.029
0.01,0.041,-0.03,0.01,-0.029
0.01,0.042,-0.03,0.01,-0.029
0.01,0.043,-0.029,0.01,-0.029
0.01,0.043,-0.029,0.01,-0.029
0.011,0.044,-0.028,0.011,-0.029
0.011,0.044,-0.028,0.011,-0.029
0.01,0.044,-0.028,0.01,-0.029
0.01,0.044,-0.027,0.01,-0.029
0.01,0.044,-0.027,0.01,-0.029
0.01,0.044,-0.027,0.01,-0.028
0.009,0.043,-0.027,0.009,-0.028
0.009,0.043,-0.027,0.009,-0.028
0.008,0.042,-0.027,0.008,-0.028
0.008,0.041,-0.027,0.008,-0.028
0.007,0.041,-0.027,0.007,-0.027
0.007,0.04,-0.027,0.007,-0.027
0.006,0.039,-0.027,0.006,-0.027
0.005,0.038,-0.027,0.005,-0.027
0.005,0.037,-0.027,0.005,-0.026
0.004,0.037,-0.027,0.004,-0.026
0.003,0.036,-0.027,0.003,-0.026
0.002,0.035,-0.026,0.002,-0.026
0.002,0.034,-0.026,0.002,-0.025
0.001,0.034,-0.026,0.001,-0.025
0.001,0.033,-0.026,0.001,-0.025
0,0.033,-0.025,0,-0.025
-0.001,0.033,-0.025,-0.001,-0.025
-0.001,0.033,-0.024,-0.001,-0.024
-0.001,0.033,-0.024,-0.001,-0.024
-0.002,0.033,-0.023,-0.002,-0.024
-0.002,0.033,-0.023,-0.002,-0.024
-0.002,0.033,-0.022,-0.002,-0.024
-0.002,0.034,-0.021,-0.002,-0.023
-0.003,0.034,-0.02,-0.003,-0.023
-0.003,0.035,-0.019,-0.003,-0.023
-0.003,0.035,-0.018,-0.003,-0.023
-0.002,0.036,-0.017,-0.002,-0.023
-0.002,0.037,-0.016,-0.002,-0.022
-0.002,0.038,-0.015,-0.002,-0.022
-0.002,0.039,-0.014,-0.002,-0.022
-0.001,0.04,-0.013,-0.001,-0.021
-0.001,0.041,-0.013,-0.001,-0.021
0,0.042,-0.012,0,-0.021
0,0.043,-0.011,0,-0.02
0.001,0.044,-0.011,0.001,-0.02
0.001,0.045,-0.01,0.001,-0.02
0.002,0.046,-0.01,0.002,-0.019
0.002,0.047,-0.01,0.002,-0.019
0.003,0.048,-0.009,0.003,-0.019
0.003,0.049,-0.009,0.003,-0.018
0.004,0.05,-0.01,0.004,-0.018
0.004,0.05,-0.01,0.004,-0.017
0.005,0.051,-0.01,0.005,-0.017
0.005,0.052,-0.01,0.005,-0.017
0.006,0.052,-0.011,0.006,-0.016
0.006,0.053,-0.011,0.006,-0.016
0.006,0.053,-0.012,0.006,-0.016
0.006,0.053,-0.013,0.006,-0.016
0.006,0.053,-0.013,0.006,-0.015
0.006,0.054,-0.014,0.006,-0.015
0.006,0.054,-0.015,0.006,-0.015
0.006,0.054,-0.015,0.006,-0.015
0.006,0.054,-0.016,0.006,-0.015
0.006,0.054,-0.016,0.006,-0.015
0.006,0.054,-0.017,0.006,-0.015
0.005,0.053,-0.017,0.005,-0.015
0.005,0.053,-0.018,0.005,-0.014
0.004,0.053,-0.018,0.004,-0.014
0.004,0.053,-0.018,0.004,-0.014
0.003,0.053,-0.018,0.003,-0.014
0.002,0.052,-0.018,0.002,-0.014
0.001,0.052,-0.018,0.001,-0.014
0.001,0.052,-0.018,0.001,-0.014
0,0.052,-0.017,0,-0.014
-0.001,0.051,-0.017,-0.001,-0.014
-0.002,0.051,-0.017,-0.002,-0.014
-0.003,0.051,-0.016,-0.003,-0.014
-0.004,0.051,-0.015,-0.004,-0.014
-0.005,0.05,-0.015,-0.005,-0.014
-0.006,0.05,-0.014,-0.006,-0.013
-0.007,0.05,-0.013,-0.007,-0.013
-0.008,0.05,-0.012,-0.008,-0.013
-0.009,0.05,-0.012,-0.009,-0.013
-0.01,0.05,-0.011,-0.01,-0.012
-0.011,0.05,-0.01,-0.011,-0.012
-0.012,0.05,-0.009,-0.012,-0.012
-0.012,0.05,-0.008,-0.012,-0.011
-0.013,0.05,-0.007,-0.013,-0.011
-0.014,0.05,-0.007,-0.014,-0.011
-0.014,0.05,-0.006,-0.014,-0.01
-0.015,0.05,-0.005,-0.015,-0.01
-0.015,0.051,-0.005,-0.015,-0.01
-0.015,0.051,-0.004,-0.015,-0.009
-0.016,0.052,-0.004,-0.016,-0.009
-0.016,0.052,-0.004,-0.016,-0.009
-0.016,0.053,-0.003,-0.016,-0.008
-0.016,0.053,-0.003,-0.016,-0.008
-0.016,0.054,-0.003,-0.016,-0.008
-0.016,0.054,-0.004,-0.016,-0.008
-0.016,0.055,-0.004,-0.016,-0.008
-0.015,0.056,-0.004,-0.015,-0.008
-0.015,0.056,-0.004,-0.015,-0.008
-0.015,0.057,-0.005,-0.015,-0.008
-0.015,0.058,-0.005,-0.015,-0.008
-0.015,0.058,-0.006,-0.015,-0.008
-0.014,0.059,-0.006,-0.014,-0.009
-0.014,0.059,-0.007,-0.014,-0.009
-0.014,0.059,-0.008,-0.014,-0.009
-0.014,0.06,-0.009,-0.014,-0.01
-0.014,0.06,-0.009,-0.014,-0.01
-0.013,0.061,-0.01,-0.013,-0.011
-0.013,0.061,-0.011,-0.013,-0.011
-0.013,0.061,-0.011,-0.013,-0.012
-0.013,0.061,-0.012,-0.013,-0.012
-0.013,0.061,-0.013,-0.013,-0.013
-0.013,0.062,-0.013,-0.013,-0.013
-0.013,0.062,-0.014,-0.013,-0.014
-0.014,0.062,-0.014,-0.014,-0.014
-0.014,0.062,-0.015,-0.014,-0.014
-0.014,0.062,-0.015,-0.014,-0.015
-0.014,0.062,-0.015,-0.014,-0.015
-0.014,0.062,-0.015,-0.014,-0.015
-0.014,0.062,-0.016,-0.014,-0.015
-0.015,0.062,-0.016,-0.015,-0.015
-0.015,0.062,-0.016,-0.015,-0.015
-0.015,0.062,-0.016,-0.015,-0.015
-0.015,0.062,-0.016,-0.015,-0.014
-0.015,0.062,-0.016,-0.015,-0.014
-0.015,0.062,-0.016,-0.015,-0.014
-0.015,0.062,-0.017,-0.015,-0.013
-0.015,0.062,-0.017,-0.015,-0.013
-0.015,0.062,-0.017,-0.015,-0.012
-0.015,0.062,-0.017,-0.015,-0.012
-0.015,0.062,-0.017,-0.015,-0.011
-0.015,0.062,-0.017,-0.015,-0.011
-0.015,0.062,-0.018,-0.015,-0.01
-0.015,0.062,-0.018,-0.015,-0.01
-0.015,0.061,-0.018,-0.015,-0.01
-0.014,0.061,-0.018,-0.014,-0.009
-0.014,0.061,-0.018,-0.014,-0.009
-0.014,0.061,-0.019,-0.014,-0.008
-0.014,0.061,-0.019,-0.014,-0.008
-0.014,0.061,-0.019,-0.014,-0.007
-0.013,0.06,-0.019,-0.013,-0.007
-0.013,0.06,-0.019,-0.013,-0.007
-0.013,0.06,-0.02,-0.013,-0.006
-0.013,0.06,-0.02,-0.013,-0.006
-0.013,0.06,-0.02,-0.013,-0.005
-0.013,0.059,-0.02,-0.013,-0.005
-0.013,0.059,-0.02,-0.013,-0.005
-0.013,0.059,-0.02,-0.013,-0.004
-0.013,0.059,-0.02,-0.013,-0.004
-0.014,0.059,-0.02,-0.014,-0.003
-0.014,0.059,-0.019,-0.014,-0.003
-0.014,0.059,-0.019,-0.014,-0.002
-0.015,0.058,-0.019,-0.015,-0.002
-0.015,0.058,-0.019,-0.015,-0.001
-0.016,0.058,-0.019,-0.016,-0.001
-0.017,0.058,-0.018,-0.017,0
-0.017,0.058,-0.018,-0.017,0.001
-0.018,0.057,-0.018,-0.018,0.002
-0.019,0.057,-0.018,-0.019,0.002
-0.019,0.057,-0.018,-0.019,0.003
-0.02,0.056,-0.018,-0.02,0.004
-0.021,0.056,-0.018,-0.021,0.005
-0.022,0.055,-0.018,-0.022,0.006
-0.022,0.055,-0.018,-0.022,0.007
-0.023,0.054,-0.018,-0.023,0.007
-0.024,0.053,-0.019,-0.024,0.008
-0.025,0.053,-0.019,-0.025,0.009
-0.025,0.052,-0.02,-0.025,0.01
-0.026,0.051,-0.02,-0.026,0.01
-0.027,0.051,-0.021,-0.027,0.011
-0.027,0.05,-0.022,-0.027,0.012
-0.028,0.049,-0.022,-0.028,0.012
-0.029,0.049,-0.023,-0.029,0.012
-0.029,0.048,-0.024,-0.029,0.013
-0.03,0.047,-0.025,-0.03,0.013
-0.03,0.047,-0.026,-0.03,0.013
-0.031,0.046,-0.027,-0.031,0.013
-0.031,0.045,-0.028,-0.031,0.013
-0.032,0.045,-0.029,-0.032,0.013
-0.033,0.044,-0.03,-0.033,0.013
-0.033,0.043,-0.031,-0.033,0.012
-0.034,0.043,-0.032,-0.034,0.012
-0.034,0.042,-0.032,-0.034,0.011
-0.035,0.042,-0.033,-0.035,0.011
-0.035,0.041,-0.034,-0.035,0.011
-0.036,0.041,-0.034,-0.036,0.01
-0.036,0.04,-0.035,-0.036,0.01
-0.037,0.04,-0.035,-0.037,0.009
-0.038,0.039,-0.036,-0.038,0.009
-0.038,0.039,-0.036,-0.038,0.008
-0.039,0.039,-0.036,-0.039,0.008
-0.039,0.039,-0.036,-0.039,0.007
-0.039,0.039,-0.036,-0.039,0.007
-0.04,0.038,-0.036,-0.04,0.007
-0.04,0.038,-0.036,-0.04,0.007
-0.041,0.038,-0.036,-0.041,0.007
-0.041,0.038,-0.036,-0.041,0.007
-0.041,0.039,-0.036,-0.041,0.007
-0.042,0.039,-0.035,-0.042,0.007
-0.042,0.039,-0.035,-0.042,0.008
-0.042,0.039,-0.034,-0.042,0.008
-0.042,0.039,-0.034,-0.042,0.008
-0.043,0.039,-0.034,-0.043,0.009
-0.043,0.04,-0.033,-0.043,0.009
-0.043,0.04,-0.033,-0.043,0.01
-0.043,0.04,-0.033,-0.043,0.01
-0.044,0.04,-0.032,-0.044,0.011
-0.044,0.04,-0.032,-0.044,0.012
-0.044,0.041,-0.032,-0.044,0.012
-0.045,0.041,-0.032,-0.045,0.013
-0.045,0.041,-0.032,-0.045,0.014
-0.046,0.041,-0.031,-0.046,0.014
-0.046,0.041,-0.031,-0.046,0.015
-0.047,0.04,-0.031,-0.047,0.016
-0.047,0.04,-0.031,-0.047,0.016
-0.048,0.04,-0.031,-0.048,0.017
-0.048,0.039,-0.031,-0.048,0.018
-0.049,0.039,-0.031,-0.049,0.019
-0.049,0.038,-0.031,-0.049,0.019
-0.05,0.037,-0.03,-0.05,0.02
-0.05,0.037,-0.03,-0.05,0.021
-0.051,0.036,-0.03,-0.051,0.022
-0.051,0.035,-0.029,-0.051,0.023
-0.052,0.034,-0.029,-0.052,0.023
-0.052,0.034,-0.028,-0.052,0.024
-0.052,0.033,-0.027,-0.052,0.025
-0.052,0.032,-0.026,-0.052,0.026
-0.052,0.031,-0.025,-0.052,0.027
-0.052,0.031,-0.024,-0.052,0.028
-0.051,0.03,-0.023,-0.051,0.029
-0.051,0.03,-0.022,-0.051,0.03
-0.05,0.029,-0.021,-0.05,0.031
-0.05,0.029,-0.019,-0.05,0.032
-0.049,0.029,-0.018,-0.049,0.033
-0.048,0.029,-0.016,-0.048,0.034
-0.047,0.029,-0.015,-0.047,0.035
-0.045,0.03,-0.013,-0.045,0.037
-0.044,0.03,-0.012,-0.044,0.038
-0.043,0.031,-0.01,-0.043,0.039
-0.041,0.032,-0.009,-0.041,0.04
-0.039,0.033,-0.007,-0.039,0.041
-0.037,0.034,-0.006,-0.037,0.043
-0.036,0.035,-0.005,-0.036,0.044
-0.034,0.036,-0.003,-0.034,0.045
-0.032,0.038,-0.002,-0.032,0.046
-0.03,0.04,-0.001,-0.03,0.048
-0.028,0.041,0,-0.028,0.049
-0.026,0.043,0.001,-0.026,0.05
-0.024,0.045,0.002,-0.024,0.051
-0.021,0.047,0.003,-0.021,0.052
-0.019,0.049,0.004,-0.019,0.053
-0.017,0.051,0.005,-0.017,0.054
-0.015,0.053,0.006,-0.015,0.055
-0.013,0.055,0.007,-0.013,0.056
-0.011,0.057,0.008,-0.011,0.057
-0.009,0.059,0.009,-0.009,0.058
-0.007,0.061,0.009,-0.007,0.059
-0.005,0.062,0.01,-0.005,0.06
-0.003,0.064,0.011,-0.003,0.061
-0.001,0.066,0.012,-0.001,0.062
0,0.067,0.012,0,0.062
0.002,0.069,0.013,0.002,0.063
0.004,0.07,0.014,0.004,0.064
0.005,0.072,0.015,0.005,0.064
0.007,0.073,0.015,0.007,0.065
0.009,0.074,0.016,0.009,0.066
0.01,0.075,0.017,0.01,0.066
0.012,0.076,0.017,0.012,0.067
0.013,0.077,0.018,0.013,0.068
0.015,0.078,0.019,0.015,0.068
0.016,0.078,0.02,0.016,0.069
0.018,0.079,0.021,0.018,0.07
0.019,0.08,0.022,0.019,0.071
0.021,0.081,0.022,0.021,0.072
0.022,0.081,0.023,0.022,0.072
0.023,0.082,0.024,0.023,0.074
0.025,0.083,0.025,0.025,0.075
0.026,0.083,0.026,0.026,0.076
0.028,0.084,0.027,0.028,0.077
0.029,0.085,0.029,0.029,0.079
0.03,0.086,0.03,0.03,0.08
0.032,0.087,0.031,0.032,0.082
0.033,0.088,0.032,0.033,0.083
0.034,0.09,0.033,0.034,0.085
0.036,0.091,0.035,0.036,0.087
0.037,0.092,0.036,0.037,0.089
0.039,0.094,0.038,0.039,0.09
0.04,0.096,0.039,0.04,0.092
0.041,0.098,0.04,0.041,0.094
0.043,0.1,0.042,0.043,0.096
0.044,0.102,0.044,0.044,0.098
0.046,0.104,0.045,0.046,0.1
0.047,0.106,0.047,0.047,0.101
0.048,0.108,0.049,0.048,0.103
0.05,0.111,0.05,0.05,0.105
0.051,0.114,0.052,0.051,0.106
0.053,0.116,0.054,0.053,0.108
0.054,0.119,0.056,0.054,0.109
0.056,0.122,0.058,0.056,0.11
0.058,0.125,0.06,0.058,0.111
0.059,0.128,0.062,0.059,0.113
0.061,0.13,0.064,0.061,0.113
0.062,0.133,0.066,0.062,0.114
0.064,0.136,0.068,0.064,0.115
0.066,0.139,0.071,0.066,0.116
0.067,0.142,0.073,0.067,0.116
0.069,0.145,0.075,0.069,0.117
0.071,0.148,0.077,0.071,0.117
0.072,0.151,0.079,0.072,0.117
0.074,0.154,0.081,0.074,0.118
0.075,0.157,0.083,0.075,0.118
0.077,0.159,0.085,0.077,0.118
0.078,0.161,0.087,0.078,0.118
0.079,0.164,0.089,0.079,0.119
0.081,0.166,0.09,0.081,0.119
0.082,0.168,0.092,0.082,0.119
0.083,0.169,0.093,0.083,0.12
0.084,0.171,0.094,0.084,0.12
0.085,0.172,0.095,0.085,0.12
0.086,0.173,0.096,0.086,0.121
0.087,0.174,0.097,0.087,0.121
0.088,0.175,0.098,0.088,0.122
0.089,0.175,0.098,0.089,0.122
0.089,0.176,0.098,0.089,0.123
0.09,0.176,0.099,0.09,0.124
0.091,0.176,0.099,0.091,0.124
0.091,0.175,0.099,0.091,0.125
0.092,0.175,0.099,0.092,0.126
0.092,0.175,0.099,0.092,0.127
0.093,0.174,0.099,0.093,0.128
0.093,0.174,0.099,0.093,0.129
0.094,0.173,0.099,0.094,0.129
0.094,0.172,0.099,0.094,0.13
0.094,0.172,0.099,0.094,0.131
0.095,0.171,0.1,0.095,0.132
0.095,0.17,0.1,0.095,0.132
0.096,0.17,0.1,0.096,0.133
0.097,0.169,0.1,0.097,0.133
0.097,0.168,0.101,0.097,0.134
0.098,0.168,0.101,0.098,0.134
0.099,0.168,0.102,0.099,0.134
0.099,0.167,0.102,0.099,0.134
0.1,0.167,0.103,0.1,0.134
0.101,0.167,0.104,0.101,0.134
0.102,0.167,0.104,0.102,0.133
0.103,0.167,0.105,0.103,0.133
0.103,0.167,0.105,0.103,0.132
0.104,0.167,0.106,0.104,0.131
0.105,0.167,0.106,0.105,0.13
0.106,0.167,0.106,0.106,0.129
0.106,0.168,0.106,0.106,0.128
0.107,0.168,0.106,0.107,0.126
0.108,0.168,0.106,0.108,0.125
0.108,0.169,0.105,0.108,0.123
0.109,0.169,0.104,0.109,0.121
0.109,0.169,0.103,0.109,0.119
0.109,0.169,0.102,0.109,0.117
0.109,0.169,0.1,0.109,0.114
0.108,0.169,0.098,0.108,0.112
0.108,0.169,0.096,0.108,0.109
0.107,0.169,0.094,0.107,0.106
0.107,0.168,0.091,0.107,0.103
0.105,0.167,0.088,0.105,0.1
0.104,0.167,0.085,0.104,0.097
0.103,0.165,0.081,0.103,0.093
0.101,0.164,0.078,0.101,0.09
0.099,0.163,0.074,0.099,0.086
0.097,0.161,0.07,0.097,0.082
0.095,0.159,0.065,0.095,0.078
0.092,0.157,0.061,0.092,0.074
0.089,0.154,0.057,0.089,0.07
0.087,0.152,0.052,0.087,0.066
0.084,0.149,0.048,0.084,0.061
0.08,0.146,0.044,0.08,0.057
0.077,0.143,0.039,0.077,0.053
0.073,0.139,0.035,0.073,0.048
0.07,0.136,0.03,0.07,0.044
0.066,0.132,0.026,0.066,0.04
0.062,0.128,0.022,0.062,0.035
0.059,0.124,0.018,0.059,0.031
0.055,0.12,0.014,0.055,0.027
0.051,0.116,0.011,0.051,0.023
0.047,0.111,0.007,0.047,0.019
0.044,0.107,0.004,0.044,0.015
0.04,0.103,0,0.04,0.011
0.037,0.099,-0.003,0.037,0.007
0.033,0.094,-0.006,0.033,0.004
0.03,0.09,-0.008,0.03,0
0.027,0.086,-0.011,0.027,-0.003
0.024,0.082,-0.014,0.024,-0.006
0.021,0.078,-0.016,0.021,-0.009
0.018,0.074,-0.019,0.018,-0.012
0.016,0.07,-0.021,0.016,-0.014
0.013,0.067,-0.023,0.013,-0.017
0.011,0.063,-0.026,0.011,-0.019
0.009,0.06,-0.028,0.009,-0.021
0.007,0.057,-0.03,0.007,-0.023
0.005,0.054,-0.032,0.005,-0.025
0.004,0.051,-0.034,0.004,-0.027
0.002,0.048,-0.037,0.002,-0.028
0.001,0.046,-0.039,0.001,-0.029
-0.001,0.043,-0.041,-0.001,-0.031
-0.002,0.041,-0.043,-0.002,-0.032
-0.003,0.039,-0.045,-0.003,-0.033
-0.004,0.037,-0.047,-0.004,-0.034
-0.006,0.035,-0.049,-0.006,-0.034
-0.007,0.033,-0.051,-0.007,-0.035
-0.008,0.031,-0.053,-0.008,-0.036
-0.009,0.03,-0.055,-0.009,-0.036
-0.01,0.028,-0.057,-0.01,-0.037
-0.011,0.027,-0.059,-0.011,-0.037
-0.012,0.025,-0.06,-0.012,-0.038
-0.013,0.024,-0.062,-0.013,-0.039
-0.014,0.023,-0.063,-0.014,-0.039
-0.015,0.022,-0.064,-0.015,-0.04
-0.017,0.02,-0.065,-0.017,-0.04
-0.018,0.019,-0.066,-0.018,-0.041
-0.019,0.018,-0.067,-0.019,-0.042
-0.02,0.017,-0.068,-0.02,-0.043
-0.021,0.017,-0.069,-0.021,-0.044
-0.022,0.016,-0.069,-0.022,-0.044
-0.023,0.015,-0.07,-0.023,-0.045
-0.024,0.014,-0.07,-0.024,-0.046
-0.025,0.013,-0.07,-0.025,-0.047
-0.025,0.013,-0.07,-0.025,-0.049
-0.026,0.012,-0.07,-0.026,-0.05
-0.027,0.011,-0.07,-0.027,-0.051
-0.027,0.011,-0.07,-0.027,-0.052
-0.028,0.01,-0.07,-0.028,-0.053
-0.028,0.009,-0.07,-0.028,-0.055
-0.028,0.009,-0.07,-0.028,-0.056
-0.029,0.008,-0.07,-0.029,-0.057
-0.029,0.008,-0.07,-0.029,-0.058
-0.029,0.007,-0.07,-0.029,-0.059
-0.029,0.007,-0.071,-0.029,-0.061
-0.029,0.006,-0.071,-0.029,-0.062
-0.029,0.006,-0.071,-0.029,-0.063
-0.029,0.005,-0.071,-0.029,-0.064
-0.029,0.005,-0.072,-0.029,-0.065
-0.029,0.004,-0.072,-0.029,-0.065
-0.028,0.004,-0.073,-0.028,-0.066
-0.028,0.003,-0.073,-0.028,-0.067
-0.028,0.003,-0.074,-0.028,-0.067
-0.028,0.002,-0.075,-0.028,-0.068
-0.028,0.002,-0.075,-0.028,-0.068
-0.028,0.001,-0.076,-0.028,-0.068
-0.028,0.001,-0.077,-0.028,-0.069
-0.029,0,-0.077,-0.029,-0.069
-0.029,-0.001,-0.078,-0.029,-0.069
-0.029,-0.001,-0.079,-0.029,-0.069
-0.03,-0.002,-0.079,-0.03,-0.069
-0.031,-0.003,-0.08,-0.031,-0.069
-0.032,-0.004,-0.08,-0.032,-0.069
-0.032,-0.004,-0.081,-0.032,-0.069
-0.033,-0.005,-0.081,-0.033,-0.069
-0.035,-0.006,-0.081,-0.035,-0.069
-0.036,-0.007,-0.082,-0.036,-0.069
-0.037,-0.007,-0.082,-0.037,-0.069
-0.038,-0.008,-0.082,-0.038,-0.069
-0.039,-0.009,-0.082,-0.039,-0.069
-0.041,-0.009,-0.082,-0.041,-0.069
-0.042,-0.01,-0.081,-0.042,-0.069
-0.043,-0.011,-0.081,-0.043,-0.069
-0.044,-0.011,-0.081,-0.044,-0.069
-0.045,-0.011,-0.081,-0.045,-0.07
-0.046,-0.012,-0.08,-0.046,-0.07
-0.046,-0.012,-0.08,-0.046,-0.07
-0.047,-0.012,-0.079,-0.047,-0.071
-0.047,-0.012,-0.079,-0.047,-0.071
-0.048,-0.013,-0.078,-0.048,-0.071
-0.048,-0.013,-0.078,-0.048,-0.072
-0.048,-0.012,-0.078,-0.048,-0.072
-0.047,-0.012,-0.077,-0.047,-0.072
-0.047,-0.012,-0.077,-0.047,-0.073
-0.046,-0.012,-0.077,-0.046,-0.073
-0.046,-0.012,-0.077,-0.046,-0.074
-0.045,-0.011,-0.077,-0.045,-0.074
-0.044,-0.011,-0.077,-0.044,-0.074
-0.043,-0.011,-0.077,-0.043,-0.075
-0.042,-0.011,-0.077,-0.042,-0.075
-0.04,-0.01,-0.078,-0.04,-0.075
-0.039,-0.01,-0.078,-0.039,-0.075
-0.038,-0.01,-0.078,-0.038,-0.075
-0.037,-0.01,-0.079,-0.037,-0.076
-0.036,-0.01,-0.079,-0.036,-0.076
-0.035,-0.01,-0.08,-0.035,-0.076
-0.034,-0.01,-0.081,-0.034,-0.076
-0.033,-0.01,-0.081,-0.033,-0.076
-0.032,-0.011,-0.082,-0.032,-0.075
-0.032,-0.011,-0.083,-0.032,-0.075
-0.031,-0.011,-0.083,-0.031,-0.075
-0.031,-0.012,-0.084,-0.031,-0.075
-0.031,-0.013,-0.085,-0.031,-0.074
-0.031,-0.013,-0.085,-0.031,-0.074
-0.031,-0.014,-0.086,-0.031,-0.073
-0.031,-0.015,-0.086,-0.031,-0.073
-0.031,-0.016,-0.087,-0.031,-0.072
-0.032,-0.017,-0.087,-0.032,-0.071
-0.032,-0.018,-0.087,-0.032,-0.071
-0.033,-0.018,-0.087,-0.033,-0.07
-0.034,-0.019,-0.088,-0.034,-0.069
-0.034,-0.02,-0.088,-0.034,-0.069
-0.035,-0.021,-0.088,-0.035,-0.068
-0.036,-0.022,-0.088,-0.036,-0.067
-0.037,-0.023,-0.087,-0.037,-0.067
-0.038,-0.024,-0.087,-0.038,-0.066
-0.039,-0.024,-0.087,-0.039,-0.066
-0.04,-0.025,-0.087,-0.04,-0.065
-0.041,-0.026,-0.086,-0.041,-0.065
-0.042,-0.026,-0.086,-0.042,-0.065
-0.043,-0.027,-0.085,-0.043,-0.065
-0.044,-0.027,-0.085,-0.044,-0.065
-0.045,-0.028,-0.084,-0.045,-0.065
-0.045,-0.028,-0.084,-0.045,-0.065
-0.046,-0.028,-0.083,-0.046,-0.065
-0.047,-0.029,-0.082,-0.047,-0.065
-0.047,-0.029,-0.082,-0.047,-0.065
-0.048,-0.029,-0.081,-0.048,-0.066
-0.048,-0.029,-0.08,-0.048,-0.066
-0.049,-0.029,-0.08,-0.049,-0.067
-0.049,-0.029,-0.079,-0.049,-0.067
-0.049,-0.029,-0.078,-0.049,-0.068
-0.05,-0.028,-0.078,-0.05,-0.068
-0.05,-0.028,-0.077,-0.05,-0.069
-0.05,-0.028,-0.077,-0.05,-0.069
-0.05,-0.027,-0.076,-0.05,-0.07
-0.05,-0.027,-0.076,-0.05,-0.07
-0.049,-0.026,-0.075,-0.049,-0.071
-0.049,-0.025,-0.075,-0.049,-0.071
-0.049,-0.025,-0.075,-0.049,-0.072
-0.048,-0.024,-0.075,-0.048,-0.072
-0.048,-0.023,-0.075,-0.048,-0.072
-0.047,-0.022,-0.075,-0.047,-0.072
-0.047,-0.021,-0.075,-0.047,-0.072
-0.046,-0.02,-0.075,-0.046,-0.072
-0.045,-0.019,-0.075,-0.045,-0.072
-0.045,-0.018,-0.076,-0.045,-0.072
-0.044,-0.017,-0.076,-0.044,-0.071
-0.043,-0.016,-0.076,-0.043,-0.071
-0.042,-0.015,-0.076,-0.042,-0.071
-0.041,-0.014,-0.077,-0.041,-0.07
-0.04,-0.013,-0.077,-0.04,-0.07
-0.039,-0.012,-0.077,-0.039,-0.069
-0.038,-0.011,-0.077,-0.038,-0.068
-0.038,-0.01,-0.078,-0.038,-0.068
-0.037,-0.009,-0.078,-0.037,-0.067
-0.036,-0.008,-0.078,-0.036,-0.066
-0.035,-0.007,-0.078,-0.035,-0.065
-0.034,-0.006,-0.078,-0.034,-0.065
-0.033,-0.005,-0.078,-0.033,-0.064
-0.032,-0.004,-0.077,-0.032,-0.063
-0.032,-0.004,-0.077,-0.032,-0.062
-0.031,-0.003,-0.077,-0.031,-0.061
-0.03,-0.002,-0.076,-0.03,-0.06
-0.03,-0.002,-0.076,-0.03,-0.059
-0.029,-0.001,-0.075,-0.029,-0.058
-0.029,-0.001,-0.075,-0.029,-0.057
-0.028,0,-0.074,-0.028,-0.057
-0.028,0,-0.074,-0.028,-0.056
-0.028,0.001,-0.073,-0.028,-0.055
-0.027,0.001,-0.073,-0.027,-0.054
-0.027,0.001,-0.072,-0.027,-0.054
-0.027,0.001,-0.071,-0.027,-0.053
-0.027,0.001,-0.071,-0.027,-0.052
-0.026,0.001,-0.07,-0.026,-0.052
-0.026,0.001,-0.07,-0.026,-0.051
-0.026,0.001,-0.069,-0.026,-0.051
-0.026,0.001,-0.068,-0.026,-0.051
-0.025,0.001,-0.068,-0.025,-0.05
-0.025,0.001,-0.068,-0.025,-0.05
-0.025,0.001,-0.067,-0.025,-0.05
-0.025,0.001,-0.067,-0.025,-0.049
-0.024,0,-0.066,-0.024,-0.049
-0.024,0,-0.066,-0.024,-0.049
-0.024,0,-0.066,-0.024,-0.049
-0.024,-0.001,-0.066,-0.024,-0.049
-0.023,-0.001,-0.065,-0.023,-0.049
-0.023,-0.002,-0.065,-0.023,-0.049
-0.022,-0.002,-0.065,-0.022,-0.049
-0.022,-0.002,-0.065,-0.022,-0.049
-0.021,-0.003,-0.065,-0.021,-0.049
-0.021,-0.003,-0.065,-0.021,-0.048
-0.02,-0.004,-0.065,-0.02,-0.048
-0.02,-0.004,-0.065,-0.02,-0.048
-0.019,-0.004,-0.065,-0.019,-0.047
-0.018,-0.004,-0.065,-0.018,-0.047
-0.017,-0.004,-0.064,-0.017,-0.046
-0.015,-0.004,-0.064,-0.015,-0.045
-0.014,-0.003,-0.063,-0.014,-0.044
-0.012,-0.002,-0.062,-0.012,-0.042
-0.01,0,-0.061,-0.01,-0.04
-0.007,0.002,-0.059,-0.007,-0.038
-0.004,0.004,-0.057,-0.004,-0.035
0,0.007,-0.054,0,-0.031
0.004,0.011,-0.051,0.004,-0.027
0.009,0.015,-0.047,0.009,-0.022
0.014,0.02,-0.043,0.014,-0.017
0.02,0.026,-0.037,0.02,-0.011
0.027,0.033,-0.031,0.027,-0.004
0.035,0.041,-0.024,0.035,0.004
0.044,0.05,-0.016,0.044,0.012
0.054,0.06,-0.007,0.054,0.022
0.064,0.071,0.003,0.064,0.032
0.076,0.083,0.014,0.076,0.044
0.088,0.096,0.026,0.088,0.056
0.102,0.11,0.039,0.102,0.069
0.116,0.125,0.053,0.116,0.083
0.131,0.141,0.068,0.131,0.099
0.147,0.157,0.084,0.147,0.115
0.164,0.175,0.101,0.164,0.131
0.181,0.194,0.119,0.181,0.149
0.2,0.214,0.137,0.2,0.167
0.219,0.234,0.157,0.219,0.186
0.238,0.255,0.177,0.238,0.206
0.258,0.276,0.197,0.258,0.226
0.279,0.298,0.218,0.279,0.247
0.3,0.32,0.24,0.3,0.268
0.32,0.342,0.262,0.32,0.289
0.341,0.365,0.284,0.341,0.31
0.362,0.387,0.306,0.362,0.331
0.383,0.409,0.327,0.383,0.352
0.404,0.431,0.349,0.404,0.373
0.424,0.453,0.37,0.424,0.394
0.444,0.474,0.391,0.444,0.414
0.463,0.494,0.412,0.463,0.433
0.481,0.513,0.431,0.481,0.452
0.499,0.532,0.45,0.499,0.469
0.516,0.55,0.468,0.516,0.486
0.531,0.566,0.485,0.531,0.502
0.546,0.582,0.501,0.546,0.516
0.559,0.596,0.515,0.559,0.53
0.571,0.608,0.528,0.571,0.541
0.582,0.619,0.54,0.582,0.552
0.591,0.629,0.55,0.591,0.561
0.598,0.637,0.559,0.598,0.568
0.604,0.643,0.565,0.604,0.574
0.608,0.648,0.571,0.608,0.578
0.611,0.651,0.574,0.611,0.58
0.612,0.652,0.576,0.612,0.581
0.611,0.651,0.576,0.611,0.58
0.609,0.649,0.575,0.609,0.577
0.605,0.645,0.572,0.605,0.573
0.6,0.64,0.567,0.6,0.567
0.593,0.633,0.561,0.593,0.56
0.585,0.624,0.553,0.585,0.552
0.575,0.615,0.545,0.575,0.542
0.564,0.603,0.534,0.564,0.531
0.552,0.591,0.523,0.552,0.519
0.539,0.578,0.511,0.539,0.506
0.526,0.563,0.497,0.526,0.492
0.511,0.548,0.483,0.511,0.478
0.496,0.532,0.469,0.496,0.463
0.48,0.515,0.453,0.48,0.448
0.463,0.498,0.438,0.463,0.432
0.447,0.481,0.421,0.447,0.416
0.43,0.463,0.405,0.43,0.4
0.413,0.445,0.389,0.413,0.383
0.396,0.428,0.372,0.396,0.367
0.379,0.41,0.356,0.379,0.351
0.362,0.392,0.339,0.362,0.335
0.346,0.375,0.323,0.346,0.32
0.33,0.357,0.307,0.33,0.304
0.314,0.34,0.292,0.314,0.289
0.298,0.324,0.276,0.298,0.275
0.283,0.307,0.261,0.283,0.26
0.268,0.291,0.247,0.268,0.246
0.253,0.276,0.232,0.253,0.233
0.239,0.261,0.218,0.239,0.219
0.225,0.246,0.204,0.225,0.206
0.212,0.232,0.191,0.212,0.193
0.198,0.218,0.178,0.198,0.181
0.185,0.204,0.165,0.185,0.169
0.173,0.191,0.153,0.173,0.156
0.16,0.178,0.14,0.16,0.145
0.148,0.165,0.128,0.148,0.133
0.136,0.153,0.116,0.136,0.121
0.124,0.141,0.105,0.124,0.11
0.112,0.129,0.093,0.112,0.099
0.101,0.117,0.082,0.101,0.088
0.09,0.106,0.071,0.09,0.077
0.078,0.095,0.06,0.078,0.066
0.067,0.084,0.049,0.067,0.055
0.057,0.074,0.039,0.057,0.045
0.046,0.064,0.029,0.046,0.034
0.036,0.054,0.019,0.036,0.024
0.026,0.044,0.009,0.026,0.014
0.016,0.035,0,0.016,0.005
0.007,0.026,-0.009,0.007,-0.005
-0.002,0.017,-0.018,-0.002,-0.014
-0.011,0.009,-0.026,-0.011,-0.022
-0.019,0.002,-0.034,-0.019,-0.03
-0.027,-0.005,-0.041,-0.027,-0.038
-0.034,-0.012,-0.048,-0.034,-0.046
-0.041,-0.018,-0.055,-0.041,-0.053
-0.047,-0.024,-0.061,-0.047,-0.059
-0.052,-0.029,-0.067,-0.052,-0.065
-0.058,-0.034,-0.072,-0.058,-0.071
-0.062,-0.038,-0.077,-0.062,-0.076
-0.066,-0.042,-0.081,-0.066,-0.081
-0.07,-0.045,-0.084,-0.07,-0.085
-0.073,-0.048,-0.088,-0.073,-0.089
-0.075,-0.051,-0.09,-0.075,-0.092
-0.077,-0.053,-0.093,-0.077,-0.095
-0.079,-0.055,-0.094,-0.079,-0.097
-0.08,-0.056,-0.096,-0.08,-0.099
-0.081,-0.057,-0.097,-0.081,-0.101
-0.082,-0.058,-0.098,-0.082,-0.102
-0.082,-0.059,-0.098,-0.082,-0.103
-0.082,-0.059,-0.098,-0.082,-0.104
-0.082,-0.06,-0.098,-0.082,-0.104
-0.081,-0.06,-0.097,-0.081,-0.104
-0.08,-0.06,-0.097,-0.08,-0.104
-0.08,-0.059,-0.096,-0.08,-0.104
-0.079,-0.059,-0.095,-0.079,-0.103
-0.078,-0.059,-0.094,-0.078,-0.102
-0.077,-0.058,-0.093,-0.077,-0.102
-0.076,-0.058,-0.093,-0.076,-0.101
-0.075,-0.058,-0.092,-0.075,-0.1
-0.074,-0.057,-0.091,-0.074,-0.099
-0.074,-0.057,-0.09,-0.074,-0.098
-0.073,-0.056,-0.089,-0.073,-0.097
-0.072,-0.056,-0.089,-0.072,-0.096
-0.072,-0.056,-0.088,-0.072,-0.095
-0.072,-0.055,-0.088,-0.072,-0.095
-0.071,-0.055,-0.088,-0.071,-0.094
-0.071,-0.055,-0.088,-0.071,-0.093
-0.072,-0.055,-0.088,-0.072,-0.093
-0.072,-0.055,-0.088,-0.072,-0.092
-0.072,-0.055,-0.089,-0.072,-0.092
-0.073,-0.055,-0.09,-0.073,-0.092
-0.073,-0.056,-0.09,-0.073,-0.092
-0.074,-0.056,-0.091,-0.074,-0.092
-0.075,-0.056,-0.093,-0.075,-0.092
-0.076,-0.056,-0.094,-0.076,-0.093
-0.076,-0.057,-0.095,-0.076,-0.093
-0.077,-0.057,-0.097,-0.077,-0.094
-0.078,-0.057,-0.098,-0.078,-0.095
-0.079,-0.058,-0.1,-0.079,-0.095
-0.08,-0.058,-0.101,-0.08,-0.096
-0.081,-0.058,-0.103,-0.081,-0.097
-0.082,-0.059,-0.104,-0.082,-0.098
-0.082,-0.059,-0.106,-0.082,-0.099
-0.083,-0.059,-0.107,-0.083,-0.1
-0.083,-0.059,-0.108,-0.083,-0.101
-0.084,-0.059,-0.109,-0.084,-0.102
-0.084,-0.059,-0.11,-0.084,-0.103
-0.084,-0.058,-0.111,-0.084,-0.104
-0.085,-0.058,-0.112,-0.085,-0.105
-0.085,-0.058,-0.113,-0.085,-0.105
-0.085,-0.057,-0.113,-0.085,-0.106
-0.084,-0.057,-0.113,-0.084,-0.107
-0.084,-0.056,-0.113,-0.084,-0.107
-0.084,-0.055,-0.113,-0.084,-0.107
-0.083,-0.054,-0.113,-0.083,-0.108
-0.083,-0.053,-0.113,-0.083,-0.108
-0.082,-0.053,-0.112,-0.082,-0.107
-0.081,-0.052,-0.111,-0.081,-0.107
-0.081,-0.051,-0.11,-0.081,-0.107
-0.08,-0.05,-0.109,-0.08,-0.106
-0.079,-0.049,-0.108,-0.079,-0.106
-0.078,-0.048,-0.107,-0.078,-0.105
-0.077,-0.047,-0.106,-0.077,-0.104
-0.076,-0.046,-0.105,-0.076,-0.103
-0.075,-0.045,-0.103,-0.075,-0.102
-0.074,-0.045,-0.102,-0.074,-0.101
-0.073,-0.044,-0.101,-0.073,-0.1
-0.072,-0.043,-0.1,-0.072,-0.099
-0.072,-0.043,-0.098,-0.072,-0.098
-0.071,-0.042,-0.097,-0.071,-0.097
-0.07,-0.042,-0.096,-0.07,-0.096
-0.069,-0.042,-0.095,-0.069,-0.095
-0.068,-0.042,-0.094,-0.068,-0.094
-0.068,-0.041,-0.094,-0.068,-0.093
-0.067,-0.041,-0.093,-0.067,-0.092
-0.067,-0.042,-0.092,-0.067,-0.091
-0.066,-0.042,-0.092,-0.066,-0.091
-0.066,-0.042,-0.092,-0.066,-0.09
-0.066,-0.042,-0.091,-0.066,-0.09
-0.065,-0.043,-0.091,-0.065,-0.09
-0.065,-0.043,-0.091,-0.065,-0.089
-0.065,-0.044,-0.091,-0.065,-0.089
-0.065,-0.044,-0.091,-0.065,-0.089
-0.065,-0.045,-0.091,-0.065,-0.089
-0.065,-0.046,-0.091,-0.065,-0.089
-0.065,-0.046,-0.092,-0.065,-0.089
-0.066,-0.047,-0.092,-0.066,-0.09
-0.066,-0.047,-0.092,-0.066,-0.09
-0.066,-0.048,-0.092,-0.066,-0.09
-0.067,-0.049,-0.092,-0.067,-0.09
-0.067,-0.049,-0.092,-0.067,-0.09
-0.067,-0.049,-0.091,-0.067,-0.09
-0.068,-0.05,-0.091,-0.068,-0.089
-0.068,-0.05,-0.091,-0.068,-0.089
-0.068,-0.05,-0.091,-0.068,-0.089
-0.069,-0.05,-0.09,-0.069,-0.088
-0.069,-0.05,-0.089,-0.069,-0.087
-0.069,-0.049,-0.089,-0.069,-0.087
-0.069,-0.049,-0.088,-0.069,-0.086
-0.07,-0.049,-0.087,-0.07,-0.085
-0.07,-0.048,-0.087,-0.07,-0.084
-0.07,-0.047,-0.086,-0.07,-0.083
-0.07,-0.047,-0.085,-0.07,-0.081
-0.07,-0.046,-0.084,-0.07,-0.08
-0.07,-0.045,-0.083,-0.07,-0.079
-0.069,-0.044,-0.082,-0.069,-0.077
-0.069,-0.043,-0.081,-0.069,-0.076
-0.069,-0.042,-0.08,-0.069,-0.075
-0.069,-0.041,-0.079,-0.069,-0.074
-0.068,-0.041,-0.078,-0.068,-0.073
-0.068,-0.04,-0.078,-0.068,-0.072
-0.067,-0.039,-0.077,-0.067,-0.071
-0.067,-0.038,-0.076,-0.067,-0.07
-0.067,-0.037,-0.076,-0.067,-0.069
-0.066,-0.036,-0.075,-0.066,-0.068
-0.066,-0.036,-0.074,-0.066,-0.068
-0.065,-0.035,-0.074,-0.065,-0.068
-0.065,-0.034,-0.074,-0.065,-0.068
-0.064,-0.034,-0.073,-0.064,-0.068
-0.064,-0.033,-0.073,-0.064,-0.068
-0.063,-0.033,-0.073,-0.063,-0.068
-0.063,-0.033,-0.073,-0.063,-0.069
-0.063,-0.033,-0.073,-0.063,-0.069
-0.062,-0.032,-0.073,-0.062,-0.07
-0.062,-0.032,-0.073,-0.062,-0.071
-0.062,-0.032,-0.073,-0.062,-0.072
-0.062,-0.032,-0.073,-0.062,-0.072
-0.062,-0.032,-0.073,-0.062,-0.073
-0.062,-0.033,-0.073,-0.062,-0.074
-0.062,-0.033,-0.073,-0.062,-0.075
-0.062,-0.033,-0.073,-0.062,-0.076
-0.062,-0.033,-0.073,-0.062,-0.077
-0.062,-0.034,-0.073,-0.062,-0.078
-0.062,-0.034,-0.073,-0.062,-0.078
-0.062,-0.035,-0.073,-0.062,-0.079
-0.062,-0.035,-0.073,-0.062,-0.08
-0.062,-0.035,-0.073,-0.062,-0.08
-0.062,-0.036,-0.072,-0.062,-0.08
-0.063,-0.036,-0.072,-0.063,-0.08
-0.063,-0.037,-0.072,-0.063,-0.081
-0.063,-0.037,-0.071,-0.063,-0.08
-0.063,-0.038,-0.071,-0.063,-0.08
-0.063,-0.038,-0.07,-0.063,-0.08
-0.063,-0.039,-0.07,-0.063,-0.08
-0.063,-0.039,-0.069,-0.063,-0.079
-0.064,-0.039,-0.069,-0.064,-0.079
-0.064,-0.04,-0.068,-0.064,-0.078
-0.064,-0.04,-0.068,-0.064,-0.077
-0.064,-0.04,-0.067,-0.064,-0.077
-0.064,-0.04,-0.067,-0.064,-0.076
-0.063,-0.04,-0.066,-0.063,-0.076
-0.063,-0.04,-0.066,-0.063,-0.075
-0.063,-0.04,-0.065,-0.063,-0.074
-0.063,-0.04,-0.065,-0.063,-0.074
-0.063,-0.04,-0.064,-0.063,-0.074
-0.062,-0.04,-0.064,-0.062,-0.073
-0.062,-0.04,-0.063,-0.062,-0.073
-0.062,-0.04,-0.063,-0.062,-0.073
-0.061,-0.04,-0.063,-0.061,-0.073
-0.061,-0.039,-0.062,-0.061,-0.073
-0.061,-0.039,-0.062,-0.061,-0.073
-0.06,-0.039,-0.062,-0.06,-0.073
-0.06,-0.039,-0.062,-0.06,-0.074
-0.06,-0.039,-0.062,-0.06,-0.074
-0.06,-0.039,-0.061,-0.06,-0.074
-0.059,-0.038,-0.061,-0.059,-0.075
-0.059,-0.038,-0.061,-0.059,-0.076
-0.059,-0.038,-0.061,-0.059,-0.076
-0.059,-0.038,-0.061,-0.059,-0.077
-0.059,-0.038,-0.061,-0.059,-0.077
-0.059,-0.038,-0.06,-0.059,-0.078
-0.059,-0.037,-0.06,-0.059,-0.079
-0.059,-0.037,-0.06,-0.059,-0.079
-0.059,-0.037,-0.06,-0.059,-0.08
-0.059,-0.037,-0.059,-0.059,-0.08
-0.059,-0.036,-0.059,-0.059,-0.08
-0.059,-0.036,-0.059,-0.059,-0.081
-0.059,-0.036,-0.058,-0.059,-0.081
-0.059,-0.035,-0.058,-0.059,-0.081
-0.059,-0.035,-0.057,-0.059,-0.081
-0.058,-0.034,-0.057,-0.058,-0.081
-0.058,-0.034,-0.057,-0.058,-0.081
-0.058,-0.033,-0.056,-0.058,-0.08
-0.058,-0.033,-0.056,-0.058,-0.08
-0.057,-0.032,-0.056,-0.057,-0.079
-0.056,-0.032,-0.055,-0.056,-0.079
-0.056,-0.031,-0.055,-0.056,-0.078
-0.055,-0.03,-0.055,-0.055,-0.077
-0.054,-0.03,-0.055,-0.054,-0.077
-0.053,-0.029,-0.055,-0.053,-0.076
-0.052,-0.029,-0.054,-0.052,-0.075
-0.051,-0.028,-0.054,-0.051,-0.074
-0.05,-0.028,-0.054,-0.05,-0.073
-0.048,-0.028,-0.054,-0.048,-0.072
-0.047,-0.027,-0.054,-0.047,-0.072
-0.046,-0.027,-0.054,-0.046,-0.071
-0.044,-0.027,-0.054,-0.044,-0.07
-0.043,-0.027,-0.054,-0.043,-0.069
-0.041,-0.027,-0.054,-0.041,-0.069
-0.039,-0.027,-0.054,-0.039,-0.068
-0.038,-0.027,-0.054,-0.038,-0.068
-0.037,-0.027,-0.054,-0.037,-0.067
-0.035,-0.028,-0.054,-0.035,-0.067
-0.034,-0.028,-0.054,-0.034,-0.066
-0.033,-0.028,-0.054,-0.033,-0.066
-0.031,-0.029,-0.054,-0.031,-0.066
-0.03,-0.029,-0.054,-0.03,-0.066
-0.03,-0.029,-0.054,-0.03,-0.066
-0.029,-0.03,-0.053,-0.029,-0.066
-0.028,-0.03,-0.053,-0.028,-0.066
-0.028,-0.03,-0.053,-0.028,-0.066
-0.028,-0.031,-0.052,-0.028,-0.066
-0.028,-0.031,-0.052,-0.028,-0.066
-0.028,-0.031,-0.052,-0.028,-0.066
-0.028,-0.031,-0.051,-0.028,-0.066
-0.029,-0.031,-0.051,-0.029,-0.067
-0.029,-0.031,-0.05,-0.029,-0.067
-0.03,-0.031,-0.05,-0.03,-0.067
-0.031,-0.031,-0.049,-0.031,-0.067
-0.032,-0.031,-0.049,-0.032,-0.068
-0.033,-0.031,-0.048,-0.033,-0.068
-0.035,-0.03,-0.048,-0.035,-0.068
-0.036,-0.03,-0.048,-0.036,-0.068
-0.038,-0.03,-0.047,-0.038,-0.068
-0.039,-0.029,-0.047,-0.039,-0.068
-0.041,-0.029,-0.047,-0.041,-0.069
-0.043,-0.029,-0.046,-0.043,-0.069
-0.045,-0.028,-0.046,-0.045,-0.069
-0.046,-0.028,-0.046,-0.046,-0.069
-0.048,-0.028,-0.046,-0.048,-0.068
-0.05,-0.027,-0.046,-0.05,-0.068
-0.051,-0.027,-0.046,-0.051,-0.068
-0.053,-0.027,-0.045,-0.053,-0.068
-0.054,-0.027,-0.045,-0.054,-0.068
-0.055,-0.027,-0.045,-0.055,-0.068
-0.057,-0.027,-0.046,-0.057,-0.067
-0.057,-0.027,-0.046,-0.057,-0.067
-0.058,-0.027,-0.046,-0.058,-0.067
-0.059,-0.027,-0.046,-0.059,-0.067
-0.059,-0.028,-0.046,-0.059,-0.066
-0.06,-0.028,-0.046,-0.06,-0.066
-0.06,-0.029,-0.046,-0.06,-0.066
-0.06,-0.029,-0.046,-0.06,-0.066
-0.06,-0.03,-0.046,-0.06,-0.065
-0.059,-0.03,-0.046,-0.059,-0.065
-0.059,-0.031,-0.046,-0.059,-0.065
-0.058,-0.032,-0.046,-0.058,-0.065
-0.057,-0.033,-0.046,-0.057,-0.065
-0.056,-0.033,-0.046,-0.056,-0.064
-0.055,-0.034,-0.045,-0.055,-0.064
-0.054,-0.035,-0.045,-0.054,-0.064
-0.053,-0.036,-0.045,-0.053,-0.064
-0.052,-0.036,-0.045,-0.052,-0.064
-0.051,-0.037,-0.045,-0.051,-0.063
-0.049,-0.037,-0.044,-0.049,-0.063
-0.048,-0.038,-0.044,-0.048,-0.063
-0.047,-0.038,-0.044,-0.047,-0.062
-0.045,-0.038,-0.043,-0.045,-0.062
-0.044,-0.038,-0.043,-0.044,-0.061
-0.043,-0.038,-0.042,-0.043,-0.061
-0.041,-0.038,-0.042,-0.041,-0.06
-0.04,-0.038,-0.041,-0.04,-0.059
-0.039,-0.038,-0.041,-0.039,-0.058
-0.038,-0.038,-0.041,-0.038,-0.057
-0.037,-0.038,-0.04,-0.037,-0.056
-0.036,-0.038,-0.04,-0.036,-0.055
-0.035,-0.037,-0.039,-0.035,-0.054
-0.034,-0.037,-0.039,-0.034,-0.053
-0.033,-0.037,-0.038,-0.033,-0.052
-0.033,-0.036,-0.038,-0.033,-0.051
-0.032,-0.036,-0.037,-0.032,-0.05
-0.032,-0.036,-0.037,-0.032,-0.049
-0.032,-0.036,-0.036,-0.032,-0.047
-0.031,-0.035,-0.036,-0.031,-0.046
-0.031,-0.035,-0.035,-0.031,-0.045
-0.031,-0.035,-0.035,-0.031,-0.044
-0.032,-0.035,-0.035,-0.032,-0.043
-0.032,-0.035,-0.034,-0.032,-0.042
-0.032,-0.035,-0.034,-0.032,-0.041
-0.032,-0.035,-0.033,-0.032,-0.041
-0.032,-0.035,-0.033,-0.032,-0.04
-0.033,-0.035,-0.033,-0.033,-0.039
-0.033,-0.035,-0.032,-0.033,-0.039
-0.034,-0.035,-0.032,-0.034,-0.039
-0.034,-0.035,-0.032,-0.034,-0.038
-0.034,-0.035,-0.032,-0.034,-0.038
-0.034,-0.035,-0.032,-0.034,-0.038
-0.035,-0.035,-0.032,-0.035,-0.038
-0.035,-0.035,-0.032,-0.035,-0.038
-0.035,-0.035,-0.032,-0.035,-0.038
-0.035,-0.035,-0.032,-0.035,-0.038
-0.035,-0.035,-0.032,-0.035,-0.039
-0.035,-0.034,-0.032,-0.035,-0.039
-0.035,-0.034,-0.032,-0.035,-0.039
-0.034,-0.034,-0.032,-0.034,-0.039
-0.034,-0.034,-0.032,-0.034,-0.04
-0.033,-0.034,-0.032,-0.033,-0.04
-0.033,-0.033,-0.032,-0.033,-0.04
-0.032,-0.033,-0.032,-0.032,-0.04
-0.031,-0.033,-0.032,-0.031,-0.041
-0.031,-0.032,-0.032,-0.031,-0.041
-0.03,-0.032,-0.032,-0.03,-0.041
-0.029,-0.032,-0.031,-0.029,-0.041
-0.028,-0.031,-0.031,-0.028,-0.04
-0.027,-0.031,-0.031,-0.027,-0.04
-0.027,-0.031,-0.031,-0.027,-0.04
-0.026,-0.031,-0.03,-0.026,-0.039
-0.025,-0.03,-0.03,-0.025,-0.039
-0.024,-0.03,-0.029,-0.024,-0.038
-0.023,-0.03,-0.029,-0.023,-0.038
-0.022,-0.029,-0.028,-0.022,-0.037
-0.022,-0.029,-0.028,-0.022,-0.036
-0.021,-0.028,-0.027,-0.021,-0.035
-0.02,-0.028,-0.027,-0.02,-0.034
-0.019,-0.028,-0.026,-0.019,-0.033
-0.019,-0.027,-0.025,-0.019,-0.032
-0.018,-0.027,-0.025,-0.018,-0.031
-0.017,-0.026,-0.024,-0.017,-0.03
-0.016,-0.025,-0.024,-0.016,-0.029
-0.016,-0.025,-0.023,-0.016,-0.028
-0.015,-0.024,-0.023,-0.015,-0.027
-0.014,-0.023,-0.022,-0.014,-0.026
-0.014,-0.023,-0.022,-0.014,-0.025
-0.013,-0.022,-0.021,-0.013,-0.024
-0.012,-0.021,-0.021,-0.012,-0.023
-0.012,-0.02,-0.021,-0.012,-0.023
-0.011,-0.019,-0.02,-0.011,-0.022
-0.01,-0.018,-0.02,-0.01,-0.021
-0.009,-0.017,-0.02,-0.009,-0.02
-0.009,-0.016,-0.02,-0.009,-0.02
-0.008,-0.015,-0.019,-0.008,-0.019
-0.007,-0.014,-0.019,-0.007,-0.019
-0.006,-0.013,-0.019,-0.006,-0.018
-0.005,-0.012,-0.018,-0.005,-0.017
-0.004,-0.011,-0.018,-0.004,-0.017
-0.003,-0.01,-0.017,-0.003,-0.016
-0.002,-0.009,-0.017,-0.002,-0.016
-0.001,-0.008,-0.016,-0.001,-0.015
0,-0.007,-0.015,0,-0.015
0.001,-0.006,-0.015,0.001,-0.014
0.002,-0.005,-0.014,0.002,-0.013
0.003,-0.004,-0.013,0.003,-0.013
0.005,-0.003,-0.012,0.005,-0.012
0.006,-0.002,-0.011,0.006,-0.011
0.007,0,-0.01,0.007,-0.01
0.008,0.001,-0.009,0.008,-0.009
0.009,0.002,-0.008,0.009,-0.009
0.011,0.003,-0.007,0.011,-0.008
0.012,0.004,-0.006,0.012,-0.007
0.013,0.005,-0.005,0.013,-0.006
0.014,0.006,-0.004,0.014,-0.005
0.015,0.007,-0.003,0.015,-0.004
0.016,0.008,-0.001,0.016,-0.003
0.017,0.009,0,0.017,-0.002
0.018,0.01,0.001,0.018,-0.001
0.019,0.011,0.002,0.019,0
0.02,0.011,0.003,0.02,0.001
0.021,0.012,0.004,0.021,0.002
0.021,0.013,0.005,0.021,0.003
0.022,0.014,0.006,0.022,0.004
0.023,0.015,0.007,0.023,0.006
0.023,0.015,0.008,0.023,0.007
0.024,0.016,0.009,0.024,0.008
0.024,0.017,0.01,0.024,0.009
0.024,0.018,0.011,0.024,0.01
0.025,0.018,0.012,0.025,0.011
0.025,0.019,0.013,0.025,0.013
0.026,0.02,0.014,0.026,0.014
0.026,0.021,0.015,0.026,0.015
0.026,0.021,0.016,0.026,0.016
0.026,0.022,0.016,0.026,0.017
0.027,0.023,0.017,0.027,0.018
0.027,0.024,0.018,0.027,0.02
0.027,0.025,0.019,0.027,0.021
0.028,0.025,0.02,0.028,0.022
0.028,0.026,0.021,0.028,0.023
0.028,0.027,0.021,0.028,0.024
0.028,0.028,0.022,0.028,0.025
0.029,0.029,0.023,0.029,0.026
0.029,0.03,0.024,0.029,0.026
0.029,0.031,0.025,0.029,0.027
0.03,0.032,0.026,0.03,0.028
0.03,0.033,0.027,0.03,0.029
0.031,0.034,0.028,0.031,0.03
0.031,0.035,0.029,0.031,0.031
0.032,0.036,0.03,0.032,0.031
0.032,0.037,0.031,0.032,0.032
0.033,0.038,0.033,0.033,0.033
0.033,0.04,0.034,0.033,0.034
0.034,0.041,0.035,0.034,0.035
0.035,0.042,0.036,0.035,0.035
0.035,0.043,0.037,0.035,0.036
0.036,0.045,0.039,0.036,0.037
0.037,0.046,0.04,0.037,0.038
0.038,0.047,0.041,0.038,0.039
0.039,0.049,0.042,0.039,0.04
0.04,0.05,0.044,0.04,0.041
0.041,0.052,0.045,0.041,0.042
0.042,0.053,0.046,0.042,0.043
0.043,0.055,0.047,0.043,0.044
0.044,0.056,0.048,0.044,0.045
0.045,0.058,0.049,0.045,0.046
0.046,0.059,0.05,0.046,0.046
0.047,0.061,0.051,0.047,0.047
0.048,0.063,0.052,0.048,0.048
0.049,0.064,0.053,0.049,0.049
0.05,0.066,0.054,0.05,0.05
0.051,0.067,0.055,0.051,0.05
0.052,0.069,0.056,0.052,0.051
0.053,0.07,0.056,0.053,0.051
0.054,0.072,0.057,0.054,0.052
0.055,0.073,0.058,0.055,0.052
0.056,0.075,0.058,0.056,0.052
0.056,0.076,0.059,0.056,0.052
0.057,0.078,0.06,0.057,0.052
0.058,0.079,0.06,0.058,0.052
0.058,0.08,0.061,0.058,0.052
0.059,0.081,0.061,0.059,0.052
0.059,0.083,0.062,0.059,0.052
0.06,0.084,0.063,0.06,0.052
0.06,0.085,0.064,0.06,0.051
0.061,0.086,0.064,0.061,0.051
0.061,0.087,0.065,0.061,0.051
0.062,0.088,0.066,0.062,0.051
0.062,0.088,0.066,0.062,0.051
0.063,0.089,0.067,0.063,0.051
0.063,0.09,0.068,0.063,0.05
0.064,0.091,0.069,0.064,0.05
0.064,0.091,0.069,0.064,0.05
0.065,0.092,0.07,0.065,0.05
0.065,0.092,0.07,0.065,0.051
0.066,0.093,0.071,0.066,0.051
0.066,0.093,0.072,0.066,0.051
0.067,0.094,0.072,0.067,0.051
0.068,0.094,0.073,0.068,0.051
0.068,0.094,0.073,0.068,0.052
0.068,0.094,0.073,0.068,0.052
0.069,0.095,0.073,0.069,0.052
0.069,0.095,0.074,0.069,0.053
0.07,0.095,0.074,0.07,0.053
0.07,0.095,0.074,0.07,0.053
0.07,0.095,0.074,0.07,0.054
0.07,0.095,0.074,0.07,0.054
0.07,0.095,0.074,0.07,0.054
0.07,0.095,0.074,0.07,0.054
0.07,0.095,0.074,0.07,0.055
0.07,0.095,0.074,0.07,0.055
0.07,0.095,0.074,0.07,0.055
0.07,0.095,0.074,0.07,0.055
0.07,0.095,0.074,0.07,0.055
0.07,0.095,0.074,0.07,0.055
0.07,0.095,0.074,0.07,0.055
0.07,0.095,0.074,0.07,0.054
0.07,0.095,0.074,0.07,0.054
0.07,0.096,0.074,0.07,0.054
0.07,0.096,0.074,0.07,0.053
0.07,0.096,0.074,0.07,0.053
0.07,0.097,0.074,0.07,0.052
0.071,0.097,0.074,0.071,0.051
0.071,0.098,0.074,0.071,0.051
0.071,0.098,0.074,0.071,0.05
0.071,0.098,0.074,0.071,0.049
0.072,0.099,0.074,0.072,0.049
0.072,0.099,0.074,0.072,0.048
0.072,0.099,0.074,0.072,0.047
0.072,0.1,0.075,0.072,0.047
0.073,0.1,0.074,0.073,0.046
0.073,0.1,0.074,0.073,0.046
0.073,0.1,0.074,0.073,0.045
0.073,0.1,0.074,0.073,0.045
0.073,0.1,0.074,0.073,0.044
0.073,0.1,0.074,0.073,0.044
0.073,0.1,0.073,0.073,0.044
0.073,0.099,0.073,0.073,0.044
0.072,0.099,0.072,0.072,0.044
0.072,0.098,0.072,0.072,0.044
0.072,0.098,0.071,0.072,0.044
0.071,0.097,0.07,0.071,0.044
0.07,0.097,0.069,0.07,0.045
0.07,0.096,0.068,0.07,0.045
0.069,0.095,0.067,0.069,0.046
0.068,0.095,0.066,0.068,0.046
0.067,0.094,0.065,0.067,0.046
0.067,0.093,0.064,0.067,0.047
0.066,0.092,0.063,0.066,0.047
0.065,0.092,0.062,0.065,0.048
0.064,0.091,0.061,0.064,0.048
0.063,0.09,0.059,0.063,0.048
0.062,0.089,0.058,0.062,0.049
0.061,0.089,0.057,0.061,0.049
0.06,0.088,0.056,0.06,0.049
0.059,0.088,0.054,0.059,0.05
0.059,0.087,0.053,0.059,0.05
0.058,0.086,0.052,0.058,0.05
0.058,0.086,0.051,0.058,0.05
0.057,0.085,0.05,0.057,0.05
0.057,0.085,0.049,0.057,0.05
0.056,0.084,0.049,0.056,0.05
0.056,0.084,0.048,0.056,0.05
0.056,0.084,0.047,0.056,0.05
0.056,0.083,0.047,0.056,0.05
0.057,0.083,0.046,0.057,0.05
0.057,0.082,0.046,0.057,0.05
0.057,0.082,0.045,0.057,0.049
0.058,0.081,0.045,0.058,0.049
0.058,0.081,0.045,0.058,0.049
0.059,0.08,0.045,0.059,0.049
0.059,0.08,0.045,0.059,0.049
0.06,0.079,0.045,0.06,0.049
0.06,0.078,0.044,0.06,0.048
0.061,0.078,0.044,0.061,0.048
0.061,0.077,0.044,0.061,0.048
0.062,0.076,0.044,0.062,0.047
0.062,0.075,0.044,0.062,0.047
0.062,0.074,0.044,0.062,0.046
0.062,0.073,0.044,0.062,0.046
0.062,0.072,0.044,0.062,0.045
0.062,0.071,0.043,0.062,0.044
0.062,0.069,0.043,0.062,0.044
0.062,0.068,0.043,0.062,0.043
0.061,0.067,0.042,0.061,0.042
0.061,0.066,0.042,0.061,0.04
0.06,0.064,0.041,0.06,0.039
0.059,0.063,0.04,0.059,0.038
0.058,0.061,0.04,0.058,0.036
0.057,0.06,0.039,0.057,0.035
0.056,0.058,0.038,0.056,0.033
0.055,0.057,0.037,0.055,0.032
0.054,0.056,0.036,0.054,0.03
0.052,0.054,0.035,0.052,0.028
0.051,0.053,0.034,0.051,0.027
0.05,0.051,0.032,0.05,0.025
0.049,0.05,0.031,0.049,0.024
0.047,0.049,0.03,0.047,0.022
0.046,0.047,0.028,0.046,0.02
0.045,0.046,0.027,0.045,0.019
0.044,0.045,0.026,0.044,0.018
0.043,0.044,0.024,0.043,0.016
0.042,0.043,0.023,0.042,0.015
0.041,0.042,0.021,0.041,0.014
0.04,0.041,0.02,0.04,0.013
0.04,0.04,0.019,0.04,0.012
0.039,0.039,0.017,0.039,0.012
0.038,0.039,0.016,0.038,0.011
0.038,0.038,0.015,0.038,0.011
0.037,0.038,0.013,0.037,0.011
0.037,0.037,0.012,0.037,0.011
0.036,0.037,0.011,0.036,0.011
0.035,0.037,0.01,0.035,0.011
0.035,0.036,0.009,0.035,0.011
0.034,0.036,0.008,0.034,0.012
0.033,0.036,0.006,0.033,0.012
0.033,0.036,0.005,0.033,0.013
0.032,0.035,0.004,0.032,0.013
0.031,0.035,0.004,0.031,0.014
0.03,0.035,0.003,0.03,0.015
0.029,0.035,0.002,0.029,0.015
0.028,0.034,0.001,0.028,0.016
0.027,0.034,0,0.027,0.017
0.026,0.033,-0.001,0.026,0.017
0.025,0.033,-0.002,0.025,0.018
0.023,0.032,-0.002,0.023,0.018
0.022,0.032,-0.003,0.022,0.018
0.021,0.031,-0.004,0.021,0.019
0.02,0.031,-0.004,0.02,0.019
0.019,0.03,-0.005,0.019,0.019
0.017,0.029,-0.006,0.017,0.019
0.016,0.028,-0.007,0.016,0.019
0.015,0.027,-0.007,0.015,0.018
0.014,0.026,-0.008,0.014,0.018
0.013,0.025,-0.008,0.013,0.017
0.012,0.024,-0.009,0.012,0.017
0.011,0.023,-0.009,0.011,0.016
0.01,0.022,-0.01,0.01,0.015
0.009,0.021,-0.01,0.009,0.014
0.009,0.02,-0.011,0.009,0.013
0.008,0.019,-0.011,0.008,0.012
0.007,0.018,-0.011,0.007,0.011
0.007,0.016,-0.011,0.007,0.01
0.006,0.015,-0.011,0.006,0.009
0.006,0.014,-0.011,0.006,0.008
0.006,0.013,-0.011,0.006,0.007
0.006,0.012,-0.011,0.006,0.006
0.005,0.011,-0.011,0.005,0.005
0.005,0.011,-0.011,0.005,0.004
0.005,0.01,-0.011,0.005,0.003
0.005,0.009,-0.01,0.005,0.003
0.005,0.008,-0.01,0.005,0.002
0.005,0.007,-0.01,0.005,0.001
0.005,0.006,-0.009,0.005,0.001
0.005,0.006,-0.009,0.005,0
0.005,0.005,-0.009,0.005,0
0.005,0.004,-0.008,0.005,0
0.005,0.004,-0.008,0.005,0
0.005,0.003,-0.008,0.005,-0.001
0.005,0.002,-0.008,0.005,-0.001
0.005,0.001,-0.007,0.005,-0.001
0.005,0.001,-0.007,0.005,0
0.004,0,-0.007,0.004,0
0.004,-0.001,-0.007,0.004,0
0.004,-0.002,-0.007,0.004,0
0.003,-0.003,-0.007,0.003,0
0.003,-0.003,-0.006,0.003,0.001
0.002,-0.004,-0.006,0.002,0.001
0.001,-0.005,-0.006,0.001,0.001
0,-0.006,-0.006,0,0.001
-0.001,-0.007,-0.006,-0.001,0.001
-0.001,-0.007,-0.006,-0.001,0.001
-0.003,-0.008,-0.007,-0.003,0.001
-0.004,-0.009,-0.007,-0.004,0.001
-0.005,-0.009,-0.007,-0.005,0.001
-0.006,-0.01,-0.007,-0.006,0.001
-0.007,-0.01,-0.007,-0.007,0.001
-0.008,-0.01,-0.007,-0.008,0
-0.01,-0.011,-0.007,-0.01,0
-0.011,-0.011,-0.007,-0.011,-0.001
-0.012,-0.011,-0.008,-0.012,-0.001
-0.013,-0.011,-0.008,-0.013,-0.002
-0.014,-0.011,-0.008,-0.014,-0.003
-0.015,-0.01,-0.008,-0.015,-0.004
-0.016,-0.01,-0.009,-0.016,-0.004
-0.017,-0.01,-0.009,-0.017,-0.005
-0.018,-0.009,-0.009,-0.018,-0.006
-0.019,-0.009,-0.01,-0.019,-0.007
-0.019,-0.008,-0.01,-0.019,-0.008
-0.02,-0.008,-0.01,-0.02,-0.009
-0.02,-0.007,-0.011,-0.02,-0.01
-0.021,-0.007,-0.011,-0.021,-0.011
-0.021,-0.006,-0.011,-0.021,-0.011
-0.022,-0.006,-0.011,-0.022,-0.012
-0.022,-0.005,-0.012,-0.022,-0.013
-0.022,-0.005,-0.012,-0.022,-0.013
-0.022,-0.004,-0.012,-0.022,-0.014
-0.022,-0.004,-0.012,-0.022,-0.014
-0.022,-0.004,-0.012,-0.022,-0.014
-0.022,-0.003,-0.012,-0.022,-0.014
-0.022,-0.003,-0.013,-0.022,-0.014
-0.021,-0.003,-0.013,-0.021,-0.014
-0.021,-0.003,-0.013,-0.021,-0.014
-0.021,-0.003,-0.013,-0.021,-0.013
-0.021,-0.003,-0.013,-0.021,-0.013
-0.021,-0.004,-0.013,-0.021,-0.013
-0.021,-0.004,-0.013,-0.021,-0.012
-0.02,-0.004,-0.013,-0.02,-0.012
-0.02,-0.005,-0.014,-0.02,-0.011
-0.02,-0.005,-0.014,-0.02,-0.01
-0.021,-0.006,-0.014,-0.021,-0.01
-0.021,-0.006,-0.015,-0.021,-0.009
-0.021,-0.007,-0.015,-0.021,-0.009
-0.021,-0.007,-0.016,-0.021,-0.009
-0.022,-0.008,-0.016,-0.022,-0.008
-0.022,-0.009,-0.017,-0.022,-0.008
-0.023,-0.009,-0.017,-0.023,-0.008
-0.023,-0.01,-0.018,-0.023,-0.008
-0.024,-0.01,-0.019,-0.024,-0.009
-0.025,-0.011,-0.019,-0.025,-0.009
-0.025,-0.011,-0.02,-0.025,-0.009
-0.026,-0.012,-0.021,-0.026,-0.01
-0.027,-0.012,-0.022,-0.027,-0.011
-0.028,-0.013,-0.022,-0.028,-0.012
-0.028,-0.013,-0.023,-0.028,-0.013
-0.029,-0.013,-0.024,-0.029,-0.014
-0.03,-0.014,-0.024,-0.03,-0.015
-0.03,-0.014,-0.025,-0.03,-0.016
-0.031,-0.014,-0.025,-0.031,-0.017
-0.031,-0.014,-0.025,-0.031,-0.019
-0.032,-0.014,-0.025,-0.032,-0.02
-0.032,-0.014,-0.025,-0.032,-0.021
-0.032,-0.014,-0.025,-0.032,-0.022
-0.033,-0.014,-0.025,-0.033,-0.023
-0.033,-0.013,-0.025,-0.033,-0.024
-0.033,-0.013,-0.025,-0.033,-0.025
-0.033,-0.013,-0.024,-0.033,-0.026
-0.033,-0.012,-0.024,-0.033,-0.026
-0.033,-0.012,-0.023,-0.033,-0.027
-0.033,-0.012,-0.022,-0.033,-0.027
-0.033,-0.011,-0.022,-0.033,-0.027
-0.033,-0.011,-0.021,-0.033,-0.027
-0.033,-0.011,-0.02,-0.033,-0.027
-0.033,-0.011,-0.019,-0.033,-0.026
-0.033,-0.01,-0.019,-0.033,-0.026
-0.034,-0.01,-0.018,-0.034,-0.025
-0.034,-0.01,-0.017,-0.034,-0.024
-0.034,-0.01,-0.016,-0.034,-0.023
-0.034,-0.01,-0.016,-0.034,-0.022
-0.035,-0.01,-0.015,-0.035,-0.021
-0.035,-0.01,-0.014,-0.035,-0.02
-0.035,-0.011,-0.014,-0.035,-0.019
-0.035,-0.011,-0.013,-0.035,-0.018
-0.036,-0.011,-0.013,-0.036,-0.017
-0.036,-0.012,-0.012,-0.036,-0.016
-0.036,-0.012,-0.012,-0.036,-0.015
-0.037,-0.013,-0.012,-0.037,-0.015
-0.037,-0.013,-0.011,-0.037,-0.014
-0.037,-0.014,-0.011,-0.037,-0.013
-0.037,-0.015,-0.011,-0.037,-0.013
-0.037,-0.015,-0.011,-0.037,-0.013
-0.037,-0.016,-0.011,-0.037,-0.013
-0.037,-0.017,-0.011,-0.037,0
-0.037,-0.017,-0.011,-0.037,0
-0.036,-0.018,0,-0.036,0
-0.036,-0.018,0,-0.036,0
0,-0.019,0,0,0
0,-0.019,0,0,0
0,-0.02,0,0,0
0,-0.02,0,0,0
0,-0.02,0,0,0
0,0,0,0,0
0,0,0,0,0
0,0,0,0,0
0,0,0,0,0
0,0,0,0,0
0,0,0,0,0
0,0,0,0,0
0,0,0,0,0
0,0,0,0,0
0,0,0,0,0
0,0,0,0,0
0,0,0,0,0
0,0,0,0,0
0,0,0,0,0
0,0,0,0,0
0,0,0,0,0
0,0,0,0,0
0,0,0,0,0
0,0,0,0,0
0,0,0,0,0
0,0,0,0,0
0,0,0,0,0
0,0,0,0,0
0,0,0,0,0
0,0,0,0,0
0,0,0,0,0
0,0,0,0,0
0,0,0,0,0
0,0,0,0,0
0,0,0,0,0
0,0,0,0,0
0,0,0,0,0
0,0,0,0,0
0,0,0,0,0
0,0,0,0,0
0,0,0,0,0
0,0,0,0,0
0,0,0,0,0
0,0,0,0,0
0,0,0,0,0
0,0,0,0,0
0,0,0,0,0
0,0,0,0,0
0,0,0,0,0
0,0,0,0,0
0,0,0,0,0
0,0,0,0,0
0,0,0,0,0
0,0,0,0,0
0,0,0,0,0
0,0,0,0,0
0,0,0,0,0
0,0,0,0,0
0,0,0,0,0
0,0,0,0,0
0,0,0,0,0
0,0,0,0,0
0,0,0,0,0
0,0,0,0,0
0,0,0,0,0
0,0,0,0,0
0,0,0,0,0
0,0,0,0,0
0,0,0,0,0
0,0,0,0,0
0,0,0,0,0
0,0,0,0,0
0,0,0,0,0
0,0,0,0,0
0,0,0,0,0
0,0,0,0,0
0,0,0,0,0
0,0,0,0,0
0,0,0,0,0
0,0,0,0,0
0,0,0,0,0
0,0,0,0,0
0,0,0,0,0
0,0,0,0,0
0,0,0,0,0
0,0,0,0,0
0,0,0,0,0
0,0,0,0,0
0,0,0,0,0
0,0,0,0,0
0,0,0,0,0
0,0,0,0,0
0,0,0,0,0
0,0,0,0,0
0,0,0,0,0
0,0,0,0,0
0,0,0,0,0
0,0,0,0,0
0,0,0,0,0
0,0,0,0,0
0,0,0,0,0
0,0,0,0,0
0,0,0,0,0
0,0,0,0,0
0,0,0,0,0
0,0,0,0,0
0,0,0,0,0
0,0,0,0,0
0,0,0,0,0
0,0,0,0,0
0,0,0,0,0
0,0,0,0,0
0,0,0,0,0
0,0,0,0,0
0,0,0,0,0
0,0,0,0,0
0,0,0,0,0
0,0,0,0,0
0,0,0,0,0
0,0,0,0,0
0,0,0,0,0
0,0,0,0,0
0,0,0,0,0
0,0,0,0,0
0,0,0,0,0
0,0,0,0,0
0,0,0,0,0
0,0,0,0,0
0,0,0,0,0
0,0,0,0,0
0,0,0,0,0
0,0,0,0,0
0,0,0,0,0
0,0,0,0,0
0,0,0,0,0
0,0,0,0,0
0,0,0,0,0
0,0,0,0,0
0,0,0,0,0
0,0,0,0,0
0,0,0,0,0
0,0,0,0,0
0,0,0,0,0
0,0,0,0,0
0,0,0,0,0
0,0,0,0,0
0,0,0,0,0
0,0,0,0,0
0,0,0,0,0
0,0,0,0,0
0,0,0,0,0
0,0,0,0,0
0,0,0,0,0
0,0,0,0,0
0,0,0,0,0
0,0,0,0,0
0,0,0,0,0
0,0,0,0,0
0,0,0,0,0
0,0,0,0,0
0,0,0,0,0
0,0,0,0,0
0,0,0,0,0
0,0,0,0,0
0,0,0,0,0
0,0,0,0,0
0,0,0,0,0
0,0,0,0,0
0,0,0,0,0
0,0,0,0,0
0,0,0,0,0
0,0,0,0,0
0,0,0,0,0
0,0,0,0,0
0,0,0,0,0
0,0,0,0,0
0,0,0,0,0
0,0,0,0,0
0,0,0,0,0
0,0,0,0,0
0,0,0,0,0
0,0,0,0,0
0,0,0,0,0
0,0,0,0,0
0,0,0,0,0
0,0,0,0,0
0,0,0,0,0
0,0,0,0,0
0,0,0,0,0
0,0,0,0,0
0,0,0,0,0
0,0,0,0,0
0,0,0,0,0
0,0,0,0,0
0,0,0,0,0
0,0,0,0,0
0,0,0,0,0
0,0,0,0,0
0,0,0,0,0
0,0,0,0,0
0,0,0,0,0
0,0,0,0,0
0,0,0,0,0
0,0,0,0,0
0,0,0,0,0
0,0,0,0,0
0,0,0,0,0
0,0,0,0,0
0,0,0,0,0
0,0,0,0,0
0,0,0,0,0
0,0,0,0,0
0,0,0,0,0
0,0,0,0,0
0,0,0,0,0
0,0,0,0,0
0,0,0,0,0
0,0,0,0,0
0,0,0,0,0
0,0,0,0,0
0,0,0,0,0
0,0,0,0,0
0,0,0,0,0
0,0,0,0,0
0,0,0,0,0
0,0,0,0,0
0,0,0,0,0
0,0,0,0,0
0,0,0,0,0
0,0,0,0,0
0,0,0,0,0
0,0,0,0,0
0,0,0,0,0
0,0,0,0,0
0,0,0,0,0
0,0,0,0,0
0,0,0,0,0
0,0,0,0,0
0,0,0,0,0
0,0,0,0,0
0,0,0,0,0
0,0,0,0,0
0,0,0,0,0
0,0,0,0,0
0,0,0,0,0
0,0,0,0,0
0,0,0,0,0
0,0,0,0,0
0,0,0,0,0
0,0,0,0,0
0,0,0,0,0
0,0,0,0,0
0,0,0,0,0
0,0,0,0,0
0,0,0,0,0
