-0.031,0.009,-0.011,0,-0.031
-0.031,0.009,-0.01,-0.006,-0.031
-0.032,0.009,-0.01,-0.006,-0.032
-0.033,0.01,-0.01,-0.005,-0.033
-0.034,0.01,-0.01,-0.005,-0.034
-0.035,0.01,-0.01,-0.004,-0.035
-0.036,0.01,-0.01,-0.004,-0.036
-0.037,0.01,-0.01,-0.004,-0.037
-0.038,0.011,-0.01,-0.003,-0.038
-0.039,0.011,-0.011,-0.003,-0.039
-0.04,0.011,-0.011,-0.003,-0.04
-0.041,0.011,-0.011,-0.003,-0.041
-0.042,0.01,-0.011,-0.003,-0.042
-0.043,0.01,-0.011,-0.003,-0.043
-0.043,0.01,-0.011,-0.003,-0.043
-0.044,0.01,-0.012,-0.004,-0.044
-0.045,0.009,-0.012,-0.004,-0.045
-0.045,0.009,-0.012,-0.004,-0.045
-0.046,0.009,-0.012,-0.004,-0.046
-0.046,0.008,-0.012,-0.005,-0.046
-0.046,0.008,-0.012,-0.005,-0.046
-0.047,0.007,-0.012,-0.005,-0.047
-0.047,0.006,-0.012,-0.006,-0.047
-0.047,0.006,-0.012,-0.006,-0.047
-0.047,0.005,-0.012,-0.007,-0.047
-0.046,0.005,-0.012,-0.007,-0.046
-0.046,0.004,-0.012,-0.008,-0.046
-0.046,0.003,-0.012,-0.008,-0.046
-0.046,0.003,-0.012,-0.009,-0.046
-0.045,0.002,-0.011,-0.009,-0.045
-0.045,0.002,-0.011,-0.01,-0.045
-0.045,0.001,-0.011,-0.01,-0.045
-0.044,0.001,-0.011,-0.011,-0.044
-0.044,0,-0.01,-0.011,-0.044
-0.044,0,-0.01,-0.012,-0.044
-0.043,0,-0.01,-0.012,-0.043
-0.043,0,-0.01,-0.013,-0.043
-0.043,0,-0.01,-0.013,-0.043
-0.043,0,-0.01,-0.014,-0.043
-0.043,0,-0.01,-0.014,-0.043
-0.043,0,-0.01,-0.014,-0.043
-0.043,0,-0.01,-0.015,-0.043
-0.043,0.001,-0.01,-0.015,-0.043
-0.043,0.001,-0.01,-0.015,-0.043
-0.043,0.001,-0.01,-0.015,-0.043
-0.043,0.002,-0.01,-0.015,-0.043
-0.044,0.002,-0.01,-0.015,-0.044
-0.044,0.003,-0.01,-0.015,-0.044
-0.044,0.004,-0.01,-0.015,-0.044
-0.044,0.004,-0.01,-0.015,-0.044
-0.044,0.005,-0.01,-0.015,-0.044
-0.045,0.006,-0.01,-0.014,-0.045
-0.045,0.006,-0.01,-0.014,-0.045
-0.045,0.007,-0.01,-0.014,-0.045
-0.045,0.007,-0.01,-0.013,-0.045
-0.045,0.008,-0.01,-0.013,-0.045
-0.045,0.008,-0.01,-0.012,-0.045
-0.044,0.009,-0.01,-0.012,-0.044
-0.044,0.009,-0.01,-0.011,-0.044
-0.044,0.009,-0.01,-0.011,-0.044
-0.043,0.01,-0.01,-0.01,-0.043
-0.043,0.01,-0.01,-0.01,-0.043
-0.042,0.01,-0.01,-0.009,-0.042
-0.041,0.01,-0.01,-0.009,-0.041
-0.041,0.01,-0.009,-0.008,-0.041
-0.04,0.01,-0.009,-0.007,-0.04
-0.039,0.01,-0.009,-0.007,-0.039
-0.038,0.01,-0.009,-0.006,-0.038
-0.037,0.009,-0.009,-0.006,-0.037
-0.036,0.009,-0.008,-0.006,-0.036
-0.035,0.009,-0.008,-0.005,-0.035
-0.035,0.009,-0.008,-0.005,-0.035
-0.034,0.008,-0.008,-0.004,-0.034
-0.033,0.008,-0.007,-0.004,-0.033
-0.032,0.008,-0.007,-0.004,-0.032
-0.032,0.007,-0.007,-0.003,-0.032
-0.031,0.007,-0.007,-0.003,-0.031
-0.031,0.007,-0.007,-0.003,-0.031
-0.031,0.006,-0.007,-0.002,-0.031
-0.031,0.006,-0.007,-0.002,-0.031
-0.031,0.006,-0.007,-0.002,-0.031
-0.031,0.006,-0.007,-0.001,-0.031
-0.031,0.006,-0.007,-0.001,-0.031
-0.031,0.006,-0.007,-0.001,-0.031
-0.032,0.006,-0.007,0,-0.032
-0.032,0.006,-0.007,0,-0.032
-0.032,0.006,-0.008,0.001,-0.032
-0.033,0.006,-0.008,0.001,-0.033
-0.034,0.006,-0.009,0.002,-0.034
-0.034,0.006,-0.009,0.002,-0.034
-0.035,0.006,-0.01,0.003,-0.035
-0.035,0.006,-0.01,0.003,-0.035
-0.036,0.007,-0.011,0.004,-0.036
-0.036,0.007,-0.011,0.004,-0.036
-0.037,0.007,-0.012,0.005,-0.037
-0.037,0.007,-0.013,0.005,-0.037
-0.038,0.008,-0.013,0.006,-0.038
-0.038,0.008,-0.014,0.006,-0.038
-0.038,0.008,-0.014,0.007,-0.038
-0.039,0.008,-0.015,0.007,-0.039
-0.039,0.009,-0.015,0.008,-0.039
-0.039,0.009,-0.015,0.008,-0.039
-0.038,0.009,-0.016,0.008,-0.038
-0.038,0.009,-0.016,0.008,-0.038
-0.038,0.009,-0.016,0.009,-0.038
-0.037,0.01,-0.016,0.009,-0.037
-0.037,0.01,-0.015,0.009,-0.037
-0.036,0.01,-0.015,0.008,-0.036
-0.035,0.01,-0.015,0.008,-0.035
-0.034,0.011,-0.014,0.008,-0.034
-0.034,0.011,-0.014,0.007,-0.034
-0.033,0.011,-0.013,0.007,-0.033
-0.032,0.012,-0.012,0.006,-0.032
-0.031,0.012,-0.011,0.005,-0.031
-0.03,0.013,-0.01,0.004,-0.03
-0.029,0.013,-0.009,0.003,-0.029
-0.028,0.014,-0.009,0.002,-0.028
-0.027,0.014,-0.008,0,-0.027
-0.026,0.015,-0.007,-0.001,-0.026
-0.025,0.015,-0.006,-0.003,-0.025
-0.024,0.016,-0.005,-0.004,-0.024
-0.023,0.016,-0.004,-0.005,-0.023
-0.023,0.016,-0.003,-0.007,-0.023
-0.022,0.017,-0.003,-0.008,-0.022
-0.021,0.017,-0.002,-0.01,-0.021
-0.021,0.017,-0.002,-0.011,-0.021
-0.021,0.017,-0.001,-0.013,-0.021
-0.02,0.018,-0.001,-0.014,-0.02
-0.02,0.018,-0.001,-0.015,-0.02
-0.02,0.018,-0.001,-0.016,-0.02
-0.02,0.018,-0.001,-0.017,-0.02
-0.02,0.017,-0.002,-0.018,-0.02
-0.02,0.017,-0.002,-0.019,-0.02
-0.021,0.017,-0.003,-0.019,-0.021
-0.021,0.017,-0.003,-0.02,-0.021
-0.021,0.016,-0.004,-0.02,-0.021
-0.022,0.016,-0.005,-0.02,-0.022
-0.022,0.015,-0.006,-0.02,-0.022
-0.023,0.015,-0.007,-0.02,-0.023
-0.023,0.015,-0.007,-0.02,-0.023
-0.023,0.014,-0.008,-0.02,-0.023
-0.024,0.014,-0.009,-0.019,-0.024
-0.024,0.013,-0.01,-0.019,-0.024
-0.024,0.013,-0.011,-0.018,-0.024
-0.024,0.012,-0.012,-0.017,-0.024
-0.024,0.012,-0.013,-0.017,-0.024
-0.024,0.012,-0.013,-0.016,-0.024
-0.024,0.011,-0.014,-0.016,-0.024
-0.024,0.011,-0.015,-0.015,-0.024
-0.023,0.01,-0.015,-0.014,-0.023
-0.023,0.01,-0.016,-0.014,-0.023
-0.022,0.01,-0.016,-0.013,-0.022
-0.021,0.009,-0.016,-0.013,-0.021
-0.02,0.009,-0.017,-0.013,-0.02
-0.019,0.009,-0.017,-0.012,-0.019
-0.018,0.009,-0.017,-0.012,-0.018
-0.016,0.008,-0.017,-0.012,-0.016
-0.015,0.008,-0.017,-0.012,-0.015
-0.014,0.008,-0.017,-0.012,-0.014
-0.012,0.008,-0.017,-0.012,-0.012
-0.011,0.008,-0.016,-0.012,-0.011
-0.009,0.008,-0.016,-0.012,-0.009
-0.008,0.008,-0.016,-0.012,-0.008
-0.007,0.008,-0.016,-0.012,-0.007
-0.006,0.009,-0.016,-0.012,-0.006
-0.004,0.009,-0.016,-0.012,-0.004
-0.003,0.009,-0.016,-0.012,-0.003
-0.003,0.01,-0.016,-0.013,-0.003
-0.002,0.011,-0.016,-0.013,-0.002
-0.001,0.011,-0.016,-0.013,-0.001
-0.001,0.012,-0.016,-0.014,-0.001
0,0.013,-0.017,-0.014,0
0,0.014,-0.017,-0.014,0
0.001,0.015,-0.018,-0.015,0.001
0.001,0.016,-0.018,-0.015,0.001
0.001,0.017,-0.019,-0.016,0.001
0.001,0.018,-0.02,-0.016,0.001
0.001,0.019,-0.021,-0.017,0.001
0.001,0.02,-0.022,-0.017,0.001
0.001,0.021,-0.023,-0.018,0.001
0.001,0.022,-0.023,-0.019,0.001
0.001,0.023,-0.024,-0.019,0.001
0.001,0.023,-0.025,-0.02,0.001
0.001,0.024,-0.026,-0.021,0.001
0.002,0.024,-0.027,-0.022,0.002
0.002,0.025,-0.028,-0.022,0.002
0.002,0.025,-0.028,-0.023,0.002
0.003,0.025,-0.029,-0.024,0.003
0.003,0.025,-0.029,-0.025,0.003
0.004,0.025,-0.03,-0.026,0.004
0.004,0.024,-0.03,-0.027,0.004
0.005,0.024,-0.03,-0.027,0.005
0.006,0.023,-0.03,-0.028,0.006
0.006,0.022,-0.03,-0.029,0.006
0.007,0.022,-0.03,-0.03,0.007
0.008,0.021,-0.03,-0.03,0.008
0.008,0.02,-0.029,-0.031,0.008
0.009,0.019,-0.029,-0.031,0.009
0.009,0.018,-0.028,-0.032,0.009
0.01,0.017,-0.028,-0.032,0.01
0.01,0.016,-0.027,-0.032,0.01
0.01,0.015,-0.027,-0.033,0.01
0.01,0.014,-0.026,-0.033,0.01
0.01,0.013,-0.026,-0.033,0.01
0.01,0.012,-0.025,-0.033,0.01
0.01,0.012,-0.025,-0.033,0.01
0.009,0.011,-0.024,-0.033,0.009
0.008,0.011,-0.024,-0.033,0.008
0.008,0.011,-0.023,-0.032,0.008
0.007,0.011,-0.023,-0.032,0.007
0.006,0.011,-0.023,-0.032,0.006
0.005,0.011,-0.022,-0.031,0.005
0.004,0.012,-0.022,-0.031,0.004
0.002,0.012,-0.022,-0.031,0.002
0.001,0.013,-0.022,-0.03,0.001
0,0.014,-0.022,-0.03,0
-0.001,0.015,-0.021,-0.03,-0.001
-0.002,0.015,-0.021,-0.029,-0.002
-0.003,0.016,-0.021,-0.029,-0.003
-0.004,0.017,-0.021,-0.029,-0.004
-0.005,0.018,-0.021,-0.029,-0.005
-0.006,0.019,-0.021,-0.029,-0.006
-0.006,0.019,-0.021,-0.029,-0.006
-0.006,0.02,-0.021,-0.029,-0.006
-0.007,0.021,-0.02,-0.029,-0.007
-0.007,0.021,-0.02,-0.03,-0.007
-0.007,0.022,-0.02,-0.03,-0.007
-0.006,0.022,-0.02,-0.031,-0.006
-0.006,0.022,-0.019,-0.031,-0.006
-0.005,0.022,-0.019,-0.032,-0.005
-0.005,0.022,-0.018,-0.032,-0.005
-0.004,0.022,-0.018,-0.033,-0.004
-0.003,0.021,-0.017,-0.034,-0.003
-0.002,0.021,-0.017,-0.035,-0.002
-0.001,0.02,-0.016,-0.036,-0.001
0,0.02,-0.016,-0.037,0
0.001,0.019,-0.015,-0.038,0.001
0.003,0.018,-0.015,-0.039,0.003
0.004,0.018,-0.014,-0.039,0.004
0.005,0.017,-0.014,-0.04,0.005
0.006,0.016,-0.014,-0.041,0.006
0.007,0.015,-0.013,-0.042,0.007
0.008,0.014,-0.013,-0.043,0.008
0.009,0.014,-0.013,-0.044,0.009
0.01,0.013,-0.013,-0.044,0.01
0.01,0.012,-0.013,-0.045,0.01
0.011,0.011,-0.013,-0.045,0.011
0.012,0.011,-0.013,-0.046,0.012
0.012,0.01,-0.013,-0.046,0.012
0.013,0.01,-0.013,-0.047,0.013
0.013,0.009,-0.014,-0.047,0.013
0.013,0.009,-0.014,-0.047,0.013
0.014,0.008,-0.014,-0.047,0.014
0.014,0.008,-0.015,-0.047,0.014
0.014,0.007,-0.015,-0.047,0.014
0.015,0.007,-0.016,-0.046,0.015
0.015,0.007,-0.016,-0.046,0.015
0.015,0.006,-0.016,-0.045,0.015
0.016,0.006,-0.017,-0.045,0.016
0.016,0.006,-0.017,-0.044,0.016
0.016,0.005,-0.018,-0.043,0.016
0.017,0.005,-0.018,-0.042,0.017
0.017,0.005,-0.019,-0.042,0.017
0.018,0.004,-0.019,-0.041,0.018
0.018,0.004,-0.019,-0.04,0.018
0.018,0.004,-0.02,-0.039,0.018
0.019,0.003,-0.02,-0.038,0.019
0.019,0.003,-0.02,-0.037,0.019
0.019,0.003,-0.021,-0.036,0.019
0.019,0.002,-0.021,-0.035,0.019
0.019,0.002,-0.021,-0.035,0.019
0.019,0.002,-0.022,-0.034,0.019
0.019,0.001,-0.022,-0.033,0.019
0.019,0.001,-0.022,-0.033,0.019
0.019,0,-0.023,-0.032,0.019
0.019,0,-0.023,-0.032,0.019
0.019,-0.001,-0.023,-0.032,0.019
0.018,-0.001,-0.024,-0.032,0.018
0.018,-0.001,-0.024,-0.031,0.018
0.017,-0.002,-0.024,-0.031,0.017
0.017,-0.002,-0.025,-0.032,0.017
0.016,-0.003,-0.025,-0.032,0.016
0.016,-0.003,-0.025,-0.032,0.016
0.015,-0.003,-0.025,-0.032,0.015
0.014,-0.004,-0.025,-0.033,0.014
0.013,-0.004,-0.026,-0.033,0.013
0.013,-0.004,-0.026,-0.034,0.013
0.012,-0.005,-0.026,-0.034,0.012
0.011,-0.005,-0.026,-0.034,0.011
0.01,-0.005,-0.025,-0.035,0.01
0.009,-0.006,-0.025,-0.035,0.009
0.008,-0.006,-0.025,-0.036,0.008
0.007,-0.006,-0.024,-0.036,0.007
0.006,-0.006,-0.024,-0.037,0.006
0.005,-0.006,-0.023,-0.037,0.005
0.004,-0.006,-0.023,-0.038,0.004
0.003,-0.006,-0.022,-0.038,0.003
0.002,-0.006,-0.021,-0.038,0.002
0.001,-0.006,-0.02,-0.038,0.001
0,-0.005,-0.019,-0.038,0
-0.001,-0.005,-0.018,-0.039,-0.001
-0.001,-0.004,-0.018,-0.039,-0.001
-0.002,-0.004,-0.017,-0.039,-0.002
-0.003,-0.003,-0.016,-0.039,-0.003
-0.003,-0.003,-0.015,-0.039,-0.003
-0.004,-0.002,-0.014,-0.038,-0.004
-0.005,-0.002,-0.013,-0.038,-0.005
-0.005,-0.001,-0.012,-0.038,-0.005
-0.005,0,-0.011,-0.038,-0.005
-0.006,0,-0.01,-0.037,-0.006
-0.006,0.001,-0.009,-0.037,-0.006
-0.006,0.001,-0.009,-0.036,-0.006
-0.006,0.002,-0.008,-0.036,-0.006
-0.006,0.002,-0.007,-0.035,-0.006
-0.006,0.002,-0.007,-0.035,-0.006
-0.006,0.003,-0.006,-0.034,-0.006
-0.006,0.003,-0.005,-0.033,-0.006
-0.006,0.003,-0.005,-0.032,-0.006
-0.006,0.003,-0.004,-0.032,-0.006
-0.006,0.003,-0.004,-0.031,-0.006
-0.006,0.003,-0.003,-0.03,-0.006
-0.005,0.003,-0.003,-0.029,-0.005
-0.005,0.003,-0.002,-0.029,-0.005
-0.005,0.003,-0.002,-0.028,-0.005
-0.005,0.003,-0.002,-0.027,-0.005
-0.005,0.002,-0.001,-0.026,-0.005
-0.005,0.002,-0.001,-0.026,-0.005
-0.005,0.002,-0.001,-0.025,-0.005
-0.006,0.001,-0.001,-0.025,-0.006
-0.006,0.001,-0.001,-0.024,-0.006
-0.006,0,-0.001,-0.024,-0.006
-0.007,0,-0.001,-0.023,-0.007
-0.007,-0.001,-0.002,-0.023,-0.007
-0.007,-0.002,-0.002,-0.023,-0.007
-0.008,-0.002,-0.003,-0.022,-0.008
-0.009,-0.003,-0.003,-0.022,-0.009
-0.009,-0.003,-0.004,-0.022,-0.009
-0.01,-0.004,-0.005,-0.022,-0.01
-0.01,-0.004,-0.006,-0.022,-0.01
-0.011,-0.005,-0.006,-0.023,-0.011
-0.011,-0.005,-0.008,-0.023,-0.011
-0.012,-0.005,-0.009,-0.023,-0.012
-0.012,-0.006,-0.01,-0.023,-0.012
-0.012,-0.006,-0.011,-0.024,-0.012
-0.012,-0.007,-0.012,-0.024,-0.012
-0.013,-0.007,-0.014,-0.025,-0.013
-0.013,-0.008,-0.015,-0.025,-0.013
-0.013,-0.008,-0.016,-0.026,-0.013
-0.013,-0.008,-0.018,-0.026,-0.013
-0.013,-0.009,-0.019,-0.027,-0.013
-0.012,-0.009,-0.02,-0.027,-0.012
-0.012,-0.01,-0.022,-0.028,-0.012
-0.012,-0.01,-0.023,-0.029,-0.012
-0.012,-0.011,-0.024,-0.029,-0.012
-0.011,-0.011,-0.025,-0.03,-0.011
-0.011,-0.012,-0.026,-0.031,-0.011
-0.011,-0.012,-0.027,-0.031,-0.011
-0.01,-0.012,-0.028,-0.032,-0.01
-0.01,-0.013,-0.029,-0.033,-0.01
-0.01,-0.013,-0.03,-0.033,-0.01
-0.009,-0.014,-0.031,-0.034,-0.009
-0.009,-0.014,-0.031,-0.035,-0.009
-0.009,-0.014,-0.032,-0.035,-0.009
-0.009,-0.015,-0.033,-0.036,-0.009
-0.009,-0.015,-0.033,-0.037,-0.009
-0.009,-0.015,-0.034,-0.037,-0.009
-0.009,-0.015,-0.034,-0.038,-0.009
-0.009,-0.015,-0.035,-0.038,-0.009
-0.009,-0.015,-0.035,-0.039,-0.009
-0.009,-0.015,-0.036,-0.039,-0.009
-0.01,-0.015,-0.036,-0.04,-0.01
-0.01,-0.015,-0.037,-0.04,-0.01
-0.011,-0.015,-0.037,-0.04,-0.011
-0.011,-0.015,-0.038,-0.041,-0.011
-0.011,-0.015,-0.038,-0.041,-0.011
-0.012,-0.015,-0.039,-0.041,-0.012
-0.013,-0.015,-0.039,-0.041,-0.013
-0.013,-0.015,-0.04,-0.041,-0.013
-0.014,-0.015,-0.04,-0.041,-0.014
-0.015,-0.015,-0.041,-0.04,-0.015
-0.015,-0.015,-0.041,-0.04,-0.015
-0.016,-0.015,-0.041,-0.04,-0.016
-0.017,-0.015,-0.042,-0.04,-0.017
-0.018,-0.015,-0.042,-0.039,-0.018
-0.019,-0.015,-0.043,-0.039,-0.019
-0.019,-0.016,-0.043,-0.039,-0.019
-0.02,-0.016,-0.043,-0.038,-0.02
-0.021,-0.016,-0.043,-0.038,-0.021
-0.022,-0.016,-0.044,-0.038,-0.022
-0.022,-0.017,-0.044,-0.037,-0.022
-0.023,-0.017,-0.044,-0.037,-0.023
-0.024,-0.017,-0.044,-0.037,-0.024
-0.024,-0.018,-0.043,-0.037,-0.024
-0.025,-0.018,-0.043,-0.037,-0.025
-0.025,-0.019,-0.042,-0.037,-0.025
-0.025,-0.019,-0.042,-0.037,-0.025
-0.026,-0.019,-0.041,-0.037,-0.026
-0.026,-0.02,-0.041,-0.037,-0.026
-0.026,-0.02,-0.04,-0.038,-0.026
-0.026,-0.021,-0.039,-0.038,-0.026
-0.026,-0.021,-0.038,-0.039,-0.026
-0.025,-0.021,-0.037,-0.04,-0.025
-0.025,-0.022,-0.036,-0.041,-0.025
-0.025,-0.022,-0.035,-0.041,-0.025
-0.024,-0.022,-0.033,-0.043,-0.024
-0.024,-0.023,-0.032,-0.044,-0.024
-0.023,-0.023,-0.031,-0.045,-0.023
-0.022,-0.023,-0.03,-0.046,-0.022
-0.021,-0.023,-0.029,-0.047,-0.021
-0.02,-0.024,-0.028,-0.048,-0.02
-0.02,-0.024,-0.027,-0.049,-0.02
-0.019,-0.024,-0.026,-0.05,-0.019
-0.018,-0.024,-0.026,-0.051,-0.018
-0.017,-0.024,-0.025,-0.052,-0.017
-0.016,-0.024,-0.024,-0.053,-0.016
-0.015,-0.024,-0.024,-0.054,-0.015
-0.014,-0.024,-0.024,-0.054,-0.014
-0.013,-0.024,-0.023,-0.055,-0.013
-0.012,-0.024,-0.023,-0.055,-0.012
-0.011,-0.024,-0.023,-0.055,-0.011
-0.01,-0.024,-0.023,-0.054,-0.01
-0.01,-0.024,-0.023,-0.054,-0.01
-0.009,-0.024,-0.024,-0.054,-0.009
-0.008,-0.024,-0.024,-0.053,-0.008
-0.008,-0.024,-0.024,-0.052,-0.008
-0.008,-0.023,-0.024,-0.051,-0.008
-0.008,-0.023,-0.025,-0.05,-0.008
-0.008,-0.023,-0.025,-0.049,-0.008
-0.008,-0.022,-0.025,-0.047,-0.008
-0.008,-0.022,-0.026,-0.046,-0.008
-0.008,-0.022,-0.026,-0.045,-0.008
-0.009,-0.021,-0.026,-0.043,-0.009
-0.009,-0.021,-0.027,-0.042,-0.009
-0.01,-0.021,-0.027,-0.04,-0.01
-0.01,-0.02,-0.028,-0.039,-0.01
-0.011,-0.02,-0.028,-0.037,-0.011
-0.012,-0.02,-0.029,-0.036,-0.012
-0.012,-0.02,-0.029,-0.035,-0.012
-0.013,-0.019,-0.03,-0.034,-0.013
-0.014,-0.019,-0.03,-0.033,-0.014
-0.014,-0.019,-0.031,-0.032,-0.014
-0.014,-0.019,-0.032,-0.031,-0.014
-0.015,-0.02,-0.033,-0.03,-0.015
-0.015,-0.02,-0.033,-0.029,-0.015
-0.015,-0.02,-0.034,-0.029,-0.015
-0.015,-0.02,-0.035,-0.028,-0.015
-0.014,-0.021,-0.036,-0.028,-0.014
-0.014,-0.021,-0.037,-0.028,-0.014
-0.013,-0.022,-0.038,-0.027,-0.013
-0.012,-0.023,-0.039,-0.027,-0.012
-0.011,-0.023,-0.04,-0.027,-0.011
-0.01,-0.024,-0.041,-0.028,-0.01
-0.008,-0.025,-0.042,-0.028,-0.008
-0.007,-0.026,-0.043,-0.028,-0.007
-0.005,-0.027,-0.043,-0.028,-0.005
-0.004,-0.028,-0.044,-0.029,-0.004
-0.002,-0.028,-0.045,-0.029,-0.002
-0.001,-0.029,-0.045,-0.03,-0.001
0.001,-0.03,-0.046,-0.03,0.001
0.003,-0.031,-0.046,-0.031,0.003
0.004,-0.031,-0.047,-0.031,0.004
0.006,-0.032,-0.047,-0.032,0.006
0.007,-0.032,-0.047,-0.032,0.007
0.008,-0.033,-0.047,-0.033,0.008
0.01,-0.033,-0.047,-0.034,0.01
0.011,-0.033,-0.047,-0.034,0.011
0.012,-0.033,-0.047,-0.035,0.012
0.012,-0.032,-0.047,-0.036,0.012
0.013,-0.032,-0.046,-0.036,0.013
0.014,-0.031,-0.046,-0.037,0.014
0.014,-0.031,-0.046,-0.037,0.014
0.015,-0.03,-0.046,-0.038,0.015
0.015,-0.029,-0.045,-0.038,0.015
0.015,-0.027,-0.045,-0.039,0.015
0.016,-0.026,-0.045,-0.039,0.016
0.016,-0.024,-0.044,-0.039,0.016
0.016,-0.022,-0.044,-0.039,0.016
0.016,-0.021,-0.044,-0.039,0.016
0.016,-0.019,-0.044,-0.039,0.016
0.017,-0.017,-0.044,-0.039,0.017
0.017,-0.015,-0.044,-0.039,0.017
0.017,-0.013,-0.043,-0.039,0.017
0.017,-0.011,-0.043,-0.039,0.017
0.017,-0.009,-0.043,-0.038,0.017
0.017,-0.007,-0.043,-0.038,0.017
0.017,-0.006,-0.044,-0.038,0.017
0.018,-0.005,-0.044,-0.037,0.018
0.018,-0.003,-0.044,-0.037,0.018
0.018,-0.002,-0.044,-0.037,0.018
0.019,-0.002,-0.044,-0.036,0.019
0.019,-0.001,-0.044,-0.036,0.019
0.019,-0.001,-0.045,-0.036,0.019
0.02,-0.001,-0.045,-0.035,0.02
0.02,-0.001,-0.045,-0.035,0.02
0.02,-0.001,-0.045,-0.035,0.02
0.021,-0.001,-0.045,-0.035,0.021
0.021,-0.002,-0.046,-0.035,0.021
0.021,-0.003,-0.046,-0.035,0.021
0.022,-0.003,-0.046,-0.035,0.022
0.022,-0.004,-0.046,-0.036,0.022
0.022,-0.005,-0.047,-0.036,0.022
0.022,-0.006,-0.047,-0.036,0.022
0.023,-0.007,-0.047,-0.036,0.023
0.023,-0.008,-0.047,-0.037,0.023
0.023,-0.008,-0.047,-0.037,0.023
0.023,-0.009,-0.047,-0.037,0.023
0.023,-0.009,-0.047,-0.038,0.023
0.023,-0.01,-0.047,-0.038,0.023
0.023,-0.01,-0.047,-0.038,0.023
0.023,-0.01,-0.047,-0.038,0.023
0.023,-0.01,-0.046,-0.038,0.023
0.023,-0.009,-0.046,-0.038,0.023
0.023,-0.009,-0.046,-0.038,0.023
0.023,-0.008,-0.045,-0.038,0.023
0.023,-0.008,-0.045,-0.037,0.023
0.023,-0.007,-0.044,-0.037,0.023
0.022,-0.006,-0.043,-0.036,0.022
0.022,-0.005,-0.043,-0.036,0.022
0.022,-0.005,-0.042,-0.035,0.022
0.022,-0.004,-0.041,-0.035,0.022
0.022,-0.003,-0.041,-0.034,0.022
0.022,-0.002,-0.04,-0.033,0.022
0.022,-0.002,-0.039,-0.033,0.022
0.023,-0.001,-0.038,-0.032,0.023
0.023,-0.001,-0.038,-0.031,0.023
0.023,0,-0.037,-0.031,0.023
0.023,0,-0.036,-0.03,0.023
0.023,0,-0.036,-0.03,0.023
0.023,0,-0.035,-0.029,0.023
0.024,0,-0.035,-0.029,0.024
0.024,0,-0.034,-0.029,0.024
0.024,0,-0.034,-0.029,0.024
0.024,0,-0.033,-0.029,0.024
0.025,-0.001,-0.033,-0.029,0.025
0.025,-0.001,-0.033,-0.03,0.025
0.025,-0.002,-0.032,-0.03,0.025
0.025,-0.002,-0.032,-0.03,0.025
0.026,-0.003,-0.032,-0.031,0.026
0.026,-0.003,-0.032,-0.032,0.026
0.026,-0.004,-0.032,-0.033,0.026
0.026,-0.005,-0.032,-0.034,0.026
0.026,-0.005,-0.031,-0.034,0.026
0.026,-0.006,-0.031,-0.035,0.026
0.026,-0.006,-0.031,-0.037,0.026
0.025,-0.006,-0.031,-0.038,0.025
0.025,-0.007,-0.03,-0.039,0.025
0.025,-0.007,-0.03,-0.04,0.025
0.024,-0.007,-0.03,-0.041,0.024
0.024,-0.007,-0.029,-0.042,0.024
0.023,-0.007,-0.029,-0.043,0.023
0.022,-0.007,-0.028,-0.044,0.022
0.022,-0.007,-0.027,-0.045,0.022
0.021,-0.007,-0.027,-0.046,0.021
0.02,-0.006,-0.026,-0.046,0.02
0.019,-0.006,-0.025,-0.047,0.019
0.019,-0.006,-0.024,-0.048,0.019
0.018,-0.006,-0.024,-0.048,0.018
0.017,-0.005,-0.023,-0.049,0.017
0.016,-0.005,-0.022,-0.049,0.016
0.016,-0.005,-0.021,-0.05,0.016
0.015,-0.005,-0.02,-0.05,0.015
0.015,-0.005,-0.019,-0.05,0.015
0.014,-0.004,-0.018,-0.05,0.014
0.014,-0.004,-0.018,-0.05,0.014
0.014,-0.004,-0.017,-0.05,0.014
0.014,-0.004,-0.016,-0.049,0.014
0.014,-0.004,-0.016,-0.049,0.014
0.014,-0.004,-0.015,-0.049,0.014
0.014,-0.004,-0.015,-0.048,0.014
0.014,-0.004,-0.015,-0.048,0.014
0.015,-0.004,-0.014,-0.048,0.015
0.015,-0.004,-0.014,-0.047,0.015
0.015,-0.004,-0.014,-0.046,0.015
0.016,-0.004,-0.014,-0.046,0.016
0.016,-0.004,-0.014,-0.045,0.016
0.017,-0.004,-0.014,-0.045,0.017
0.017,-0.004,-0.015,-0.044,0.017
0.017,-0.004,-0.015,-0.044,0.017
0.018,-0.003,-0.015,-0.044,0.018
0.018,-0.003,-0.015,-0.043,0.018
0.018,-0.002,-0.015,-0.043,0.018
0.018,-0.002,-0.016,-0.042,0.018
0.018,-0.001,-0.016,-0.042,0.018
0.018,-0.001,-0.016,-0.042,0.018
0.018,0,-0.016,-0.041,0.018
0.017,0.001,-0.017,-0.041,0.017
0.017,0.002,-0.017,-0.041,0.017
0.017,0.003,-0.017,-0.041,0.017
0.016,0.003,-0.017,-0.04,0.016
0.016,0.004,-0.017,-0.04,0.016
0.016,0.005,-0.017,-0.04,0.016
0.015,0.006,-0.017,-0.039,0.015
0.015,0.007,-0.017,-0.039,0.015
0.015,0.007,-0.017,-0.038,0.015
0.014,0.008,-0.016,-0.037,0.014
0.014,0.008,-0.016,-0.037,0.014
0.014,0.009,-0.016,-0.036,0.014
0.014,0.009,-0.016,-0.035,0.014
0.014,0.009,-0.015,-0.034,0.014
0.014,0.009,-0.015,-0.034,0.014
0.015,0.01,-0.015,-0.033,0.015
0.015,0.009,-0.014,-0.032,0.015
0.015,0.009,-0.014,-0.031,0.015
0.016,0.009,-0.014,-0.03,0.016
0.017,0.009,-0.013,-0.029,0.017
0.017,0.008,-0.013,-0.028,0.017
0.018,0.008,-0.012,-0.027,0.018
0.019,0.008,-0.012,-0.026,0.019
0.02,0.007,-0.012,-0.025,0.02
0.021,0.007,-0.011,-0.024,0.021
0.022,0.007,-0.011,-0.024,0.022
0.023,0.006,-0.011,-0.023,0.023
0.024,0.006,-0.01,-0.023,0.024
0.025,0.006,-0.01,-0.022,0.025
0.026,0.006,-0.01,-0.022,0.026
0.027,0.006,-0.009,-0.022,0.027
0.028,0.006,-0.009,-0.021,0.028
0.029,0.006,-0.009,-0.021,0.029
0.03,0.006,-0.009,-0.021,0.03
0.031,0.006,-0.009,-0.021,0.031
0.032,0.007,-0.009,-0.021,0.032
0.033,0.007,-0.009,-0.021,0.033
0.034,0.008,-0.009,-0.021,0.034
0.035,0.008,-0.009,-0.021,0.035
0.035,0.009,-0.009,-0.022,0.035
0.036,0.01,-0.009,-0.022,0.036
0.037,0.01,-0.009,-0.021,0.037
0.038,0.011,-0.009,-0.021,0.038
0.038,0.012,-0.008,-0.021,0.038
0.039,0.012,-0.008,-0.021,0.039
0.04,0.013,-0.008,-0.021,0.04
0.04,0.014,-0.008,-0.02,0.04
0.041,0.014,-0.007,-0.02,0.041
0.042,0.015,-0.007,-0.019,0.042
0.042,0.015,-0.006,-0.018,0.042
0.043,0.016,-0.006,-0.018,0.043
0.044,0.016,-0.005,-0.017,0.044
0.044,0.017,-0.004,-0.016,0.044
0.045,0.017,-0.003,-0.015,0.045
0.046,0.018,-0.002,-0.014,0.046
0.046,0.018,0,-0.013,0.046
0.047,0.018,0.001,-0.011,0.047
0.048,0.018,0.002,-0.01,0.048
0.049,0.019,0.004,-0.009,0.049
0.05,0.019,0.006,-0.008,0.05
0.05,0.019,0.007,-0.006,0.05
0.051,0.02,0.009,-0.005,0.051
0.052,0.02,0.011,-0.004,0.052
0.053,0.021,0.013,-0.002,0.053
0.054,0.021,0.015,-0.001,0.054
0.054,0.022,0.017,0,0.054
0.055,0.022,0.018,0.001,0.055
0.056,0.023,0.02,0.002,0.056
0.056,0.024,0.022,0.003,0.056
0.057,0.024,0.024,0.004,0.057
0.057,0.025,0.026,0.005,0.057
0.058,0.026,0.027,0.006,0.058
0.058,0.027,0.029,0.007,0.058
0.059,0.028,0.03,0.007,0.059
0.059,0.03,0.031,0.008,0.059
0.059,0.031,0.033,0.008,0.059
0.059,0.032,0.034,0.009,0.059
0.059,0.033,0.035,0.009,0.059
0.059,0.035,0.035,0.009,0.059
0.059,0.036,0.036,0.009,0.059
0.059,0.037,0.037,0.009,0.059
0.059,0.039,0.037,0.009,0.059
0.059,0.04,0.037,0.009,0.059
0.059,0.041,0.037,0.008,0.059
0.059,0.043,0.037,0.008,0.059
0.059,0.044,0.037,0.008,0.059
0.059,0.045,0.037,0.007,0.059
0.059,0.046,0.037,0.007,0.059
0.059,0.047,0.037,0.006,0.059
0.06,0.048,0.037,0.006,0.06
0.06,0.048,0.036,0.005,0.06
0.06,0.049,0.036,0.004,0.06
0.06,0.05,0.036,0.004,0.06
0.061,0.05,0.036,0.003,0.061
0.061,0.05,0.036,0.003,0.061
0.062,0.051,0.035,0.002,0.062
0.062,0.051,0.035,0.002,0.062
0.063,0.051,0.035,0.001,0.063
0.064,0.051,0.035,0.001,0.064
0.064,0.051,0.036,0.001,0.064
0.065,0.05,0.036,0,0.065
0.066,0.05,0.036,0,0.066
0.066,0.05,0.036,0,0.066
0.067,0.05,0.037,0,0.067
0.068,0.049,0.037,0,0.068
0.068,0.049,0.038,0.001,0.068
0.069,0.049,0.038,0.001,0.069
0.07,0.049,0.039,0.001,0.07
0.07,0.048,0.039,0.002,0.07
0.071,0.048,0.04,0.002,0.071
0.071,0.048,0.04,0.003,0.071
0.072,0.048,0.041,0.003,0.072
0.072,0.048,0.041,0.004,0.072
0.073,0.047,0.042,0.005,0.073
0.073,0.047,0.043,0.005,0.073
0.074,0.047,0.043,0.006,0.074
0.074,0.047,0.044,0.007,0.074
0.074,0.048,0.044,0.008,0.074
0.075,0.048,0.045,0.009,0.075
0.075,0.048,0.045,0.01,0.075
0.075,0.048,0.046,0.01,0.075
0.075,0.048,0.046,0.011,0.075
0.076,0.049,0.047,0.012,0.076
0.076,0.049,0.047,0.013,0.076
0.076,0.049,0.047,0.014,0.076
0.076,0.05,0.048,0.015,0.076
0.076,0.05,0.048,0.016,0.076
0.077,0.051,0.048,0.017,0.077
0.077,0.051,0.049,0.017,0.077
0.077,0.051,0.049,0.018,0.077
0.078,0.052,0.049,0.019,0.078
0.078,0.052,0.049,0.02,0.078
0.078,0.053,0.05,0.021,0.078
0.079,0.053,0.05,0.022,0.079
0.079,0.054,0.05,0.023,0.079
0.08,0.054,0.051,0.024,0.08
0.08,0.055,0.051,0.025,0.08
0.081,0.056,0.051,0.026,0.081
0.081,0.056,0.052,0.027,0.081
0.082,0.057,0.052,0.028,0.082
0.083,0.058,0.053,0.029,0.083
0.083,0.058,0.053,0.029,0.083
0.084,0.059,0.054,0.03,0.084
0.084,0.06,0.055,0.031,0.084
0.085,0.06,0.056,0.032,0.085
0.085,0.061,0.056,0.033,0.085
0.086,0.061,0.057,0.034,0.086
0.086,0.062,0.058,0.034,0.086
0.086,0.062,0.06,0.035,0.086
0.086,0.063,0.061,0.036,0.086
0.087,0.063,0.062,0.036,0.087
0.087,0.063,0.063,0.037,0.087
0.087,0.064,0.064,0.037,0.087
0.086,0.064,0.065,0.038,0.086
0.086,0.063,0.066,0.038,0.086
0.086,0.063,0.067,0.038,0.086
0.085,0.063,0.068,0.038,0.085
0.085,0.062,0.069,0.039,0.085
0.084,0.061,0.069,0.039,0.084
0.083,0.061,0.07,0.039,0.083
0.083,0.059,0.07,0.039,0.083
0.082,0.058,0.07,0.038,0.082
0.081,0.057,0.071,0.038,0.081
0.08,0.055,0.07,0.038,0.08
0.078,0.054,0.07,0.038,0.078
0.077,0.052,0.07,0.037,0.077
0.076,0.05,0.069,0.037,0.076
0.075,0.048,0.068,0.036,0.075
0.073,0.046,0.067,0.036,0.073
0.072,0.043,0.066,0.035,0.072
0.071,0.041,0.064,0.035,0.071
0.069,0.039,0.062,0.034,0.069
0.068,0.036,0.061,0.033,0.068
0.067,0.033,0.059,0.032,0.067
0.065,0.031,0.056,0.031,0.065
0.064,0.028,0.054,0.03,0.064
0.063,0.026,0.052,0.029,0.063
0.061,0.023,0.049,0.027,0.061
0.06,0.02,0.046,0.026,0.06
0.058,0.018,0.043,0.025,0.058
0.057,0.015,0.041,0.023,0.057
0.055,0.012,0.038,0.022,0.055
0.054,0.01,0.034,0.02,0.054
0.052,0.007,0.031,0.019,0.052
0.051,0.004,0.028,0.017,0.051
0.049,0.002,0.025,0.016,0.049
0.048,-0.001,0.022,0.014,0.048
0.046,-0.004,0.018,0.013,0.046
0.045,-0.006,0.015,0.011,0.045
0.043,-0.009,0.012,0.01,0.043
0.042,-0.011,0.009,0.009,0.042
0.04,-0.014,0.006,0.008,0.04
0.039,-0.016,0.003,0.007,0.039
0.037,-0.018,0,0.006,0.037
0.036,-0.021,-0.003,0.005,0.036
0.035,-0.023,-0.005,0.004,0.035
0.033,-0.025,-0.008,0.004,0.033
0.032,-0.027,-0.01,0.003,0.032
0.031,-0.028,-0.012,0.003,0.031
0.03,-0.03,-0.013,0.003,0.03
0.029,-0.031,-0.015,0.003,0.029
0.028,-0.033,-0.016,0.003,0.028
0.028,-0.034,-0.017,0.004,0.028
0.027,-0.034,-0.018,0.004,0.027
0.026,-0.035,-0.018,0.005,0.026
0.026,-0.036,-0.018,0.006,0.026
0.025,-0.036,-0.018,0.006,0.025
0.024,-0.036,-0.018,0.007,0.024
0.024,-0.036,-0.018,0.008,0.024
0.023,-0.036,-0.018,0.009,0.023
0.023,-0.035,-0.017,0.01,0.023
0.022,-0.034,-0.016,0.011,0.022
0.022,-0.034,-0.015,0.013,0.022
0.021,-0.033,-0.015,0.014,0.021
0.021,-0.032,-0.014,0.015,0.021
0.02,-0.03,-0.013,0.016,0.02
0.02,-0.029,-0.012,0.017,0.02
0.019,-0.028,-0.011,0.017,0.019
0.019,-0.026,-0.01,0.018,0.019
0.018,-0.025,-0.009,0.019,0.018
0.018,-0.023,-0.008,0.02,0.018
0.017,-0.022,-0.008,0.02,0.017
0.017,-0.021,-0.007,0.021,0.017
0.016,-0.019,-0.006,0.021,0.016
0.016,-0.018,-0.006,0.021,0.016
0.016,-0.016,-0.005,0.021,0.016
0.015,-0.015,-0.004,0.021,0.015
0.015,-0.014,-0.004,0.021,0.015
0.015,-0.012,-0.003,0.021,0.015
0.015,-0.011,-0.003,0.021,0.015
0.015,-0.01,-0.002,0.021,0.015
0.016,-0.009,-0.002,0.02,0.016
0.016,-0.008,-0.001,0.02,0.016
0.017,-0.007,-0.001,0.019,0.017
0.017,-0.007,-0.001,0.018,0.017
0.018,-0.006,0,0.018,0.018
0.019,-0.006,0,0.017,0.019
0.019,-0.006,0,0.016,0.019
0.02,-0.006,0,0.015,0.02
0.021,-0.006,0,0.014,0.021
0.022,-0.006,0,0.013,0.022
0.022,-0.007,0,0.011,0.022
0.023,-0.007,0,0.01,0.023
0.023,-0.008,-0.001,0.009,0.023
0.023,-0.009,-0.002,0.007,0.023
0.023,-0.01,-0.002,0.006,0.023
0.023,-0.011,-0.003,0.004,0.023
0.022,-0.013,-0.004,0.003,0.022
0.021,-0.014,-0.006,0.001,0.021
0.02,-0.016,-0.007,0,0.02
0.019,-0.017,-0.008,-0.002,0.019
0.017,-0.019,-0.01,-0.003,0.017
0.016,-0.021,-0.012,-0.004,0.016
0.014,-0.023,-0.014,-0.006,0.014
0.011,-0.025,-0.016,-0.007,0.011
0.009,-0.026,-0.018,-0.008,0.009
0.006,-0.028,-0.02,-0.009,0.006
0.004,-0.03,-0.022,-0.01,0.004
0.001,-0.032,-0.024,-0.011,0.001
-0.002,-0.034,-0.027,-0.012,-0.002
-0.004,-0.036,-0.029,-0.012,-0.004
-0.007,-0.038,-0.031,-0.012,-0.007
-0.009,-0.04,-0.033,-0.013,-0.009
-0.012,-0.042,-0.036,-0.013,-0.012
-0.014,-0.044,-0.038,-0.013,-0.014
-0.017,-0.046,-0.04,-0.013,-0.017
-0.019,-0.048,-0.042,-0.012,-0.019
-0.02,-0.05,-0.043,-0.012,-0.02
-0.022,-0.052,-0.045,-0.012,-0.022
-0.024,-0.054,-0.047,-0.011,-0.024
-0.025,-0.056,-0.048,-0.011,-0.025
-0.026,-0.059,-0.05,-0.01,-0.026
-0.027,-0.061,-0.051,-0.01,-0.027
-0.028,-0.063,-0.052,-0.009,-0.028
-0.028,-0.065,-0.053,-0.009,-0.028
-0.029,-0.068,-0.054,-0.009,-0.029
-0.029,-0.07,-0.055,-0.009,-0.029
-0.029,-0.072,-0.056,-0.008,-0.029
-0.029,-0.074,-0.057,-0.008,-0.029
-0.029,-0.076,-0.057,-0.009,-0.029
-0.029,-0.078,-0.058,-0.009,-0.029
-0.03,-0.08,-0.059,-0.009,-0.03
-0.029,-0.082,-0.059,-0.01,-0.029
-0.029,-0.084,-0.06,-0.011,-0.029
-0.029,-0.086,-0.06,-0.012,-0.029
-0.029,-0.087,-0.06,-0.013,-0.029
-0.029,-0.088,-0.061,-0.014,-0.029
-0.029,-0.09,-0.061,-0.015,-0.029
-0.029,-0.091,-0.062,-0.017,-0.029
-0.029,-0.092,-0.062,-0.018,-0.029
-0.029,-0.092,-0.062,-0.02,-0.029
-0.029,-0.093,-0.062,-0.022,-0.029
-0.029,-0.093,-0.063,-0.023,-0.029
-0.029,-0.093,-0.063,-0.025,-0.029
-0.029,-0.094,-0.063,-0.027,-0.029
-0.029,-0.094,-0.063,-0.029,-0.029
-0.029,-0.093,-0.064,-0.03,-0.029
-0.029,-0.093,-0.064,-0.032,-0.029
-0.028,-0.093,-0.064,-0.034,-0.028
-0.028,-0.092,-0.064,-0.035,-0.028
-0.027,-0.092,-0.064,-0.036,-0.027
-0.027,-0.091,-0.064,-0.037,-0.027
-0.026,-0.09,-0.064,-0.038,-0.026
-0.025,-0.089,-0.064,-0.039,-0.025
-0.025,-0.088,-0.064,-0.04,-0.025
-0.024,-0.087,-0.064,-0.04,-0.024
-0.023,-0.086,-0.064,-0.04,-0.023
-0.022,-0.085,-0.063,-0.04,-0.022
-0.021,-0.084,-0.063,-0.039,-0.021
-0.021,-0.082,-0.063,-0.039,-0.021
-0.02,-0.081,-0.062,-0.038,-0.02
-0.019,-0.08,-0.062,-0.037,-0.019
-0.018,-0.078,-0.062,-0.036,-0.018
-0.017,-0.077,-0.061,-0.034,-0.017
-0.017,-0.075,-0.06,-0.033,-0.017
-0.016,-0.074,-0.06,-0.031,-0.016
-0.015,-0.073,-0.059,-0.029,-0.015
-0.015,-0.071,-0.058,-0.028,-0.015
-0.014,-0.07,-0.058,-0.026,-0.014
-0.013,-0.068,-0.057,-0.024,-0.013
-0.013,-0.067,-0.056,-0.022,-0.013
-0.012,-0.066,-0.055,-0.02,-0.012
-0.012,-0.065,-0.054,-0.018,-0.012
-0.011,-0.063,-0.053,-0.016,-0.011
-0.01,-0.062,-0.053,-0.014,-0.01
-0.01,-0.061,-0.052,-0.012,-0.01
-0.009,-0.061,-0.051,-0.011,-0.009
-0.009,-0.06,-0.05,-0.009,-0.009
-0.008,-0.059,-0.049,-0.008,-0.008
-0.007,-0.059,-0.048,-0.007,-0.007
-0.007,-0.059,-0.047,-0.006,-0.007
-0.006,-0.058,-0.047,-0.005,-0.006
-0.005,-0.059,-0.046,-0.004,-0.005
-0.004,-0.059,-0.045,-0.003,-0.004
-0.003,-0.059,-0.044,-0.002,-0.003
-0.002,-0.06,-0.044,-0.002,-0.002
-0.001,-0.06,-0.043,-0.001,-0.001
-0.001,-0.061,-0.042,-0.001,-0.001
0,-0.062,-0.042,-0.001,0
0.001,-0.063,-0.041,-0.001,0.001
0.002,-0.064,-0.04,-0.001,0.002
0.003,-0.065,-0.04,-0.001,0.003
0.004,-0.066,-0.039,-0.001,0.004
0.005,-0.067,-0.039,-0.001,0.005
0.006,-0.068,-0.038,-0.001,0.006
0.007,-0.069,-0.038,-0.001,0.007
0.007,-0.07,-0.038,-0.001,0.007
0.008,-0.071,-0.037,-0.001,0.008
0.009,-0.071,-0.037,0,0.009
0.01,-0.072,-0.037,0,0.01
0.01,-0.072,-0.037,0,0.01
0.011,-0.072,-0.037,0,0.011
0.011,-0.072,-0.037,0.001,0.011
0.012,-0.072,-0.037,0.001,0.012
0.012,-0.072,-0.037,0.002,0.012
0.012,-0.072,-0.038,0.002,0.012
0.013,-0.072,-0.038,0.003,0.013
0.013,-0.071,-0.039,0.004,0.013
0.013,-0.071,-0.039,0.005,0.013
0.014,-0.07,-0.039,0.006,0.014
0.014,-0.069,-0.04,0.007,0.014
0.014,-0.068,-0.04,0.009,0.014
0.015,-0.068,-0.041,0.01,0.015
0.015,-0.067,-0.041,0.011,0.015
0.016,-0.066,-0.042,0.013,0.016
0.016,-0.065,-0.042,0.014,0.016
0.017,-0.064,-0.042,0.015,0.017
0.018,-0.063,-0.043,0.017,0.018
0.019,-0.061,-0.043,0.018,0.019
0.02,-0.06,-0.042,0.02,0.02
0.022,-0.059,-0.042,0.021,0.022
0.024,-0.058,-0.042,0.023,0.024
0.026,-0.056,-0.041,0.025,0.026
0.028,-0.054,-0.04,0.027,0.028
0.03,-0.053,-0.038,0.028,0.03
0.033,-0.051,-0.037,0.031,0.033
0.037,-0.048,-0.035,0.033,0.037
0.04,-0.046,-0.033,0.035,0.04
0.044,-0.043,-0.03,0.038,0.044
0.049,-0.04,-0.027,0.041,0.049
0.053,-0.037,-0.024,0.044,0.053
0.059,-0.034,-0.02,0.047,0.059
0.064,-0.03,-0.016,0.051,0.064
0.07,-0.026,-0.012,0.056,0.07
0.076,-0.021,-0.007,0.06,0.076
0.083,-0.016,-0.002,0.065,0.083
0.091,-0.011,0.003,0.071,0.091
0.098,-0.005,0.009,0.077,0.098
0.106,0.001,0.015,0.084,0.106
0.115,0.007,0.022,0.091,0.115
0.123,0.014,0.029,0.098,0.123
0.132,0.021,0.036,0.106,0.132
0.142,0.029,0.043,0.114,0.142
0.151,0.037,0.051,0.123,0.151
0.161,0.045,0.059,0.132,0.161
0.172,0.053,0.067,0.142,0.172
0.182,0.062,0.075,0.152,0.182
0.193,0.072,0.084,0.162,0.193
0.204,0.081,0.093,0.173,0.204
0.215,0.091,0.102,0.184,0.215
0.227,0.101,0.111,0.195,0.227
0.238,0.112,0.121,0.206,0.238
0.25,0.123,0.13,0.218,0.25
0.262,0.134,0.14,0.23,0.262
0.274,0.145,0.15,0.242,0.274
0.286,0.157,0.16,0.255,0.286
0.299,0.169,0.171,0.267,0.299
0.311,0.181,0.181,0.28,0.311
0.323,0.194,0.192,0.292,0.323
0.336,0.206,0.203,0.305,0.336
0.349,0.219,0.213,0.318,0.349
0.361,0.231,0.224,0.331,0.361
0.373,0.244,0.235,0.343,0.373
0.386,0.257,0.246,0.356,0.386
0.398,0.27,0.258,0.369,0.398
0.41,0.282,0.269,0.381,0.41
0.422,0.295,0.28,0.393,0.422
0.433,0.307,0.291,0.405,0.433
0.444,0.319,0.302,0.417,0.444
0.455,0.33,0.313,0.428,0.455
0.465,0.341,0.324,0.439,0.465
0.475,0.352,0.335,0.449,0.475
0.484,0.362,0.345,0.459,0.484
0.492,0.371,0.356,0.468,0.492
0.5,0.38,0.365,0.477,0.5
0.506,0.388,0.375,0.485,0.506
0.512,0.396,0.384,0.492,0.512
0.518,0.402,0.392,0.499,0.518
0.522,0.408,0.4,0.505,0.522
0.525,0.412,0.407,0.51,0.525
0.528,0.416,0.413,0.514,0.528
0.529,0.419,0.418,0.517,0.529
0.53,0.421,0.423,0.519,0.53
0.529,0.422,0.427,0.521,0.529
0.528,0.421,0.429,0.521,0.528
0.525,0.42,0.431,0.521,0.525
0.521,0.418,0.431,0.519,0.521
0.516,0.414,0.431,0.516,0.516
0.51,0.41,0.429,0.513,0.51
0.503,0.404,0.426,0.508,0.503
0.494,0.397,0.421,0.502,0.494
0.485,0.389,0.415,0.495,0.485
0.474,0.38,0.408,0.487,0.474
0.462,0.37,0.4,0.478,0.462
0.449,0.359,0.39,0.467,0.449
0.434,0.346,0.379,0.456,0.434
0.419,0.333,0.367,0.443,0.419
0.402,0.318,0.354,0.43,0.402
0.384,0.302,0.339,0.415,0.384
0.366,0.286,0.324,0.4,0.366
0.346,0.269,0.307,0.383,0.346
0.326,0.25,0.29,0.366,0.326
0.305,0.232,0.272,0.348,0.305
0.284,0.213,0.253,0.33,0.284
0.262,0.193,0.233,0.311,0.262
0.241,0.173,0.214,0.292,0.241
0.219,0.153,0.194,0.272,0.219
0.197,0.133,0.174,0.253,0.197
0.176,0.113,0.154,0.233,0.176
0.155,0.093,0.134,0.213,0.155
0.134,0.074,0.115,0.194,0.134
0.115,0.055,0.096,0.175,0.115
0.096,0.037,0.077,0.157,0.096
0.078,0.02,0.06,0.14,0.078
0.062,0.003,0.043,0.123,0.062
0.046,-0.012,0.027,0.107,0.046
0.032,-0.027,0.012,0.092,0.032
0.02,-0.04,-0.002,0.078,0.02
0.009,-0.052,-0.014,0.065,0.009
-0.001,-0.063,-0.026,0.053,-0.001
-0.009,-0.072,-0.036,0.042,-0.009
-0.016,-0.08,-0.045,0.033,-0.016
-0.021,-0.087,-0.053,0.024,-0.021
-0.025,-0.093,-0.059,0.017,-0.025
-0.028,-0.097,-0.065,0.011,-0.028
-0.029,-0.1,-0.07,0.006,-0.029
-0.029,-0.102,-0.073,0.003,-0.029
-0.029,-0.103,-0.076,0,-0.029
-0.027,-0.103,-0.077,-0.002,-0.027
-0.025,-0.103,-0.078,-0.003,-0.025
-0.022,-0.101,-0.078,-0.003,-0.022
-0.019,-0.099,-0.078,-0.003,-0.019
-0.015,-0.096,-0.077,-0.002,-0.015
-0.011,-0.093,-0.075,0,-0.011
-0.006,-0.089,-0.074,0.002,-0.006
-0.002,-0.086,-0.072,0.004,-0.002
0.002,-0.082,-0.069,0.007,0.002
0.006,-0.078,-0.067,0.009,0.006
0.01,-0.074,-0.065,0.012,0.01
0.014,-0.07,-0.062,0.015,0.014
0.017,-0.067,-0.06,0.018,0.017
0.019,-0.064,-0.058,0.021,0.019
0.022,-0.062,-0.056,0.024,0.022
0.023,-0.059,-0.054,0.026,0.023
0.025,-0.058,-0.053,0.028,0.025
0.026,-0.056,-0.052,0.03,0.026
0.026,-0.056,-0.05,0.031,0.026
0.026,-0.055,-0.05,0.033,0.026
0.025,-0.055,-0.049,0.034,0.025
0.024,-0.056,-0.048,0.034,0.024
0.023,-0.057,-0.048,0.035,0.023
0.021,-0.059,-0.048,0.034,0.021
0.019,-0.061,-0.048,0.034,0.019
0.017,-0.063,-0.048,0.034,0.017
0.014,-0.065,-0.049,0.033,0.014
0.012,-0.068,-0.049,0.032,0.012
0.009,-0.07,-0.05,0.03,0.009
0.006,-0.073,-0.05,0.029,0.006
0.004,-0.076,-0.051,0.027,0.004
0.001,-0.079,-0.052,0.026,0.001
-0.002,-0.081,-0.052,0.024,-0.002
-0.004,-0.084,-0.053,0.023,-0.004
-0.006,-0.086,-0.054,0.021,-0.006
-0.008,-0.088,-0.054,0.019,-0.008
-0.01,-0.09,-0.055,0.018,-0.01
-0.012,-0.092,-0.055,0.016,-0.012
-0.014,-0.094,-0.056,0.015,-0.014
-0.015,-0.095,-0.056,0.014,-0.015
-0.016,-0.096,-0.057,0.013,-0.016
-0.017,-0.097,-0.057,0.012,-0.017
-0.018,-0.098,-0.057,0.011,-0.018
-0.019,-0.098,-0.058,0.01,-0.019
-0.02,-0.098,-0.058,0.01,-0.02
-0.02,-0.098,-0.058,0.01,-0.02
-0.02,-0.098,-0.058,0.01,-0.02
-0.021,-0.098,-0.059,0.01,-0.021
-0.021,-0.098,-0.059,0.01,-0.021
-0.021,-0.098,-0.059,0.01,-0.021
-0.021,-0.098,-0.059,0.01,-0.021
-0.021,-0.098,-0.06,0.01,-0.021
-0.021,-0.098,-0.06,0.011,-0.021
-0.021,-0.098,-0.06,0.011,-0.021
-0.021,-0.098,-0.061,0.012,-0.021
-0.021,-0.098,-0.061,0.012,-0.021
-0.022,-0.099,-0.062,0.012,-0.022
-0.022,-0.1,-0.062,0.013,-0.022
-0.022,-0.1,-0.063,0.013,-0.022
-0.023,-0.101,-0.063,0.013,-0.023
-0.023,-0.103,-0.064,0.013,-0.023
-0.024,-0.104,-0.065,0.013,-0.024
-0.025,-0.106,-0.066,0.012,-0.025
-0.026,-0.107,-0.067,0.012,-0.026
-0.026,-0.109,-0.068,0.011,-0.026
-0.027,-0.111,-0.069,0.01,-0.027
-0.028,-0.113,-0.07,0.009,-0.028
-0.029,-0.115,-0.071,0.008,-0.029
-0.03,-0.117,-0.072,0.007,-0.03
-0.031,-0.119,-0.073,0.005,-0.031
-0.033,-0.121,-0.074,0.003,-0.033
-0.034,-0.123,-0.075,0.002,-0.034
-0.035,-0.125,-0.076,0,-0.035
-0.036,-0.126,-0.077,-0.003,-0.036
-0.037,-0.128,-0.078,-0.005,-0.037
-0.037,-0.13,-0.079,-0.007,-0.037
-0.038,-0.131,-0.08,-0.009,-0.038
-0.039,-0.132,-0.081,-0.011,-0.039
-0.04,-0.133,-0.082,-0.013,-0.04
-0.04,-0.134,-0.083,-0.016,-0.04
-0.041,-0.135,-0.083,-0.017,-0.041
-0.041,-0.136,-0.084,-0.019,-0.041
-0.041,-0.136,-0.085,-0.021,-0.041
-0.041,-0.137,-0.085,-0.022,-0.041
-0.041,-0.137,-0.086,-0.024,-0.041
-0.041,-0.137,-0.086,-0.025,-0.041
-0.041,-0.137,-0.087,-0.025,-0.041
-0.041,-0.137,-0.087,-0.026,-0.041
-0.04,-0.136,-0.087,-0.026,-0.04
-0.039,-0.136,-0.088,-0.026,-0.039
-0.039,-0.136,-0.088,-0.026,-0.039
-0.038,-0.135,-0.088,-0.025,-0.038
-0.037,-0.135,-0.088,-0.024,-0.037
-0.036,-0.134,-0.088,-0.023,-0.036
-0.035,-0.134,-0.088,-0.022,-0.035
-0.034,-0.133,-0.088,-0.02,-0.034
-0.033,-0.133,-0.088,-0.018,-0.033
-0.032,-0.133,-0.089,-0.016,-0.032
-0.031,-0.133,-0.089,-0.015,-0.031
-0.03,-0.133,-0.089,-0.013,-0.03
-0.029,-0.133,-0.089,-0.011,-0.029
-0.028,-0.133,-0.089,-0.009,-0.028
-0.027,-0.133,-0.089,-0.007,-0.027
-0.026,-0.134,-0.089,-0.005,-0.026
-0.026,-0.134,-0.09,-0.003,-0.026
-0.025,-0.135,-0.09,-0.002,-0.025
-0.025,-0.135,-0.09,-0.001,-0.025
-0.024,-0.136,-0.09,0,-0.024
-0.024,-0.137,-0.091,0.001,-0.024
-0.024,-0.138,-0.091,0.002,-0.024
-0.024,-0.139,-0.091,0.002,-0.024
-0.024,-0.139,-0.091,0.002,-0.024
-0.024,-0.14,-0.091,0.002,-0.024
-0.025,-0.141,-0.092,0.002,-0.025
-0.025,-0.142,-0.092,0.001,-0.025
-0.025,-0.143,-0.092,0.001,-0.025
-0.026,-0.144,-0.092,0,-0.026
-0.026,-0.144,-0.092,-0.001,-0.026
-0.027,-0.145,-0.092,-0.002,-0.027
-0.027,-0.146,-0.092,-0.003,-0.027
-0.028,-0.147,-0.091,-0.004,-0.028
-0.029,-0.147,-0.091,-0.004,-0.029
-0.029,-0.148,-0.091,-0.005,-0.029
-0.03,-0.149,-0.09,-0.006,-0.03
-0.03,-0.149,-0.09,-0.007,-0.03
-0.03,-0.15,-0.089,-0.007,-0.03
-0.031,-0.151,-0.088,-0.008,-0.031
-0.031,-0.151,-0.087,-0.008,-0.031
-0.031,-0.151,-0.087,-0.009,-0.031
-0.031,-0.152,-0.086,-0.009,-0.031
-0.031,-0.152,-0.085,-0.009,-0.031
-0.031,-0.152,-0.084,-0.009,-0.031
-0.03,-0.153,-0.083,-0.009,-0.03
-0.03,-0.153,-0.082,-0.008,-0.03
-0.03,-0.153,-0.08,-0.008,-0.03
-0.029,-0.152,-0.079,-0.008,-0.029
-0.029,-0.152,-0.078,-0.007,-0.029
-0.028,-0.152,-0.077,-0.007,-0.028
-0.027,-0.151,-0.076,-0.007,-0.027
-0.027,-0.151,-0.075,-0.006,-0.027
-0.026,-0.15,-0.074,-0.006,-0.026
-0.025,-0.149,-0.073,-0.006,-0.025
-0.025,-0.148,-0.072,-0.005,-0.025
-0.024,-0.147,-0.071,-0.005,-0.024
-0.024,-0.146,-0.07,-0.005,-0.024
-0.023,-0.146,-0.069,-0.005,-0.023
-0.023,-0.145,-0.068,-0.005,-0.023
-0.022,-0.144,-0.067,-0.005,-0.022
-0.022,-0.143,-0.066,-0.005,-0.022
-0.022,-0.142,-0.065,-0.006,-0.022
-0.022,-0.141,-0.064,-0.006,-0.022
-0.022,-0.141,-0.064,-0.006,-0.022
-0.022,-0.14,-0.063,-0.006,-0.022
-0.022,-0.14,-0.062,-0.007,-0.022
-0.023,-0.14,-0.061,-0.007,-0.023
-0.023,-0.14,-0.061,-0.007,-0.023
-0.024,-0.14,-0.06,-0.008,-0.024
-0.024,-0.141,-0.059,-0.008,-0.024
-0.025,-0.141,-0.058,-0.008,-0.025
-0.026,-0.142,-0.058,-0.009,-0.026
-0.026,-0.143,-0.057,-0.009,-0.026
-0.027,-0.144,-0.056,-0.01,-0.027
-0.028,-0.145,-0.056,-0.01,-0.028
-0.029,-0.146,-0.055,-0.011,-0.029
-0.03,-0.148,-0.054,-0.011,-0.03
-0.031,-0.149,-0.054,-0.011,-0.031
-0.032,-0.15,-0.053,-0.012,-0.032
-0.033,-0.152,-0.052,-0.012,-0.033
-0.034,-0.153,-0.052,-0.013,-0.034
-0.035,-0.154,-0.051,-0.013,-0.035
-0.036,-0.155,-0.05,-0.014,-0.036
-0.037,-0.156,-0.05,-0.014,-0.037
-0.038,-0.157,-0.049,-0.015,-0.038
-0.039,-0.158,-0.048,-0.015,-0.039
-0.04,-0.158,-0.047,-0.016,-0.04
-0.041,-0.158,-0.046,-0.016,-0.041
-0.042,-0.158,-0.045,-0.017,-0.042
-0.043,-0.158,-0.044,-0.017,-0.043
-0.044,-0.157,-0.043,-0.018,-0.044
-0.045,-0.157,-0.041,-0.018,-0.045
-0.046,-0.156,-0.04,-0.018,-0.046
-0.047,-0.155,-0.039,-0.019,-0.047
-0.047,-0.154,-0.038,-0.019,-0.047
-0.048,-0.152,-0.036,-0.019,-0.048
-0.049,-0.151,-0.035,-0.019,-0.049
-0.049,-0.149,-0.034,-0.019,-0.049
-0.05,-0.148,-0.032,-0.019,-0.05
-0.05,-0.147,-0.031,-0.019,-0.05
-0.05,-0.145,-0.03,-0.019,-0.05
-0.05,-0.144,-0.029,-0.018,-0.05
-0.05,-0.143,-0.028,-0.018,-0.05
-0.05,-0.142,-0.027,-0.017,-0.05
-0.049,-0.141,-0.027,-0.017,-0.049
-0.049,-0.14,-0.026,-0.016,-0.049
-0.048,-0.139,-0.026,-0.015,-0.048
-0.047,-0.139,-0.026,-0.014,-0.047
-0.045,-0.139,-0.026,-0.013,-0.045
-0.044,-0.139,-0.026,-0.012,-0.044
-0.042,-0.139,-0.026,-0.011,-0.042
-0.04,-0.139,-0.026,-0.01,-0.04
-0.038,-0.14,-0.027,-0.009,-0.038
-0.036,-0.14,-0.027,-0.008,-0.036
-0.034,-0.141,-0.028,-0.006,-0.034
-0.031,-0.141,-0.029,-0.005,-0.031
-0.029,-0.142,-0.03,-0.004,-0.029
-0.026,-0.143,-0.031,-0.003,-0.026
-0.023,-0.143,-0.032,-0.001,-0.023
-0.021,-0.144,-0.033,0,-0.021
-0.018,-0.144,-0.034,0.001,-0.018
-0.016,-0.144,-0.035,0.002,-0.016
-0.014,-0.144,-0.036,0.003,-0.014
-0.012,-0.144,-0.037,0.004,-0.012
-0.01,-0.144,-0.038,0.005,-0.01
-0.008,-0.143,-0.038,0.006,-0.008
-0.007,-0.142,-0.039,0.007,-0.007
-0.005,-0.141,-0.04,0.008,-0.005
-0.005,-0.14,-0.04,0.009,-0.005
-0.004,-0.138,-0.04,0.009,-0.004
-0.004,-0.136,-0.041,0.01,-0.004
-0.004,-0.134,-0.041,0.011,-0.004
-0.004,-0.132,-0.041,0.011,-0.004
-0.005,-0.13,-0.04,0.011,-0.005
-0.006,-0.127,-0.04,0.012,-0.006
-0.007,-0.124,-0.039,0.012,-0.007
-0.009,-0.122,-0.039,0.012,-0.009
-0.011,-0.119,-0.038,0.012,-0.011
-0.012,-0.116,-0.037,0.012,-0.012
-0.014,-0.113,-0.036,0.012,-0.014
-0.017,-0.11,-0.035,0.012,-0.017
-0.019,-0.107,-0.034,0.012,-0.019
-0.021,-0.104,-0.033,0.012,-0.021
-0.023,-0.102,-0.031,0.012,-0.023
-0.025,-0.099,-0.03,0.012,-0.025
-0.027,-0.097,-0.028,0.012,-0.027
-0.029,-0.095,-0.027,0.012,-0.029
-0.031,-0.093,-0.025,0.012,-0.031
-0.032,-0.091,-0.024,0.012,-0.032
-0.034,-0.089,-0.022,0.012,-0.034
-0.035,-0.087,-0.021,0.012,-0.035
-0.036,-0.086,-0.019,0.012,-0.036
-0.036,-0.085,-0.018,0.012,-0.036
-0.036,-0.083,-0.017,0.012,-0.036
-0.036,-0.082,-0.016,0.012,-0.036
-0.036,-0.081,-0.014,0.012,-0.036
-0.035,-0.081,-0.013,0.012,-0.035
-0.034,-0.08,-0.013,0.013,-0.034
-0.033,-0.079,-0.012,0.013,-0.033
-0.032,-0.078,-0.011,0.013,-0.032
-0.03,-0.078,-0.011,0.013,-0.03
-0.028,-0.077,-0.01,0.014,-0.028
-0.026,-0.077,-0.01,0.014,-0.026
-0.024,-0.076,-0.01,0.014,-0.024
-0.022,-0.075,-0.01,0.015,-0.022
-0.02,-0.075,-0.01,0.015,-0.02
-0.017,-0.074,-0.011,0.015,-0.017
-0.015,-0.073,-0.011,0.016,-0.015
-0.013,-0.073,-0.011,0.016,-0.013
-0.011,-0.072,-0.012,0.016,-0.011
-0.009,-0.071,-0.012,0.017,-0.009
-0.007,-0.071,-0.012,0.017,-0.007
-0.005,-0.07,-0.013,0.017,-0.005
-0.003,-0.069,-0.013,0.018,-0.003
-0.002,-0.069,-0.013,0.018,-0.002
-0.001,-0.068,-0.013,0.018,-0.001
0,-0.068,-0.013,0.018,0
0,-0.067,-0.013,0.018,0
0,-0.067,-0.013,0.018,0
0,-0.067,-0.013,0.018,0
0,-0.067,-0.012,0.018,0
0,-0.067,-0.012,0.018,0
-0.001,-0.067,-0.011,0.017,-0.001
-0.002,-0.067,-0.01,0.017,-0.002
-0.003,-0.067,-0.01,0.017,-0.003
-0.004,-0.067,-0.009,0.017,-0.004
-0.006,-0.067,-0.008,0.016,-0.006
-0.007,-0.068,-0.007,0.016,-0.007
-0.008,-0.068,-0.006,0.016,-0.008
-0.01,-0.069,-0.005,0.015,-0.01
-0.011,-0.069,-0.005,0.015,-0.011
-0.012,-0.069,-0.004,0.015,-0.012
-0.013,-0.07,-0.003,0.014,-0.013
-0.014,-0.07,-0.003,0.014,-0.014
-0.015,-0.071,-0.002,0.014,-0.015
-0.016,-0.071,-0.002,0.014,-0.016
-0.016,-0.071,-0.002,0.013,-0.016
-0.016,-0.072,-0.002,0.013,-0.016
-0.016,-0.072,-0.003,0.013,-0.016
-0.016,-0.073,-0.003,0.014,-0.016
-0.015,-0.073,-0.004,0.014,-0.015
-0.014,-0.073,-0.004,0.014,-0.014
-0.013,-0.074,-0.005,0.014,-0.013
-0.012,-0.074,-0.006,0.015,-0.012
-0.011,-0.074,-0.007,0.016,-0.011
-0.009,-0.075,-0.009,0.016,-0.009
-0.008,-0.075,-0.01,0.017,-0.008
-0.006,-0.076,-0.011,0.018,-0.006
-0.005,-0.076,-0.013,0.019,-0.005
-0.003,-0.076,-0.014,0.02,-0.003
-0.002,-0.077,-0.016,0.021,-0.002
-0.001,-0.077,-0.017,0.022,-0.001
0,-0.078,-0.019,0.024,0
0.001,-0.078,-0.02,0.025,0.001
0.002,-0.079,-0.021,0.026,0.002
0.002,-0.079,-0.022,0.028,0.002
0.003,-0.08,-0.024,0.029,0.003
0.003,-0.08,-0.025,0.03,0.003
0.002,-0.08,-0.026,0.031,0.002
0.002,-0.081,-0.027,0.033,0.002
0.001,-0.081,-0.027,0.034,0.001
0,-0.081,-0.028,0.035,0
-0.001,-0.081,-0.029,0.035,-0.001
-0.002,-0.081,-0.029,0.036,-0.002
-0.004,-0.081,-0.029,0.037,-0.004
-0.005,-0.081,-0.03,0.037,-0.005
-0.007,-0.081,-0.03,0.038,-0.007
-0.008,-0.081,-0.03,0.038,-0.008
-0.01,-0.081,-0.03,0.038,-0.01
-0.011,-0.081,-0.03,0.038,-0.011
-0.013,-0.08,-0.03,0.038,-0.013
-0.014,-0.08,-0.03,0.037,-0.014
-0.016,-0.08,-0.029,0.037,-0.016
-0.017,-0.079,-0.029,0.036,-0.017
-0.018,-0.079,-0.028,0.036,-0.018
-0.018,-0.079,-0.028,0.035,-0.018
-0.019,-0.078,-0.027,0.034,-0.019
-0.02,-0.078,-0.027,0.034,-0.02
-0.02,-0.077,-0.026,0.033,-0.02
-0.02,-0.077,-0.026,0.032,-0.02
-0.02,-0.077,-0.025,0.031,-0.02
-0.02,-0.076,-0.024,0.03,-0.02
-0.019,-0.076,-0.023,0.029,-0.019
-0.019,-0.075,-0.023,0.029,-0.019
-0.018,-0.075,-0.022,0.028,-0.018
-0.017,-0.074,-0.021,0.027,-0.017
-0.017,-0.074,-0.02,0.027,-0.017
-0.016,-0.073,-0.02,0.026,-0.016
-0.015,-0.072,-0.019,0.026,-0.015
-0.015,-0.072,-0.018,0.026,-0.015
-0.014,-0.071,-0.018,0.026,-0.014
-0.014,-0.07,-0.017,0.026,-0.014
-0.013,-0.069,-0.017,0.026,-0.013
-0.013,-0.068,-0.016,0.026,-0.013
-0.012,-0.067,-0.016,0.026,-0.012
-0.012,-0.066,-0.016,0.026,-0.012
-0.012,-0.065,-0.016,0.027,-0.012
-0.012,-0.064,-0.016,0.027,-0.012
-0.012,-0.063,-0.016,0.028,-0.012
-0.013,-0.061,-0.016,0.029,-0.013
-0.013,-0.06,-0.016,0.029,-0.013
-0.014,-0.059,-0.017,0.03,-0.014
-0.014,-0.058,-0.017,0.031,-0.014
-0.015,-0.056,-0.018,0.032,-0.015
-0.015,-0.055,-0.019,0.032,-0.015
-0.016,-0.053,-0.019,0.033,-0.016
-0.016,-0.052,-0.02,0.034,-0.016
-0.017,-0.051,-0.021,0.035,-0.017
-0.018,-0.049,-0.022,0.035,-0.018
-0.018,-0.048,-0.023,0.036,-0.018
-0.018,-0.047,-0.024,0.036,-0.018
-0.019,-0.046,-0.024,0.036,-0.019
-0.019,-0.044,-0.025,0.037,-0.019
-0.019,-0.043,-0.026,0.037,-0.019
-0.019,-0.042,-0.027,0.037,-0.019
-0.019,-0.041,-0.027,0.036,-0.019
-0.019,-0.04,-0.027,0.036,-0.019
-0.018,-0.04,-0.028,0.036,-0.018
-0.018,-0.039,-0.028,0.035,-0.018
-0.017,-0.038,-0.028,0.035,-0.017
-0.017,-0.038,-0.027,0.034,-0.017
-0.016,-0.037,-0.027,0.033,-0.016
-0.015,-0.037,-0.026,0.032,-0.015
-0.014,-0.037,-0.026,0.031,-0.014
-0.013,-0.037,-0.025,0.03,-0.013
-0.011,-0.036,-0.024,0.029,-0.011
-0.01,-0.037,-0.023,0.028,-0.01
-0.009,-0.037,-0.022,0.027,-0.009
-0.008,-0.037,-0.02,0.026,-0.008
-0.007,-0.037,-0.019,0.025,-0.007
-0.006,-0.038,-0.018,0.024,-0.006
-0.004,-0.038,-0.016,0.023,-0.004
-0.003,-0.038,-0.015,0.021,-0.003
-0.003,-0.039,-0.014,0.02,-0.003
-0.002,-0.039,-0.012,0.019,-0.002
-0.001,-0.04,-0.011,0.018,-0.001
0,-0.04,-0.01,0.018,0
0,-0.041,-0.009,0.017,0
0.001,-0.041,-0.008,0.016,0.001
0.001,-0.041,-0.008,0.015,0.001
0.001,-0.042,-0.007,0.015,0.001
0.001,-0.042,-0.007,0.014,0.001
0.001,-0.042,-0.006,0.013,0.001
0.001,-0.042,-0.006,0.013,0.001
0.001,-0.041,-0.006,0.013,0.001
0,-0.041,-0.006,0.012,0
0,-0.041,-0.007,0.012,0
-0.001,-0.04,-0.007,0.012,-0.001
-0.001,-0.039,-0.007,0.012,-0.001
-0.002,-0.038,-0.008,0.011,-0.002
-0.003,-0.037,-0.008,0.011,-0.003
-0.004,-0.036,-0.008,0.011,-0.004
-0.004,-0.035,-0.009,0.011,-0.004
-0.005,-0.034,-0.009,0.011,-0.005
-0.006,-0.032,-0.009,0.011,-0.006
-0.007,-0.031,-0.01,0.012,-0.007
-0.008,-0.029,-0.01,0.012,-0.008
-0.009,-0.028,-0.01,0.012,-0.009
-0.009,-0.026,-0.009,0.012,-0.009
-0.01,-0.025,-0.009,0.012,-0.01
-0.011,-0.023,-0.008,0.013,-0.011
-0.012,-0.022,-0.008,0.013,-0.012
-0.012,-0.02,-0.007,0.014,-0.012
-0.013,-0.018,-0.006,0.014,-0.013
-0.013,-0.017,-0.005,0.015,-0.013
-0.014,-0.016,-0.004,0.015,-0.014
-0.014,-0.014,-0.003,0.016,-0.014
-0.014,-0.013,-0.001,0.017,-0.014
-0.015,-0.012,0,0.018,-0.015
-0.015,-0.011,0.002,0.019,-0.015
-0.015,-0.01,0.003,0.02,-0.015
-0.015,-0.009,0.004,0.021,-0.015
-0.015,-0.008,0.006,0.022,-0.015
-0.015,-0.007,0.007,0.023,-0.015
-0.014,-0.007,0.008,0.024,-0.014
-0.014,-0.006,0.009,0.025,-0.014
-0.014,-0.006,0.01,0.027,-0.014
-0.013,-0.005,0.011,0.028,-0.013
-0.013,-0.005,0.012,0.029,-0.013
-0.012,-0.005,0.012,0.03,-0.012
-0.012,-0.005,0.013,0.031,-0.012
-0.011,-0.005,0.013,0.032,-0.011
-0.01,-0.005,0.013,0.033,-0.01
-0.009,-0.005,0.013,0.034,-0.009
-0.008,-0.005,0.012,0.035,-0.008
-0.008,-0.005,0.012,0.036,-0.008
-0.007,-0.006,0.011,0.037,-0.007
-0.006,-0.006,0.011,0.037,-0.006
-0.005,-0.006,0.01,0.038,-0.005
-0.004,-0.006,0.009,0.038,-0.004
-0.003,-0.006,0.009,0.038,-0.003
-0.002,-0.007,0.008,0.038,-0.002
-0.001,-0.007,0.007,0.039,-0.001
0,-0.007,0.007,0.039,0
0.001,-0.007,0.006,0.039,0.001
0.002,-0.007,0.005,0.039,0.002
0.003,-0.007,0.005,0.039,0.003
0.004,-0.006,0.005,0.039,0.004
0.005,-0.006,0.005,0.039,0.005
0.006,-0.006,0.005,0.039,0.006
0.007,-0.005,0.005,0.039,0.007
0.008,-0.005,0.006,0.039,0.008
0.009,-0.004,0.007,0.039,0.009
0.01,-0.003,0.008,0.039,0.01
0.011,-0.003,0.009,0.04,0.011
0.012,-0.002,0.01,0.041,0.012
0.013,-0.001,0.012,0.041,0.013
0.014,0,0.014,0.042,0.014
0.015,0.001,0.015,0.043,0.015
0.016,0.002,0.017,0.044,0.016
0.017,0.003,0.02,0.046,0.017
0.019,0.004,0.022,0.047,0.019
0.02,0.005,0.024,0.049,0.02
0.021,0.006,0.027,0.051,0.021
0.023,0.007,0.029,0.053,0.023
0.024,0.007,0.031,0.056,0.024
0.026,0.008,0.034,0.058,0.026
0.027,0.009,0.036,0.06,0.027
0.029,0.01,0.038,0.063,0.029
0.03,0.01,0.04,0.066,0.03
0.032,0.011,0.042,0.069,0.032
0.033,0.012,0.044,0.072,0.033
0.035,0.012,0.046,0.075,0.035
0.036,0.013,0.048,0.078,0.036
0.038,0.014,0.05,0.08,0.038
0.039,0.014,0.051,0.083,0.039
0.04,0.015,0.052,0.086,0.04
0.042,0.016,0.053,0.089,0.042
0.043,0.017,0.054,0.092,0.043
0.044,0.018,0.055,0.095,0.044
0.045,0.019,0.056,0.097,0.045
0.046,0.02,0.057,0.1,0.046
0.047,0.021,0.057,0.102,0.047
0.048,0.023,0.058,0.104,0.048
0.049,0.024,0.059,0.106,0.049
0.05,0.026,0.059,0.108,0.05
0.051,0.027,0.059,0.11,0.051
0.052,0.029,0.06,0.111,0.052
0.053,0.031,0.06,0.112,0.053
0.053,0.033,0.061,0.114,0.053
0.054,0.035,0.061,0.115,0.054
0.055,0.037,0.062,0.115,0.055
0.056,0.039,0.062,0.116,0.056
0.057,0.041,0.063,0.117,0.057
0.058,0.042,0.064,0.117,0.058
0.059,0.044,0.065,0.118,0.059
0.06,0.046,0.065,0.118,0.06
0.061,0.048,0.066,0.119,0.061
0.062,0.05,0.067,0.119,0.062
0.064,0.052,0.068,0.119,0.064
0.065,0.053,0.069,0.119,0.065
0.066,0.055,0.071,0.12,0.066
0.067,0.056,0.072,0.12,0.067
0.069,0.057,0.073,0.121,0.069
0.07,0.058,0.074,0.121,0.07
0.071,0.059,0.076,0.122,0.071
0.072,0.06,0.077,0.122,0.072
0.074,0.06,0.079,0.123,0.074
0.075,0.061,0.08,0.124,0.075
0.076,0.061,0.082,0.125,0.076
0.077,0.061,0.083,0.126,0.077
0.078,0.061,0.085,0.127,0.078
0.078,0.061,0.086,0.128,0.078
0.079,0.061,0.088,0.13,0.079
0.08,0.061,0.09,0.131,0.08
0.08,0.061,0.091,0.132,0.08
0.081,0.061,0.093,0.134,0.081
0.081,0.061,0.094,0.135,0.081
0.081,0.061,0.096,0.137,0.081
0.082,0.061,0.097,0.138,0.082
0.082,0.061,0.099,0.139,0.082
0.082,0.061,0.1,0.141,0.082
0.083,0.061,0.102,0.142,0.083
0.083,0.062,0.103,0.143,0.083
0.084,0.062,0.104,0.144,0.084
0.085,0.063,0.105,0.145,0.085
0.086,0.064,0.107,0.146,0.086
0.087,0.065,0.108,0.147,0.087
0.088,0.066,0.108,0.148,0.088
0.09,0.067,0.109,0.149,0.09
0.092,0.069,0.11,0.149,0.092
0.094,0.07,0.111,0.15,0.094
0.096,0.072,0.111,0.15,0.096
0.098,0.074,0.112,0.151,0.098
0.1,0.076,0.112,0.151,0.1
0.103,0.078,0.113,0.152,0.103
0.106,0.081,0.113,0.152,0.106
0.109,0.083,0.113,0.152,0.109
0.112,0.086,0.113,0.153,0.112
0.115,0.088,0.114,0.153,0.115
0.118,0.09,0.114,0.154,0.118
0.121,0.093,0.114,0.154,0.121
0.124,0.095,0.114,0.155,0.124
0.127,0.097,0.114,0.155,0.127
0.13,0.1,0.114,0.156,0.13
0.132,0.102,0.114,0.156,0.132
0.135,0.104,0.114,0.157,0.135
0.137,0.106,0.114,0.158,0.137
0.14,0.107,0.114,0.158,0.14
0.142,0.109,0.114,0.159,0.142
0.143,0.11,0.114,0.16,0.143
0.145,0.111,0.114,0.161,0.145
0.147,0.112,0.114,0.162,0.147
0.148,0.113,0.114,0.163,0.148
0.149,0.113,0.114,0.164,0.149
0.15,0.114,0.114,0.165,0.15
0.15,0.114,0.115,0.165,0.15
0.151,0.114,0.115,0.166,0.151
0.151,0.114,0.115,0.167,0.151
0.151,0.114,0.115,0.168,0.151
0.151,0.114,0.116,0.169,0.151
0.151,0.113,0.116,0.169,0.151
0.151,0.113,0.116,0.17,0.151
0.151,0.113,0.117,0.17,0.151
0.151,0.112,0.117,0.171,0.151
0.151,0.112,0.118,0.171,0.151
0.151,0.112,0.118,0.171,0.151
0.151,0.112,0.119,0.171,0.151
0.151,0.113,0.12,0.171,0.151
0.151,0.113,0.121,0.171,0.151
0.152,0.113,0.122,0.171,0.152
0.152,0.114,0.122,0.171,0.152
0.153,0.115,0.123,0.171,0.153
0.153,0.116,0.124,0.17,0.153
0.154,0.117,0.125,0.17,0.154
0.155,0.119,0.126,0.17,0.155
0.156,0.121,0.128,0.169,0.156
0.157,0.122,0.129,0.169,0.157
0.159,0.124,0.13,0.168,0.159
0.16,0.126,0.131,0.168,0.16
0.161,0.128,0.132,0.168,0.161
0.163,0.13,0.133,0.167,0.163
0.164,0.132,0.133,0.167,0.164
0.166,0.134,0.134,0.167,0.166
0.167,0.137,0.135,0.167,0.167
0.169,0.138,0.135,0.167,0.169
0.17,0.14,0.136,0.167,0.17
0.171,0.142,0.136,0.167,0.171
0.172,0.144,0.136,0.168,0.172
0.174,0.145,0.136,0.168,0.174
0.175,0.146,0.136,0.169,0.175
0.175,0.147,0.135,0.169,0.175
0.176,0.148,0.135,0.17,0.176
0.177,0.149,0.134,0.171,0.177
0.177,0.149,0.134,0.172,0.177
0.178,0.15,0.133,0.173,0.178
0.178,0.15,0.132,0.174,0.178
0.178,0.149,0.131,0.175,0.178
0.178,0.149,0.13,0.176,0.178
0.177,0.149,0.129,0.177,0.177
0.177,0.148,0.128,0.178,0.177
0.176,0.147,0.127,0.178,0.176
0.176,0.147,0.126,0.179,0.176
0.175,0.146,0.125,0.18,0.175
0.174,0.145,0.124,0.181,0.174
0.174,0.144,0.123,0.181,0.174
0.173,0.144,0.122,0.182,0.173
0.172,0.143,0.122,0.182,0.172
0.171,0.143,0.121,0.182,0.171
0.17,0.142,0.121,0.182,0.17
0.169,0.142,0.12,0.182,0.169
0.168,0.142,0.12,0.182,0.168
0.168,0.141,0.12,0.182,0.168
0.167,0.141,0.12,0.182,0.167
0.166,0.142,0.12,0.181,0.166
0.166,0.142,0.12,0.181,0.166
0.165,0.142,0.121,0.18,0.165
0.165,0.142,0.121,0.179,0.165
0.165,0.143,0.122,0.178,0.165
0.164,0.143,0.123,0.177,0.164
0.164,0.144,0.123,0.176,0.164
0.164,0.144,0.124,0.175,0.164
0.164,0.145,0.125,0.174,0.164
0.164,0.145,0.126,0.173,0.164
0.164,0.145,0.127,0.172,0.164
0.164,0.146,0.128,0.17,0.164
0.164,0.146,0.129,0.169,0.164
0.164,0.146,0.129,0.168,0.164
0.164,0.145,0.13,0.166,0.164
0.164,0.145,0.13,0.165,0.164
0.164,0.144,0.131,0.164,0.164
0.164,0.143,0.131,0.162,0.164
0.164,0.143,0.131,0.161,0.164
0.163,0.141,0.13,0.159,0.163
0.163,0.14,0.13,0.157,0.163
0.162,0.139,0.129,0.156,0.162
0.162,0.137,0.128,0.154,0.162
0.161,0.135,0.127,0.152,0.161
0.16,0.133,0.126,0.15,0.16
0.159,0.131,0.124,0.149,0.159
0.158,0.129,0.122,0.147,0.158
0.157,0.127,0.12,0.145,0.157
0.156,0.125,0.118,0.142,0.156
0.155,0.123,0.115,0.14,0.155
0.154,0.121,0.113,0.138,0.154
0.153,0.119,0.11,0.136,0.153
0.151,0.117,0.107,0.134,0.151
0.15,0.115,0.104,0.131,0.15
0.148,0.113,0.101,0.129,0.148
0.147,0.111,0.098,0.126,0.147
0.146,0.11,0.094,0.124,0.146
0.144,0.108,0.091,0.121,0.144
0.143,0.106,0.088,0.119,0.143
0.141,0.105,0.085,0.116,0.141
0.14,0.103,0.081,0.114,0.14
0.138,0.102,0.078,0.111,0.138
0.136,0.1,0.075,0.109,0.136
0.135,0.099,0.072,0.106,0.135
0.133,0.097,0.069,0.103,0.133
0.131,0.096,0.066,0.101,0.131
0.129,0.095,0.063,0.098,0.129
0.127,0.093,0.061,0.096,0.127
0.125,0.091,0.058,0.094,0.125
0.123,0.09,0.056,0.091,0.123
0.121,0.088,0.054,0.089,0.121
0.119,0.086,0.052,0.086,0.119
0.116,0.084,0.05,0.084,0.116
0.114,0.082,0.048,0.082,0.114
0.111,0.079,0.046,0.08,0.111
0.109,0.077,0.045,0.077,0.109
0.106,0.074,0.043,0.075,0.106
0.104,0.072,0.042,0.073,0.104
0.101,0.069,0.041,0.071,0.101
0.098,0.066,0.039,0.068,0.098
0.095,0.063,0.038,0.066,0.095
0.093,0.06,0.037,0.064,0.093
0.09,0.057,0.036,0.062,0.09
0.087,0.054,0.035,0.06,0.087
0.084,0.051,0.034,0.057,0.084
0.082,0.048,0.033,0.055,0.082
0.079,0.046,0.032,0.053,0.079
0.077,0.043,0.03,0.051,0.077
0.074,0.041,0.029,0.049,0.074
0.072,0.038,0.028,0.046,0.072
0.069,0.036,0.026,0.044,0.069
0.067,0.034,0.025,0.042,0.067
0.065,0.033,0.023,0.04,0.065
0.063,0.031,0.022,0.038,0.063
0.06,0.03,0.02,0.036,0.06
0.058,0.029,0.018,0.034,0.058
0.056,0.029,0.016,0.032,0.056
0.054,0.028,0.014,0.031,0.054
0.052,0.028,0.012,0.029,0.052
0.051,0.028,0.009,0.027,0.051
0.049,0.028,0.007,0.026,0.049
0.047,0.028,0.005,0.024,0.047
0.045,0.028,0.003,0.023,0.045
0.043,0.028,0,0.021,0.043
0.042,0.029,-0.002,0.02,0.042
0.04,0.029,-0.004,0.019,0.04
0.038,0.029,-0.006,0.018,0.038
0.037,0.029,-0.008,0.016,0.037
0.035,0.029,-0.01,0.015,0.035
0.034,0.029,-0.011,0.014,0.034
0.032,0.029,-0.013,0.013,0.032
0.031,0.029,-0.014,0.011,0.031
0.029,0.028,-0.016,0.01,0.029
0.028,0.027,-0.017,0.009,0.028
0.027,0.027,-0.018,0.007,0.027
0.026,0.026,-0.019,0.006,0.026
0.025,0.024,-0.02,0.004,0.025
0.023,0.023,-0.02,0.003,0.023
0.022,0.021,-0.021,0.001,0.022
0.022,0.02,-0.022,-0.001,0.022
0.021,0.018,-0.022,-0.003,0.021
0.02,0.016,-0.023,-0.005,0.02
0.019,0.014,-0.023,-0.007,0.019
0.018,0.012,-0.023,-0.009,0.018
0.018,0.01,-0.024,-0.011,0.018
0.017,0.008,-0.024,-0.013,0.017
0.016,0.006,-0.025,-0.015,0.016
0.015,0.004,-0.025,-0.017,0.015
0.014,0.002,-0.026,-0.02,0.014
0.013,0,-0.026,-0.022,0.013
0.012,-0.002,-0.027,-0.024,0.012
0.011,-0.004,-0.028,-0.026,0.011
0.01,-0.005,-0.029,-0.028,0.01
0.008,-0.007,-0.03,-0.03,0.008
0.007,-0.009,-0.031,-0.032,0.007
0.005,-0.01,-0.032,-0.034,0.005
0.003,-0.012,-0.034,-0.036,0.003
0.001,-0.013,-0.035,-0.038,0.001
-0.001,-0.014,-0.037,-0.04,-0.001
-0.003,-0.016,-0.038,-0.041,-0.003
-0.005,-0.017,-0.04,-0.043,-0.005
-0.008,-0.018,-0.042,-0.044,-0.008
-0.01,-0.019,-0.044,-0.046,-0.01
-0.013,-0.02,-0.046,-0.047,-0.013
-0.016,-0.021,-0.048,-0.048,-0.016
-0.018,-0.022,-0.05,-0.05,-0.018
-0.021,-0.024,-0.052,-0.051,-0.021
-0.023,-0.025,-0.054,-0.052,-0.023
-0.026,-0.026,-0.056,-0.053,-0.026
-0.028,-0.027,-0.057,-0.054,-0.028
-0.03,-0.028,-0.059,-0.055,-0.03
-0.032,-0.029,-0.061,-0.056,-0.032
-0.034,-0.03,-0.063,-0.057,-0.034
-0.036,-0.03,-0.065,-0.058,-0.036
-0.038,-0.031,-0.066,-0.059,-0.038
-0.039,-0.032,-0.068,-0.06,-0.039
-0.04,-0.033,-0.069,-0.06,-0.04
-0.041,-0.034,-0.07,-0.061,-0.041
-0.042,-0.034,-0.071,-0.062,-0.042
-0.043,-0.035,-0.072,-0.063,-0.043
-0.043,-0.035,-0.073,-0.064,-0.043
-0.044,-0.036,-0.074,-0.064,-0.044
-0.044,-0.036,-0.074,-0.065,-0.044
-0.044,-0.036,-0.074,-0.066,-0.044
-0.044,-0.036,-0.074,-0.067,-0.044
-0.044,-0.036,-0.075,-0.068,-0.044
-0.044,-0.036,-0.074,-0.069,-0.044
-0.044,-0.036,-0.074,-0.069,-0.044
-0.045,-0.036,-0.074,-0.07,-0.045
-0.045,-0.035,-0.074,-0.071,-0.045
-0.045,-0.035,-0.073,-0.072,-0.045
-0.046,-0.034,-0.073,-0.073,-0.046
-0.046,-0.034,-0.072,-0.074,-0.046
-0.047,-0.033,-0.071,-0.075,-0.047
-0.048,-0.032,-0.071,-0.075,-0.048
-0.048,-0.032,-0.07,-0.076,-0.048
-0.049,-0.031,-0.07,-0.077,-0.049
-0.051,-0.03,-0.069,-0.078,-0.051
-0.052,-0.029,-0.068,-0.079,-0.052
-0.053,-0.029,-0.068,-0.079,-0.053
-0.055,-0.028,-0.067,-0.08,-0.055
-0.056,-0.027,-0.067,-0.081,-0.056
-0.057,-0.027,-0.066,-0.081,-0.057
-0.059,-0.026,-0.066,-0.082,-0.059
-0.06,-0.026,-0.066,-0.083,-0.06
-0.061,-0.026,-0.065,-0.083,-0.061
-0.063,-0.025,-0.065,-0.084,-0.063
-0.064,-0.025,-0.065,-0.084,-0.064
-0.065,-0.025,-0.064,-0.084,-0.065
-0.066,-0.025,-0.064,-0.085,-0.066
-0.067,-0.025,-0.064,-0.085,-0.067
-0.067,-0.025,-0.063,-0.085,-0.067
-0.068,-0.026,-0.063,-0.085,-0.068
-0.068,-0.026,-0.063,-0.085,-0.068
-0.068,-0.026,-0.062,-0.086,-0.068
-0.068,-0.027,-0.062,-0.086,-0.068
-0.068,-0.027,-0.062,-0.086,-0.068
-0.068,-0.027,-0.061,-0.086,-0.068
-0.067,-0.028,-0.061,-0.087,-0.067
-0.067,-0.029,-0.06,-0.087,-0.067
-0.066,-0.029,-0.06,-0.087,-0.066
-0.065,-0.03,-0.059,-0.088,-0.065
-0.064,-0.03,-0.059,-0.088,-0.064
-0.063,-0.031,-0.059,-0.089,-0.063
-0.063,-0.031,-0.058,-0.089,-0.063
-0.062,-0.032,-0.058,-0.09,-0.062
-0.061,-0.033,-0.057,-0.09,-0.061
-0.06,-0.033,-0.057,-0.091,-0.06
-0.059,-0.034,-0.056,-0.092,-0.059
-0.059,-0.034,-0.056,-0.093,-0.059
-0.058,-0.034,-0.056,-0.093,-0.058
-0.058,-0.035,-0.055,-0.094,-0.058
-0.058,-0.035,-0.055,-0.095,-0.058
-0.057,-0.035,-0.054,-0.096,-0.057
-0.057,-0.036,-0.054,-0.097,-0.057
-0.058,-0.036,-0.054,-0.097,-0.058
-0.058,-0.036,-0.053,-0.098,-0.058
-0.058,-0.036,-0.053,-0.099,-0.058
-0.059,-0.036,-0.053,-0.1,-0.059
-0.06,-0.036,-0.053,-0.101,-0.06
-0.06,-0.036,-0.052,-0.102,-0.06
-0.061,-0.036,-0.052,-0.103,-0.061
-0.063,-0.037,-0.052,-0.104,-0.063
-0.064,-0.037,-0.052,-0.106,-0.064
-0.065,-0.037,-0.051,-0.107,-0.065
-0.066,-0.037,-0.051,-0.108,-0.066
-0.068,-0.037,-0.051,-0.109,-0.068
-0.069,-0.037,-0.051,-0.111,-0.069
-0.07,-0.037,-0.051,-0.112,-0.07
-0.072,-0.038,-0.051,-0.113,-0.072
-0.073,-0.038,-0.051,-0.115,-0.073
-0.074,-0.038,-0.051,-0.116,-0.074
-0.076,-0.038,-0.051,-0.117,-0.076
-0.077,-0.039,-0.051,-0.119,-0.077
-0.077,-0.039,-0.051,-0.12,-0.077
-0.078,-0.039,-0.051,-0.121,-0.078
-0.079,-0.04,-0.051,-0.122,-0.079
-0.079,-0.04,-0.052,-0.124,-0.079
-0.08,-0.04,-0.052,-0.125,-0.08
-0.08,-0.041,-0.052,-0.126,-0.08
-0.08,-0.041,-0.052,-0.127,-0.08
-0.08,-0.041,-0.052,-0.128,-0.08
-0.079,-0.041,-0.053,-0.128,-0.079
-0.079,-0.042,-0.053,-0.129,-0.079
-0.078,-0.042,-0.053,-0.13,-0.078
-0.077,-0.042,-0.053,-0.131,-0.077
-0.077,-0.042,-0.054,-0.131,-0.077
-0.076,-0.042,-0.054,-0.132,-0.076
-0.075,-0.042,-0.054,-0.132,-0.075
-0.074,-0.043,-0.054,-0.133,-0.074
-0.073,-0.043,-0.054,-0.134,-0.073
-0.072,-0.042,-0.054,-0.134,-0.072
-0.07,-0.042,-0.054,-0.135,-0.07
-0.069,-0.042,-0.054,-0.136,-0.069
-0.069,-0.042,-0.053,-0.136,-0.069
-0.068,-0.042,-0.053,-0.137,-0.068
-0.067,-0.042,-0.053,-0.138,-0.067
-0.066,-0.041,-0.053,-0.139,-0.066
-0.066,-0.041,-0.052,-0.141,-0.066
-0.065,-0.04,-0.052,-0.142,-0.065
-0.065,-0.04,-0.052,-0.144,-0.065
-0.065,-0.039,-0.052,-0.145,-0.065
-0.065,-0.039,-0.051,-0.147,-0.065
-0.065,-0.038,-0.051,-0.149,-0.065
-0.066,-0.038,-0.051,-0.15,-0.066
-0.066,-0.037,-0.051,-0.152,-0.066
-0.067,-0.036,-0.051,-0.154,-0.067
-0.067,-0.036,-0.05,-0.156,-0.067
-0.068,-0.035,-0.05,-0.158,-0.068
-0.069,-0.034,-0.05,-0.16,-0.069
-0.07,-0.034,-0.05,-0.162,-0.07
-0.07,-0.033,-0.05,-0.164,-0.07
-0.071,-0.032,-0.051,-0.166,-0.071
-0.072,-0.032,-0.051,-0.168,-0.072
-0.073,-0.031,-0.051,-0.169,-0.073
-0.074,-0.031,-0.051,-0.171,-0.074
-0.075,-0.031,-0.051,-0.172,-0.075
-0.076,-0.03,-0.051,-0.173,-0.076
-0.077,-0.03,-0.051,-0.174,-0.077
-0.077,-0.03,-0.051,-0.175,-0.077
-0.078,-0.03,-0.051,-0.176,-0.078
-0.079,-0.03,-0.051,-0.176,-0.079
-0.079,-0.03,-0.051,-0.176,-0.079
-0.08,-0.03,-0.051,-0.177,-0.08
-0.08,-0.03,-0.051,-0.177,-0.08
-0.08,-0.03,-0.05,-0.176,-0.08
-0.081,-0.03,-0.05,-0.176,-0.081
-0.081,-0.03,-0.049,-0.176,-0.081
-0.081,-0.03,-0.049,-0.175,-0.081
-0.081,-0.03,-0.048,-0.175,-0.081
-0.081,-0.03,-0.047,-0.174,-0.081
-0.08,-0.031,-0.046,-0.174,-0.08
-0.08,-0.031,-0.045,-0.173,-0.08
-0.08,-0.031,-0.044,-0.172,-0.08
-0.079,-0.031,-0.043,-0.172,-0.079
-0.079,-0.031,-0.042,-0.171,-0.079
-0.078,-0.03,-0.04,-0.17,-0.078
-0.078,-0.03,-0.039,-0.17,-0.078
-0.077,-0.03,-0.037,-0.169,-0.077
-0.077,-0.03,-0.036,-0.168,-0.077
-0.076,-0.029,-0.034,-0.168,-0.076
-0.076,-0.029,-0.033,-0.167,-0.076
-0.075,-0.029,-0.031,-0.167,-0.075
-0.075,-0.028,-0.03,-0.166,-0.075
-0.074,-0.028,-0.028,-0.166,-0.074
-0.074,-0.027,-0.027,-0.165,-0.074
-0.073,-0.026,-0.026,-0.165,-0.073
-0.073,-0.026,-0.024,-0.164,-0.073
-0.073,-0.025,-0.023,-0.164,-0.073
-0.072,-0.024,-0.022,-0.163,-0.072
-0.072,-0.024,-0.021,-0.162,-0.072
-0.072,-0.023,-0.02,-0.162,-0.072
-0.072,-0.022,-0.019,-0.161,-0.072
-0.072,-0.021,-0.018,-0.16,-0.072
-0.072,-0.021,-0.018,-0.159,-0.072
-0.072,-0.02,-0.017,-0.157,-0.072
-0.072,-0.019,-0.017,-0.156,-0.072
-0.072,-0.018,-0.017,-0.154,-0.072
-0.072,-0.017,-0.017,-0.152,-0.072
-0.072,-0.017,-0.017,-0.15,-0.072
-0.072,-0.016,-0.017,-0.148,-0.072
-0.072,-0.015,-0.017,-0.145,-0.072
-0.072,-0.014,-0.017,-0.143,-0.072
-0.072,-0.014,-0.017,-0.14,-0.072
-0.072,-0.013,-0.018,-0.137,-0.072
-0.072,-0.012,-0.018,-0.134,-0.072
-0.072,-0.011,-0.019,-0.131,-0.072
-0.072,-0.01,-0.02,-0.127,-0.072
-0.072,-0.01,-0.02,-0.124,-0.072
-0.072,-0.009,-0.021,-0.12,-0.072
-0.072,-0.008,-0.021,-0.117,-0.072
-0.071,-0.007,-0.022,-0.113,-0.071
-0.071,-0.006,-0.023,-0.11,-0.071
-0.071,-0.006,-0.023,-0.107,-0.071
-0.071,-0.005,-0.024,-0.104,-0.071
-0.07,-0.004,-0.025,-0.101,-0.07
-0.07,-0.003,-0.025,-0.099,-0.07
-0.07,-0.002,-0.026,-0.096,-0.07
-0.07,-0.001,-0.026,-0.094,-0.07
-0.069,0,-0.027,-0.092,-0.069
-0.069,0.001,-0.027,-0.091,-0.069
-0.069,0.001,-0.027,-0.09,-0.069
-0.069,0.002,-0.028,-0.089,-0.069
-0.069,0.003,-0.028,-0.088,-0.069
-0.068,0.004,-0.028,-0.088,-0.068
-0.068,0.005,-0.029,-0.087,-0.068
-0.068,0.005,-0.029,-0.087,-0.068
-0.068,0.006,-0.029,-0.088,-0.068
-0.069,0.007,-0.029,-0.088,-0.069
-0.069,0.007,-0.029,-0.088,-0.069
-0.069,0.008,-0.029,-0.089,-0.069
-0.069,0.008,-0.029,-0.09,-0.069
-0.069,0.008,-0.029,-0.09,-0.069
-0.07,0.008,-0.029,-0.091,-0.07
-0.07,0.008,-0.029,-0.091,-0.07
-0.07,0.008,-0.029,-0.092,-0.07
-0.071,0.008,-0.028,-0.092,-0.071
-0.071,0.008,-0.028,-0.092,-0.071
-0.071,0.008,-0.028,-0.092,-0.071
-0.072,0.008,-0.028,-0.092,-0.072
-0.072,0.007,-0.027,-0.092,-0.072
-0.073,0.007,-0.027,-0.092,-0.073
-0.073,0.006,-0.026,-0.091,-0.073
-0.074,0.006,-0.026,-0.09,-0.074
-0.074,0.005,-0.025,-0.09,-0.074
-0.075,0.004,-0.025,-0.089,-0.075
-0.076,0.004,-0.025,-0.087,-0.076
-0.076,0.003,-0.024,-0.086,-0.076
-0.077,0.002,-0.024,-0.085,-0.077
-0.077,0.002,-0.023,-0.084,-0.077
-0.077,0.001,-0.023,-0.082,-0.077
-0.078,0,-0.022,-0.081,-0.078
-0.078,0,-0.022,-0.08,-0.078
-0.079,-0.001,-0.022,-0.079,-0.079
-0.079,-0.002,-0.021,-0.077,-0.079
-0.079,-0.002,-0.021,-0.076,-0.079
-0.079,-0.003,-0.021,-0.075,-0.079
-0.079,-0.003,-0.021,-0.074,-0.079
-0.079,-0.003,-0.021,-0.074,-0.079
-0.079,-0.003,-0.021,-0.073,-0.079
