-0.056,0,0
-0.056,-0.003,-0.003
-0.055,-0.003,-0.003
-0.055,-0.003,-0.003
-0.055,-0.002,-0.002
-0.055,-0.002,-0.002
-0.055,-0.002,-0.002
-0.054,-0.001,-0.001
-0.054,-0.001,-0.001
-0.054,-0.001,-0.001
-0.054,0,0
-0.054,0,0
-0.053,0,0
-0.053,0.001,0.001
-0.053,0.001,0.001
-0.053,0.001,0.001
-0.053,0.001,0.001
-0.053,0.002,0.002
-0.053,0.002,0.002
-0.053,0.002,0.002
-0.053,0.003,0.003
-0.054,0.003,0.003
-0.054,0.003,0.003
-0.054,0.003,0.003
-0.054,0.004,0.004
-0.055,0.004,0.004
-0.055,0.004,0.004
-0.055,0.004,0.004
-0.056,0.004,0.004
-0.056,0.005,0.005
-0.057,0.005,0.005
-0.057,0.005,0.005
-0.057,0.005,0.005
-0.058,0.006,0.006
-0.058,0.006,0.006
-0.058,0.006,0.006
-0.059,0.006,0.006
-0.059,0.007,0.007
-0.059,0.007,0.007
-0.059,0.007,0.007
-0.059,0.008,0.008
-0.059,0.008,0.008
-0.059,0.008,0.008
-0.059,0.009,0.009
-0.059,0.009,0.009
-0.059,0.009,0.009
-0.058,0.01,0.01
-0.058,0.01,0.01
-0.058,0.01,0.01
-0.057,0.011,0.011
-0.057,0.011,0.011
-0.057,0.011,0.011
-0.056,0.012,0.012
-0.056,0.012,0.012
-0.055,0.012,0.012
-0.055,0.012,0.012
-0.055,0.013,0.013
-0.054,0.013,0.013
-0.054,0.013,0.013
-0.054,0.013,0.013
-0.053,0.013,0.013
-0.053,0.013,0.013
-0.053,0.013,0.013
-0.053,0.013,0.013
-0.052,0.013,0.013
-0.052,0.013,0.013
-0.052,0.013,0.013
-0.052,0.013,0.013
-0.052,0.013,0.013
-0.052,0.013,0.013
-0.052,0.012,0.012
-0.052,0.012,0.012
-0.053,0.012,0.012
-0.053,0.011,0.011
-0.053,0.011,0.011
-0.053,0.011,0.011
-0.053,0.01,0.01
-0.053,0.01,0.01
-0.054,0.01,0.01
-0.054,0.009,0.009
-0.054,0.009,0.009
-0.054,0.009,0.009
-0.054,0.008,0.008
-0.054,0.008,0.008
-0.054,0.008,0.008
-0.054,0.007,0.007
-0.054,0.007,0.007
-0.054,0.007,0.007
-0.054,0.007,0.007
-0.054,0.006,0.006
-0.054,0.006,0.006
-0.054,0.006,0.006
-0.053,0.006,0.006
-0.053,0.006,0.006
-0.053,0.006,0.006
-0.053,0.006,0.006
-0.052,0.006,0.006
-0.052,0.007,0.007
-0.051,0.007,0.007
-0.051,0.007,0.007
-0.051,0.007,0.007
-0.05,0.007,0.007
-0.05,0.008,0.008
-0.05,0.008,0.008
-0.049,0.008,0.008
-0.049,0.009,0.009
-0.049,0.009,0.009
-0.049,0.009,0.009
-0.048,0.01,0.01
-0.048,0.01,0.01
-0.048,0.01,0.01
-0.048,0.011,0.011
-0.048,0.011,0.011
-0.048,0.011,0.011
-0.048,0.011,0.011
-0.048,0.012,0.012
-0.048,0.012,0.012
-0.048,0.012,0.012
-0.048,0.012,0.012
-0.049,0.012,0.012
-0.049,0.012,0.012
-0.049,0.012,0.012
-0.049,0.012,0.012
-0.049,0.012,0.012
-0.05,0.013,0.013
-0.05,0.012,0.012
-0.05,0.012,0.012
-0.05,0.012,0.012
-0.051,0.012,0.012
-0.051,0.012,0.012
-0.051,0.012,0.012
-0.051,0.012,0.012
-0.051,0.012,0.012
-0.052,0.012,0.012
-0.052,0.013,0.013
-0.052,0.013,0.013
-0.052,0.013,0.013
-0.052,0.013,0.013
-0.052,0.013,0.013
-0.052,0.014,0.014
-0.053,0.014,0.014
-0.053,0.014,0.014
-0.053,0.014,0.014
-0.053,0.015,0.015
-0.053,0.015,0.015
-0.054,0.016,0.016
-0.054,0.016,0.016
-0.054,0.017,0.017
-0.054,0.017,0.017
-0.055,0.017,0.017
-0.055,0.018,0.018
-0.055,0.018,0.018
-0.055,0.018,0.018
-0.055,0.019,0.019
-0.056,0.019,0.019
-0.056,0.019,0.019
-0.056,0.019,0.019
-0.056,0.02,0.02
-0.056,0.02,0.02
-0.056,0.02,0.02
-0.056,0.02,0.02
-0.056,0.019,0.019
-0.056,0.019,0.019
-0.056,0.019,0.019
-0.056,0.019,0.019
-0.056,0.018,0.018
-0.055,0.018,0.018
-0.055,0.018,0.018
-0.055,0.017,0.017
-0.054,0.017,0.017
-0.054,0.016,0.016
-0.053,0.016,0.016
-0.053,0.015,0.015
-0.052,0.015,0.015
-0.051,0.014,0.014
-0.051,0.013,0.013
-0.05,0.013,0.013
-0.049,0.012,0.012
-0.048,0.012,0.012
-0.048,0.012,0.012
-0.047,0.011,0.011
-0.046,0.011,0.011
-0.046,0.01,0.01
-0.045,0.01,0.01
-0.044,0.01,0.01
-0.044,0.009,0.009
-0.043,0.009,0.009
-0.043,0.009,0.009
-0.042,0.009,0.009
-0.042,0.008,0.008
-0.042,0.008,0.008
-0.041,0.008,0.008
-0.041,0.008,0.008
-0.041,0.008,0.008
-0.041,0.008,0.008
-0.041,0.008,0.008
-0.041,0.008,0.008
-0.041,0.008,0.008
-0.041,0.008,0.008
-0.041,0.008,0.008
-0.041,0.008,0.008
-0.041,0.008,0.008
-0.041,0.008,0.008
-0.041,0.008,0.008
-0.041,0.008,0.008
-0.041,0.008,0.008
-0.041,0.008,0.008
-0.041,0.008,0.008
-0.041,0.008,0.008
-0.041,0.008,0.008
-0.042,0.008,0.008
-0.042,0.008,0.008
-0.042,0.008,0.008
-0.042,0.008,0.008
-0.042,0.008,0.008
-0.042,0.008,0.008
-0.042,0.008,0.008
-0.042,0.008,0.008
-0.042,0.008,0.008
-0.042,0.008,0.008
-0.041,0.008,0.008
-0.041,0.008,0.008
-0.041,0.007,0.007
-0.041,0.007,0.007
-0.04,0.007,0.007
-0.04,0.007,0.007
-0.04,0.006,0.006
-0.04,0.006,0.006
-0.039,0.006,0.006
-0.039,0.005,0.005
-0.039,0.005,0.005
-0.038,0.004,0.004
-0.038,0.004,0.004
-0.038,0.003,0.003
-0.037,0.003,0.003
-0.037,0.002,0.002
-0.037,0.001,0.001
-0.037,0.001,0.001
-0.037,0,0
-0.037,0,0
-0.037,-0.001,-0.001
-0.037,-0.001,-0.001
-0.037,-0.002,-0.002
-0.037,-0.002,-0.002
-0.037,-0.003,-0.003
-0.037,-0.003,-0.003
-0.037,-0.003,-0.003
-0.037,-0.004,-0.004
-0.037,-0.004,-0.004
-0.038,-0.004,-0.004
-0.038,-0.004,-0.004
-0.038,-0.004,-0.004
-0.038,-0.004,-0.004
-0.038,-0.003,-0.003
-0.039,-0.003,-0.003
-0.039,-0.003,-0.003
-0.039,-0.002,-0.002
-0.039,-0.002,-0.002
-0.039,-0.001,-0.001
-0.039,-0.001,-0.001
-0.039,0,0
-0.038,0,0
-0.038,0.001,0.001
-0.038,0.001,0.001
-0.038,0.002,0.002
-0.037,0.003,0.003
-0.037,0.003,0.003
-0.036,0.004,0.004
-0.036,0.004,0.004
-0.035,0.005,0.005
-0.035,0.005,0.005
-0.034,0.006,0.006
-0.034,0.006,0.006
-0.033,0.006,0.006
-0.032,0.006,0.006
-0.032,0.007,0.007
-0.031,0.007,0.007
-0.031,0.007,0.007
-0.03,0.007,0.007
-0.029,0.007,0.007
-0.029,0.006,0.006
-0.028,0.006,0.006
-0.028,0.006,0.006
-0.027,0.006,0.006
-0.027,0.005,0.005
-0.026,0.005,0.005
-0.026,0.004,0.004
-0.026,0.004,0.004
-0.025,0.003,0.003
-0.025,0.003,0.003
-0.025,0.002,0.002
-0.025,0.002,0.002
-0.025,0.001,0.001
-0.025,0.001,0.001
-0.025,0,0
-0.025,0,0
-0.025,0,0
-0.026,-0.001,-0.001
-0.026,-0.001,-0.001
-0.027,-0.001,-0.001
-0.027,-0.002,-0.002
-0.028,-0.002,-0.002
-0.028,-0.002,-0.002
-0.029,-0.002,-0.002
-0.03,-0.002,-0.002
-0.031,-0.002,-0.002
-0.031,-0.002,-0.002
-0.032,-0.002,-0.002
-0.033,-0.002,-0.002
-0.034,-0.002,-0.002
-0.035,-0.002,-0.002
-0.036,-0.002,-0.002
-0.037,-0.001,-0.001
-0.037,-0.001,-0.001
-0.038,-0.001,-0.001
-0.039,-0.001,-0.001
-0.04,-0.001,-0.001
-0.041,-0.001,-0.001
-0.041,-0.001,-0.001
-0.042,-0.001,-0.001
-0.042,-0.001,-0.001
-0.043,-0.001,-0.001
-0.043,-0.001,-0.001
-0.043,-0.001,-0.001
-0.043,-0.001,-0.001
-0.043,-0.001,-0.001
-0.043,-0.001,-0.001
-0.043,-0.001,-0.001
-0.043,-0.001,-0.001
-0.042,-0.001,-0.001
-0.042,-0.001,-0.001
-0.041,-0.001,-0.001
-0.041,0,0
-0.04,0,0
-0.04,0,0
-0.039,0.001,0.001
-0.038,0.001,0.001
-0.037,0.002,0.002
-0.037,0.002,0.002
-0.036,0.003,0.003
-0.035,0.003,0.003
-0.035,0.004,0.004
-0.034,0.005,0.005
-0.034,0.005,0.005
-0.033,0.006,0.006
-0.033,0.007,0.007
-0.032,0.007,0.007
-0.032,0.008,0.008
-0.032,0.009,0.009
-0.031,0.009,0.009
-0.031,0.01,0.01
-0.031,0.011,0.011
-0.031,0.011,0.011
-0.031,0.012,0.012
-0.031,0.012,0.012
-0.031,0.013,0.013
-0.032,0.013,0.013
-0.032,0.014,0.014
-0.032,0.014,0.014
-0.032,0.014,0.014
-0.032,0.015,0.015
-0.032,0.015,0.015
-0.032,0.015,0.015
-0.032,0.015,0.015
-0.032,0.015,0.015
-0.032,0.016,0.016
-0.032,0.016,0.016
-0.031,0.016,0.016
-0.031,0.016,0.016
-0.031,0.016,0.016
-0.03,0.016,0.016
-0.03,0.016,0.016
-0.03,0.016,0.016
-0.029,0.016,0.016
-0.029,0.016,0.016
-0.029,0.016,0.016
-0.028,0.016,0.016
-0.028,0.015,0.015
-0.028,0.015,0.015
-0.027,0.015,0.015
-0.027,0.015,0.015
-0.027,0.015,0.015
-0.026,0.015,0.015
-0.026,0.015,0.015
-0.026,0.015,0.015
-0.026,0.015,0.015
-0.026,0.015,0.015
-0.026,0.015,0.015
-0.026,0.015,0.015
-0.026,0.015,0.015
-0.026,0.015,0.015
-0.026,0.015,0.015
-0.026,0.015,0.015
-0.026,0.015,0.015
-0.026,0.015,0.015
-0.026,0.015,0.015
-0.026,0.015,0.015
-0.027,0.015,0.015
-0.027,0.015,0.015
-0.027,0.015,0.015
-0.027,0.015,0.015
-0.027,0.015,0.015
-0.027,0.015,0.015
-0.026,0.015,0.015
-0.026,0.015,0.015
-0.026,0.015,0.015
-0.026,0.015,0.015
-0.026,0.015,0.015
-0.026,0.016,0.016
-0.025,0.016,0.016
-0.025,0.016,0.016
-0.025,0.016,0.016
-0.025,0.016,0.016
-0.024,0.016,0.016
-0.024,0.016,0.016
-0.024,0.016,0.016
-0.024,0.017,0.017
-0.024,0.017,0.017
-0.024,0.017,0.017
-0.024,0.017,0.017
-0.024,0.017,0.017
-0.024,0.017,0.017
-0.024,0.018,0.018
-0.024,0.018,0.018
-0.024,0.018,0.018
-0.024,0.018,0.018
-0.024,0.018,0.018
-0.024,0.018,0.018
-0.025,0.018,0.018
-0.025,0.018,0.018
-0.025,0.019,0.019
-0.025,0.019,0.019
-0.026,0.019,0.019
-0.026,0.019,0.019
-0.026,0.019,0.019
-0.026,0.019,0.019
-0.026,0.019,0.019
-0.026,0.019,0.019
-0.027,0.019,0.019
-0.027,0.019,0.019
-0.027,0.019,0.019
-0.027,0.019,0.019
-0.027,0.018,0.018
-0.027,0.018,0.018
-0.027,0.018,0.018
-0.027,0.018,0.018
-0.027,0.018,0.018
-0.027,0.019,0.019
-0.026,0.019,0.019
-0.026,0.019,0.019
-0.026,0.019,0.019
-0.026,0.019,0.019
-0.026,0.019,0.019
-0.026,0.019,0.019
-0.026,0.019,0.019
-0.026,0.02,0.02
-0.026,0.02,0.02
-0.026,0.02,0.02
-0.026,0.021,0.021
-0.026,0.021,0.021
-0.026,0.021,0.021
-0.026,0.022,0.022
-0.026,0.022,0.022
-0.026,0.022,0.022
-0.026,0.023,0.023
-0.027,0.023,0.023
-0.027,0.024,0.024
-0.027,0.024,0.024
-0.027,0.024,0.024
-0.027,0.025,0.025
-0.028,0.025,0.025
-0.028,0.026,0.026
-0.028,0.026,0.026
-0.028,0.026,0.026
-0.028,0.026,0.026
-0.028,0.027,0.027
-0.029,0.027,0.027
-0.029,0.027,0.027
-0.029,0.027,0.027
-0.029,0.027,0.027
-0.029,0.027,0.027
-0.029,0.027,0.027
-0.029,0.027,0.027
-0.029,0.027,0.027
-0.029,0.026,0.026
-0.028,0.026,0.026
-0.028,0.026,0.026
-0.028,0.025,0.025
-0.027,0.025,0.025
-0.027,0.025,0.025
-0.027,0.024,0.024
-0.026,0.024,0.024
-0.026,0.023,0.023
-0.025,0.023,0.023
-0.024,0.022,0.022
-0.024,0.022,0.022
-0.023,0.021,0.021
-0.022,0.021,0.021
-0.022,0.021,0.021
-0.021,0.02,0.02
-0.02,0.02,0.02
-0.02,0.019,0.019
-0.019,0.019,0.019
-0.019,0.019,0.019
-0.018,0.018,0.018
-0.018,0.018,0.018
-0.017,0.018,0.018
-0.017,0.018,0.018
-0.016,0.018,0.018
-0.016,0.017,0.017
-0.016,0.017,0.017
-0.016,0.017,0.017
-0.016,0.017,0.017
-0.016,0.017,0.017
-0.016,0.017,0.017
-0.016,0.016,0.016
-0.016,0.016,0.016
-0.017,0.016,0.016
-0.017,0.016,0.016
-0.017,0.016,0.016
-0.018,0.015,0.015
-0.018,0.015,0.015
-0.019,0.015,0.015
-0.02,0.015,0.015
-0.021,0.014,0.014
-0.021,0.014,0.014
-0.022,0.014,0.014
-0.023,0.013,0.013
-0.024,0.013,0.013
-0.025,0.013,0.013
-0.025,0.013,0.013
-0.026,0.012,0.012
-0.027,0.012,0.012
-0.028,0.012,0.012
-0.028,0.012,0.012
-0.029,0.011,0.011
-0.03,0.011,0.011
-0.03,0.011,0.011
-0.03,0.011,0.011
-0.031,0.011,0.011
-0.031,0.011,0.011
-0.031,0.011,0.011
-0.031,0.011,0.011
-0.031,0.011,0.011
-0.031,0.011,0.011
-0.031,0.011,0.011
-0.031,0.011,0.011
-0.031,0.011,0.011
-0.031,0.011,0.011
-0.03,0.011,0.011
-0.03,0.011,0.011
-0.03,0.011,0.011
-0.029,0.011,0.011
-0.029,0.011,0.011
-0.029,0.011,0.011
-0.028,0.011,0.011
-0.028,0.011,0.011
-0.028,0.011,0.011
-0.027,0.011,0.011
-0.027,0.011,0.011
-0.027,0.011,0.011
-0.026,0.011,0.011
-0.026,0.011,0.011
-0.026,0.011,0.011
-0.026,0.011,0.011
-0.026,0.011,0.011
-0.025,0.01,0.01
-0.025,0.01,0.01
-0.025,0.01,0.01
-0.025,0.01,0.01
-0.025,0.01,0.01
-0.025,0.01,0.01
-0.025,0.009,0.009
-0.024,0.009,0.009
-0.024,0.009,0.009
-0.024,0.009,0.009
-0.024,0.009,0.009
-0.024,0.009,0.009
-0.023,0.009,0.009
-0.023,0.009,0.009
-0.023,0.009,0.009
-0.023,0.009,0.009
-0.023,0.009,0.009
-0.022,0.009,0.009
-0.022,0.009,0.009
-0.022,0.009,0.009
-0.022,0.009,0.009
-0.022,0.009,0.009
-0.022,0.009,0.009
-0.022,0.009,0.009
-0.022,0.009,0.009
-0.022,0.009,0.009
-0.022,0.009,0.009
-0.022,0.009,0.009
-0.022,0.01,0.01
-0.022,0.01,0.01
-0.022,0.01,0.01
-0.022,0.01,0.01
-0.022,0.01,0.01
-0.022,0.01,0.01
-0.022,0.01,0.01
-0.022,0.011,0.011
-0.022,0.011,0.011
-0.023,0.011,0.011
-0.023,0.011,0.011
-0.023,0.012,0.012
-0.023,0.012,0.012
-0.022,0.013,0.013
-0.022,0.013,0.013
-0.022,0.014,0.014
-0.022,0.014,0.014
-0.022,0.015,0.015
-0.022,0.016,0.016
-0.021,0.017,0.017
-0.021,0.018,0.018
-0.02,0.018,0.018
-0.02,0.02,0.02
-0.019,0.021,0.021
-0.019,0.022,0.022
-0.018,0.023,0.023
-0.017,0.024,0.024
-0.016,0.025,0.025
-0.015,0.027,0.027
-0.014,0.028,0.028
-0.013,0.03,0.03
-0.012,0.031,0.031
-0.011,0.032,0.032
-0.01,0.034,0.034
-0.009,0.035,0.035
-0.008,0.037,0.037
-0.006,0.038,0.038
-0.005,0.04,0.04
-0.004,0.041,0.041
-0.003,0.042,0.042
-0.001,0.044,0.044
0,0.045,0.045
0.001,0.046,0.046
0.002,0.048,0.048
0.004,0.049,0.049
0.005,0.05,0.05
0.006,0.051,0.051
0.007,0.052,0.052
0.008,0.053,0.053
0.009,0.054,0.054
0.01,0.055,0.055
0.01,0.055,0.055
0.011,0.056,0.056
0.012,0.057,0.057
0.012,0.057,0.057
0.012,0.058,0.058
0.013,0.058,0.058
0.013,0.059,0.059
0.013,0.059,0.059
0.013,0.06,0.06
0.013,0.06,0.06
0.013,0.06,0.06
0.013,0.061,0.061
0.013,0.061,0.061
0.013,0.061,0.061
0.013,0.062,0.062
0.013,0.062,0.062
0.012,0.063,0.063
0.012,0.063,0.063
0.012,0.064,0.064
0.012,0.064,0.064
0.012,0.065,0.065
0.012,0.065,0.065
0.011,0.066,0.066
0.011,0.067,0.067
0.011,0.067,0.067
0.012,0.068,0.068
0.012,0.069,0.069
0.012,0.069,0.069
0.012,0.07,0.07
0.013,0.071,0.071
0.013,0.072,0.072
0.014,0.072,0.072
0.014,0.073,0.073
0.015,0.074,0.074
0.016,0.074,0.074
0.017,0.075,0.075
0.018,0.075,0.075
0.019,0.076,0.076
0.02,0.076,0.076
0.021,0.076,0.076
0.022,0.076,0.076
0.023,0.077,0.077
0.024,0.077,0.077
0.025,0.077,0.077
0.026,0.077,0.077
0.028,0.077,0.077
0.029,0.076,0.076
0.03,0.076,0.076
0.031,0.076,0.076
0.032,0.076,0.076
0.033,0.075,0.075
0.034,0.075,0.075
0.035,0.075,0.075
0.036,0.074,0.074
0.037,0.074,0.074
0.037,0.074,0.074
0.038,0.073,0.073
0.038,0.073,0.073
0.039,0.073,0.073
0.039,0.073,0.073
0.04,0.072,0.072
0.04,0.072,0.072
0.04,0.072,0.072
0.04,0.072,0.072
0.04,0.072,0.072
0.04,0.072,0.072
0.04,0.072,0.072
0.04,0.072,0.072
0.04,0.073,0.073
0.04,0.073,0.073
0.04,0.073,0.073
0.04,0.073,0.073
0.04,0.074,0.074
0.04,0.074,0.074
0.041,0.075,0.075
0.041,0.075,0.075
0.041,0.075,0.075
0.041,0.076,0.076
0.041,0.077,0.077
0.042,0.077,0.077
0.042,0.078,0.078
0.043,0.078,0.078
0.043,0.079,0.079
0.044,0.079,0.079
0.045,0.08,0.08
0.045,0.08,0.08
0.046,0.081,0.081
0.047,0.081,0.081
0.047,0.082,0.082
0.048,0.082,0.082
0.049,0.083,0.083
0.049,0.083,0.083
0.05,0.083,0.083
0.051,0.083,0.083
0.051,0.083,0.083
0.051,0.083,0.083
0.051,0.083,0.083
0.051,0.083,0.083
0.051,0.083,0.083
0.051,0.082,0.082
0.051,0.082,0.082
0.05,0.081,0.081
0.05,0.081,0.081
0.049,0.08,0.08
0.048,0.079,0.079
0.047,0.078,0.078
0.046,0.077,0.077
0.045,0.075,0.075
0.043,0.074,0.074
0.042,0.073,0.073
0.04,0.071,0.071
0.039,0.07,0.07
0.037,0.068,0.068
0.036,0.067,0.067
0.034,0.065,0.065
0.033,0.063,0.063
0.031,0.062,0.062
0.029,0.06,0.06
0.028,0.058,0.058
0.026,0.057,0.057
0.024,0.055,0.055
0.023,0.053,0.053
0.021,0.052,0.052
0.019,0.05,0.05
0.018,0.048,0.048
0.016,0.047,0.047
0.014,0.045,0.045
0.013,0.043,0.043
0.011,0.041,0.041
0.009,0.039,0.039
0.008,0.038,0.038
0.006,0.036,0.036
0.004,0.034,0.034
0.003,0.032,0.032
0.001,0.031,0.031
0,0.029,0.029
-0.002,0.027,0.027
-0.003,0.026,0.026
-0.005,0.024,0.024
-0.006,0.023,0.023
-0.008,0.021,0.021
-0.009,0.02,0.02
-0.01,0.019,0.019
-0.011,0.018,0.018
-0.013,0.017,0.017
-0.014,0.016,0.016
-0.014,0.015,0.015
-0.015,0.014,0.014
-0.016,0.014,0.014
-0.017,0.013,0.013
-0.017,0.013,0.013
-0.017,0.013,0.013
-0.018,0.012,0.012
-0.018,0.012,0.012
-0.018,0.012,0.012
-0.018,0.012,0.012
-0.018,0.013,0.013
-0.018,0.013,0.013
-0.018,0.013,0.013
-0.017,0.014,0.014
-0.017,0.014,0.014
-0.017,0.014,0.014
-0.017,0.015,0.015
-0.016,0.015,0.015
-0.016,0.015,0.015
-0.015,0.016,0.016
-0.015,0.016,0.016
-0.015,0.016,0.016
-0.014,0.016,0.016
-0.014,0.016,0.016
-0.014,0.016,0.016
-0.014,0.016,0.016
-0.014,0.016,0.016
-0.013,0.016,0.016
-0.013,0.015,0.015
-0.013,0.015,0.015
-0.014,0.014,0.014
-0.014,0.013,0.013
-0.014,0.012,0.012
-0.014,0.011,0.011
-0.015,0.01,0.01
-0.015,0.009,0.009
-0.016,0.007,0.007
-0.017,0.006,0.006
-0.018,0.004,0.004
-0.019,0.002,0.002
-0.02,0,0
-0.021,-0.001,-0.001
-0.023,-0.003,-0.003
-0.024,-0.005,-0.005
-0.026,-0.007,-0.007
-0.027,-0.009,-0.009
-0.029,-0.011,-0.011
-0.031,-0.014,-0.014
-0.033,-0.016,-0.016
-0.035,-0.018,-0.018
-0.037,-0.02,-0.02
-0.038,-0.021,-0.021
-0.04,-0.023,-0.023
-0.042,-0.025,-0.025
-0.044,-0.027,-0.027
-0.046,-0.029,-0.029
-0.048,-0.03,-0.03
-0.05,-0.032,-0.032
-0.052,-0.034,-0.034
-0.054,-0.035,-0.035
-0.055,-0.036,-0.036
-0.057,-0.038,-0.038
-0.058,-0.039,-0.039
-0.06,-0.04,-0.04
-0.061,-0.041,-0.041
-0.062,-0.043,-0.043
-0.063,-0.044,-0.044
-0.064,-0.045,-0.045
-0.065,-0.045,-0.045
-0.066,-0.046,-0.046
-0.067,-0.047,-0.047
-0.068,-0.048,-0.048
-0.068,-0.049,-0.049
-0.069,-0.049,-0.049
-0.069,-0.05,-0.05
-0.069,-0.05,-0.05
-0.069,-0.051,-0.051
-0.07,-0.051,-0.051
-0.07,-0.052,-0.052
-0.07,-0.052,-0.052
-0.07,-0.052,-0.052
-0.07,-0.052,-0.052
-0.07,-0.052,-0.052
-0.07,-0.052,-0.052
-0.07,-0.052,-0.052
-0.07,-0.052,-0.052
-0.07,-0.052,-0.052
-0.07,-0.052,-0.052
-0.07,-0.052,-0.052
-0.07,-0.052,-0.052
-0.07,-0.051,-0.051
-0.07,-0.051,-0.051
-0.07,-0.051,-0.051
-0.07,-0.051,-0.051
-0.07,-0.051,-0.051
-0.07,-0.05,-0.05
-0.071,-0.05,-0.05
-0.071,-0.05,-0.05
-0.071,-0.05,-0.05
-0.071,-0.05,-0.05
-0.071,-0.05,-0.05
-0.072,-0.05,-0.05
-0.072,-0.05,-0.05
-0.072,-0.05,-0.05
-0.072,-0.049,-0.049
-0.072,-0.049,-0.049
-0.072,-0.049,-0.049
-0.072,-0.049,-0.049
-0.072,-0.049,-0.049
-0.072,-0.049,-0.049
-0.072,-0.049,-0.049
-0.071,-0.049,-0.049
-0.071,-0.048,-0.048
-0.071,-0.048,-0.048
-0.07,-0.048,-0.048
-0.07,-0.047,-0.047
-0.07,-0.047,-0.047
-0.069,-0.047,-0.047
-0.069,-0.046,-0.046
-0.068,-0.046,-0.046
-0.068,-0.045,-0.045
-0.067,-0.045,-0.045
-0.067,-0.044,-0.044
-0.067,-0.043,-0.043
-0.066,-0.043,-0.043
-0.066,-0.042,-0.042
-0.065,-0.042,-0.042
-0.065,-0.042,-0.042
-0.064,-0.041,-0.041
-0.064,-0.041,-0.041
-0.064,-0.04,-0.04
-0.063,-0.04,-0.04
-0.063,-0.04,-0.04
-0.062,-0.04,-0.04
-0.062,-0.04,-0.04
-0.061,-0.04,-0.04
-0.061,-0.039,-0.039
-0.06,-0.039,-0.039
-0.06,-0.039,-0.039
-0.06,-0.039,-0.039
-0.059,-0.039,-0.039
-0.059,-0.039,-0.039
-0.058,-0.04,-0.04
-0.058,-0.04,-0.04
-0.057,-0.04,-0.04
-0.057,-0.039,-0.039
-0.057,-0.039,-0.039
-0.056,-0.039,-0.039
-0.056,-0.039,-0.039
-0.056,-0.039,-0.039
-0.055,-0.038,-0.038
-0.055,-0.038,-0.038
-0.055,-0.037,-0.037
-0.054,-0.037,-0.037
-0.054,-0.036,-0.036
-0.054,-0.035,-0.035
-0.053,-0.034,-0.034
-0.053,-0.033,-0.033
-0.052,-0.032,-0.032
-0.051,-0.03,-0.03
-0.05,-0.028,-0.028
-0.049,-0.027,-0.027
-0.048,-0.024,-0.024
-0.047,-0.022,-0.022
-0.045,-0.02,-0.02
-0.043,-0.017,-0.017
-0.041,-0.014,-0.014
-0.039,-0.01,-0.01
-0.036,-0.007,-0.007
-0.033,-0.003,-0.003
-0.03,0.001,0.001
-0.026,0.006,0.006
-0.022,0.011,0.011
-0.018,0.016,0.016
-0.013,0.021,0.021
-0.008,0.027,0.027
-0.002,0.033,0.033
0.004,0.04,0.04
0.01,0.047,0.047
0.017,0.054,0.054
0.023,0.061,0.061
0.031,0.069,0.069
0.038,0.077,0.077
0.046,0.085,0.085
0.054,0.094,0.094
0.062,0.103,0.103
0.071,0.112,0.112
0.08,0.122,0.122
0.089,0.132,0.132
0.098,0.142,0.142
0.107,0.152,0.152
0.117,0.163,0.163
0.127,0.174,0.174
0.137,0.185,0.185
0.148,0.197,0.197
0.158,0.209,0.209
0.169,0.221,0.221
0.181,0.233,0.233
0.192,0.246,0.246
0.204,0.259,0.259
0.216,0.273,0.273
0.228,0.286,0.286
0.241,0.3,0.3
0.253,0.314,0.314
0.266,0.328,0.328
0.279,0.342,0.342
0.292,0.356,0.356
0.306,0.37,0.37
0.319,0.384,0.384
0.332,0.398,0.398
0.345,0.411,0.411
0.358,0.424,0.424
0.37,0.436,0.436
0.382,0.448,0.448
0.394,0.459,0.459
0.405,0.47,0.47
0.415,0.48,0.48
0.425,0.488,0.488
0.434,0.496,0.496
0.441,0.503,0.503
0.448,0.509,0.509
0.454,0.514,0.514
0.459,0.518,0.518
0.463,0.52,0.52
0.465,0.522,0.522
0.466,0.522,0.522
0.466,0.521,0.521
0.465,0.519,0.519
0.462,0.516,0.516
0.458,0.511,0.511
0.453,0.506,0.506
0.447,0.499,0.499
0.439,0.49,0.49
0.43,0.481,0.481
0.419,0.47,0.47
0.408,0.459,0.459
0.394,0.446,0.446
0.38,0.431,0.431
0.365,0.416,0.416
0.348,0.4,0.4
0.331,0.382,0.382
0.312,0.364,0.364
0.293,0.345,0.345
0.273,0.325,0.325
0.252,0.304,0.304
0.231,0.283,0.283
0.209,0.261,0.261
0.187,0.239,0.239
0.165,0.217,0.217
0.143,0.195,0.195
0.121,0.173,0.173
0.1,0.152,0.152
0.079,0.131,0.131
0.058,0.111,0.111
0.039,0.092,0.092
0.02,0.073,0.073
0.003,0.056,0.056
-0.014,0.04,0.04
-0.029,0.025,0.025
-0.043,0.011,0.011
-0.056,-0.001,-0.001
-0.067,-0.012,-0.012
-0.077,-0.021,-0.021
-0.086,-0.028,-0.028
-0.093,-0.035,-0.035
-0.099,-0.039,-0.039
-0.103,-0.043,-0.043
-0.106,-0.045,-0.045
-0.108,-0.046,-0.046
-0.109,-0.045,-0.045
-0.109,-0.044,-0.044
-0.108,-0.042,-0.042
-0.106,-0.039,-0.039
-0.104,-0.036,-0.036
-0.101,-0.032,-0.032
-0.097,-0.027,-0.027
-0.093,-0.023,-0.023
-0.089,-0.018,-0.018
-0.085,-0.014,-0.014
-0.081,-0.009,-0.009
-0.076,-0.005,-0.005
-0.072,-0.001,-0.001
-0.069,0.002,0.002
-0.065,0.005,0.005
-0.062,0.007,0.007
-0.059,0.009,0.009
-0.057,0.01,0.01
-0.055,0.01,0.01
-0.054,0.01,0.01
-0.053,0.009,0.009
-0.053,0.008,0.008
-0.053,0.006,0.006
-0.053,0.003,0.003
-0.054,0,0
-0.056,-0.004,-0.004
-0.058,-0.007,-0.007
-0.06,-0.012,-0.012
-0.062,-0.016,-0.016
-0.064,-0.02,-0.02
-0.067,-0.025,-0.025
-0.07,-0.029,-0.029
-0.072,-0.034,-0.034
-0.075,-0.038,-0.038
-0.078,-0.042,-0.042
-0.08,-0.046,-0.046
-0.083,-0.05,-0.05
-0.085,-0.053,-0.053
-0.087,-0.056,-0.056
-0.089,-0.058,-0.058
-0.09,-0.06,-0.06
-0.091,-0.062,-0.062
-0.092,-0.063,-0.063
-0.093,-0.064,-0.064
-0.094,-0.065,-0.065
-0.094,-0.065,-0.065
-0.094,-0.065,-0.065
-0.094,-0.065,-0.065
-0.093,-0.064,-0.064
-0.093,-0.063,-0.063
-0.092,-0.063,-0.063
-0.091,-0.061,-0.061
-0.09,-0.06,-0.06
-0.089,-0.059,-0.059
-0.088,-0.058,-0.058
-0.087,-0.057,-0.057
-0.085,-0.056,-0.056
-0.084,-0.055,-0.055
-0.083,-0.054,-0.054
-0.082,-0.054,-0.054
-0.081,-0.053,-0.053
-0.081,-0.053,-0.053
-0.08,-0.053,-0.053
-0.079,-0.053,-0.053
-0.079,-0.053,-0.053
-0.079,-0.054,-0.054
-0.078,-0.054,-0.054
-0.078,-0.055,-0.055
-0.079,-0.056,-0.056
-0.079,-0.058,-0.058
-0.079,-0.059,-0.059
-0.08,-0.061,-0.061
-0.081,-0.062,-0.062
-0.082,-0.064,-0.064
-0.082,-0.065,-0.065
-0.083,-0.067,-0.067
-0.084,-0.069,-0.069
-0.085,-0.071,-0.071
-0.086,-0.072,-0.072
-0.087,-0.074,-0.074
-0.088,-0.075,-0.075
-0.089,-0.076,-0.076
-0.09,-0.077,-0.077
-0.091,-0.079,-0.079
-0.092,-0.079,-0.079
-0.092,-0.08,-0.08
-0.092,-0.081,-0.081
-0.092,-0.081,-0.081
-0.092,-0.081,-0.081
-0.092,-0.081,-0.081
-0.091,-0.081,-0.081
-0.091,-0.081,-0.081
-0.09,-0.08,-0.08
-0.089,-0.08,-0.08
-0.088,-0.079,-0.079
-0.086,-0.079,-0.079
-0.085,-0.078,-0.078
-0.083,-0.077,-0.077
-0.081,-0.077,-0.077
-0.079,-0.076,-0.076
-0.078,-0.076,-0.076
-0.076,-0.075,-0.075
-0.074,-0.075,-0.075
-0.072,-0.075,-0.075
-0.07,-0.074,-0.074
-0.068,-0.074,-0.074
-0.067,-0.074,-0.074
-0.065,-0.075,-0.075
-0.064,-0.075,-0.075
-0.062,-0.076,-0.076
-0.061,-0.076,-0.076
-0.06,-0.077,-0.077
-0.059,-0.078,-0.078
-0.058,-0.079,-0.079
-0.057,-0.08,-0.08
-0.057,-0.081,-0.081
-0.056,-0.082,-0.082
-0.056,-0.083,-0.083
-0.056,-0.084,-0.084
-0.055,-0.085,-0.085
-0.055,-0.086,-0.086
-0.055,-0.087,-0.087
-0.054,-0.088,-0.088
-0.054,-0.088,-0.088
-0.054,-0.089,-0.089
-0.053,-0.089,-0.089
-0.053,-0.09,-0.09
-0.052,-0.09,-0.09
-0.051,-0.09,-0.09
-0.05,-0.09,-0.09
-0.049,-0.09,-0.09
-0.048,-0.09,-0.09
-0.047,-0.089,-0.089
-0.045,-0.088,-0.088
-0.044,-0.088,-0.088
-0.042,-0.087,-0.087
-0.04,-0.086,-0.086
-0.038,-0.085,-0.085
-0.036,-0.084,-0.084
-0.033,-0.083,-0.083
-0.031,-0.082,-0.082
-0.028,-0.081,-0.081
-0.026,-0.08,-0.08
-0.023,-0.079,-0.079
-0.02,-0.078,-0.078
-0.018,-0.077,-0.077
-0.015,-0.076,-0.076
-0.012,-0.075,-0.075
-0.01,-0.074,-0.074
-0.007,-0.074,-0.074
-0.004,-0.073,-0.073
-0.002,-0.073,-0.073
0,-0.073,-0.073
0.003,-0.073,-0.073
0.005,-0.073,-0.073
0.007,-0.073,-0.073
0.009,-0.073,-0.073
0.011,-0.073,-0.073
0.013,-0.073,-0.073
0.015,-0.074,-0.074
0.016,-0.074,-0.074
0.018,-0.075,-0.075
0.019,-0.075,-0.075
0.02,-0.076,-0.076
0.022,-0.076,-0.076
0.023,-0.077,-0.077
0.024,-0.077,-0.077
0.025,-0.078,-0.078
0.027,-0.078,-0.078
0.028,-0.079,-0.079
0.029,-0.079,-0.079
0.03,-0.079,-0.079
0.031,-0.079,-0.079
0.032,-0.08,-0.08
0.033,-0.08,-0.08
0.035,-0.079,-0.079
0.036,-0.079,-0.079
0.037,-0.079,-0.079
0.038,-0.079,-0.079
0.04,-0.079,-0.079
0.041,-0.078,-0.078
0.043,-0.078,-0.078
0.044,-0.077,-0.077
0.045,-0.077,-0.077
0.047,-0.076,-0.076
0.048,-0.076,-0.076
0.05,-0.075,-0.075
0.051,-0.075,-0.075
0.053,-0.074,-0.074
0.054,-0.074,-0.074
0.055,-0.073,-0.073
0.057,-0.073,-0.073
0.058,-0.073,-0.073
0.059,-0.072,-0.072
0.06,-0.072,-0.072
0.061,-0.072,-0.072
0.062,-0.072,-0.072
0.063,-0.071,-0.071
0.064,-0.071,-0.071
0.065,-0.071,-0.071
0.066,-0.071,-0.071
0.067,-0.071,-0.071
0.067,-0.072,-0.072
0.068,-0.072,-0.072
0.068,-0.072,-0.072
0.069,-0.072,-0.072
0.069,-0.072,-0.072
0.069,-0.072,-0.072
0.069,-0.072,-0.072
0.07,-0.072,-0.072
0.07,-0.072,-0.072
0.07,-0.072,-0.072
0.07,-0.072,-0.072
0.07,-0.071,-0.071
0.07,-0.071,-0.071
0.07,-0.071,-0.071
0.07,-0.07,-0.07
0.07,-0.07,-0.07
0.07,-0.069,-0.069
0.069,-0.069,-0.069
0.069,-0.068,-0.068
0.069,-0.067,-0.067
0.069,-0.067,-0.067
0.068,-0.066,-0.066
0.068,-0.065,-0.065
0.068,-0.064,-0.064
0.067,-0.064,-0.064
0.067,-0.063,-0.063
0.067,-0.062,-0.062
0.066,-0.061,-0.061
0.066,-0.061,-0.061
0.065,-0.06,-0.06
0.064,-0.06,-0.06
0.064,-0.059,-0.059
0.063,-0.059,-0.059
0.062,-0.059,-0.059
0.062,-0.058,-0.058
0.061,-0.058,-0.058
0.06,-0.058,-0.058
0.059,-0.058,-0.058
0.059,-0.058,-0.058
0.058,-0.058,-0.058
0.057,-0.058,-0.058
0.056,-0.058,-0.058
0.056,-0.058,-0.058
0.055,-0.058,-0.058
0.054,-0.058,-0.058
0.054,-0.058,-0.058
0.053,-0.058,-0.058
0.052,-0.058,-0.058
0.052,-0.058,-0.058
0.051,-0.058,-0.058
0.051,-0.058,-0.058
0.05,-0.058,-0.058
0.05,-0.058,-0.058
0.049,-0.057,-0.057
0.049,-0.057,-0.057
0.048,-0.056,-0.056
0.048,-0.056,-0.056
0.047,-0.055,-0.055
0.047,-0.055,-0.055
0.046,-0.054,-0.054
0.045,-0.053,-0.053
0.045,-0.053,-0.053
0.044,-0.052,-0.052
0.043,-0.052,-0.052
0.042,-0.051,-0.051
0.041,-0.05,-0.05
0.04,-0.05,-0.05
0.039,-0.049,-0.049
0.037,-0.049,-0.049
0.036,-0.049,-0.049
0.034,-0.048,-0.048
0.033,-0.048,-0.048
0.031,-0.048,-0.048
0.029,-0.048,-0.048
0.027,-0.048,-0.048
0.025,-0.048,-0.048
0.024,-0.048,-0.048
0.022,-0.048,-0.048
0.02,-0.049,-0.049
0.018,-0.049,-0.049
0.016,-0.049,-0.049
0.014,-0.05,-0.05
0.013,-0.05,-0.05
0.011,-0.051,-0.051
0.009,-0.051,-0.051
0.008,-0.051,-0.051
0.007,-0.052,-0.052
0.005,-0.052,-0.052
0.004,-0.052,-0.052
0.003,-0.052,-0.052
0.002,-0.052,-0.052
0.001,-0.052,-0.052
0.001,-0.052,-0.052
0,-0.052,-0.052
0,-0.052,-0.052
-0.001,-0.052,-0.052
-0.001,-0.052,-0.052
-0.001,-0.052,-0.052
-0.001,-0.051,-0.051
-0.001,-0.051,-0.051
-0.001,-0.05,-0.05
-0.001,-0.05,-0.05
-0.002,-0.049,-0.049
-0.002,-0.049,-0.049
-0.002,-0.048,-0.048
-0.002,-0.048,-0.048
-0.002,-0.047,-0.047
-0.002,-0.047,-0.047
-0.002,-0.046,-0.046
-0.002,-0.045,-0.045
-0.002,-0.045,-0.045
-0.002,-0.044,-0.044
-0.002,-0.044,-0.044
-0.003,-0.043,-0.043
-0.003,-0.042,-0.042
-0.003,-0.042,-0.042
-0.003,-0.041,-0.041
-0.004,-0.041,-0.041
-0.004,-0.04,-0.04
-0.004,-0.04,-0.04
-0.004,-0.039,-0.039
-0.004,-0.038,-0.038
-0.004,-0.038,-0.038
-0.004,-0.037,-0.037
-0.004,-0.037,-0.037
-0.004,-0.036,-0.036
-0.004,-0.036,-0.036
-0.004,-0.035,-0.035
-0.004,-0.034,-0.034
-0.004,-0.034,-0.034
-0.003,-0.033,-0.033
-0.003,-0.033,-0.033
-0.002,-0.032,-0.032
-0.002,-0.032,-0.032
-0.001,-0.031,-0.031
-0.001,-0.031,-0.031
0,-0.031,-0.031
0,-0.03,-0.03
0.001,-0.03,-0.03
0.001,-0.03,-0.03
0.002,-0.029,-0.029
0.002,-0.029,-0.029
0.003,-0.029,-0.029
0.003,-0.029,-0.029
0.003,-0.029,-0.029
0.003,-0.029,-0.029
0.003,-0.029,-0.029
0.003,-0.029,-0.029
0.003,-0.03,-0.03
0.003,-0.03,-0.03
0.002,-0.03,-0.03
0.002,-0.031,-0.031
0.001,-0.031,-0.031
0,-0.031,-0.031
-0.001,-0.032,-0.032
-0.002,-0.032,-0.032
-0.003,-0.033,-0.033
-0.004,-0.033,-0.033
-0.005,-0.034,-0.034
-0.006,-0.034,-0.034
-0.007,-0.035,-0.035
-0.008,-0.035,-0.035
-0.01,-0.035,-0.035
-0.011,-0.036,-0.036
-0.012,-0.036,-0.036
-0.012,-0.036,-0.036
-0.013,-0.036,-0.036
-0.014,-0.037,-0.037
-0.014,-0.037,-0.037
-0.015,-0.037,-0.037
-0.015,-0.037,-0.037
-0.015,-0.037,-0.037
-0.015,-0.037,-0.037
-0.015,-0.036,-0.036
-0.015,-0.036,-0.036
-0.015,-0.036,-0.036
-0.014,-0.036,-0.036
-0.013,-0.036,-0.036
-0.013,-0.035,-0.035
-0.012,-0.035,-0.035
-0.011,-0.035,-0.035
-0.01,-0.034,-0.034
-0.009,-0.034,-0.034
-0.008,-0.034,-0.034
-0.007,-0.033,-0.033
-0.006,-0.033,-0.033
-0.005,-0.033,-0.033
-0.004,-0.032,-0.032
-0.003,-0.032,-0.032
-0.003,-0.031,-0.031
-0.002,-0.031,-0.031
-0.002,-0.031,-0.031
-0.001,-0.03,-0.03
-0.001,-0.03,-0.03
-0.001,-0.029,-0.029
0,-0.029,-0.029
0,-0.029,-0.029
-0.001,-0.028,-0.028
-0.001,-0.028,-0.028
-0.001,-0.027,-0.027
-0.001,-0.027,-0.027
-0.002,-0.026,-0.026
-0.002,-0.026,-0.026
-0.003,-0.026,-0.026
-0.003,-0.025,-0.025
-0.004,-0.025,-0.025
-0.004,-0.024,-0.024
-0.005,-0.024,-0.024
-0.006,-0.023,-0.023
-0.006,-0.023,-0.023
-0.006,-0.022,-0.022
-0.007,-0.021,-0.021
-0.007,-0.021,-0.021
-0.007,-0.02,-0.02
-0.007,-0.02,-0.02
-0.008,-0.019,-0.019
-0.007,-0.018,-0.018
-0.007,-0.018,-0.018
-0.007,-0.017,-0.017
-0.007,-0.016,-0.016
-0.006,-0.015,-0.015
-0.006,-0.015,-0.015
-0.005,-0.014,-0.014
-0.005,-0.013,-0.013
-0.004,-0.012,-0.012
-0.003,-0.012,-0.012
-0.002,-0.011,-0.011
-0.002,-0.01,-0.01
-0.001,-0.01,-0.01
0,-0.009,-0.009
0.001,-0.008,-0.008
0.002,-0.008,-0.008
0.003,-0.007,-0.007
0.004,-0.006,-0.006
0.005,-0.006,-0.006
0.006,-0.005,-0.005
0.007,-0.005,-0.005
0.008,-0.004,-0.004
0.009,-0.003,-0.003
0.009,-0.003,-0.003
0.01,-0.002,-0.002
0.011,-0.002,-0.002
0.012,-0.001,-0.001
0.012,-0.001,-0.001
0.013,0,0
0.013,0,0
0.014,0.001,0.001
0.014,0.001,0.001
0.015,0.002,0.002
0.015,0.002,0.002
0.016,0.003,0.003
0.016,0.003,0.003
0.017,0.004,0.004
0.017,0.005,0.005
0.018,0.005,0.005
0.019,0.006,0.006
0.019,0.007,0.007
0.02,0.008,0.008
0.021,0.009,0.009
0.022,0.009,0.009
0.023,0.01,0.01
0.024,0.011,0.011
0.025,0.012,0.012
0.026,0.013,0.013
0.027,0.014,0.014
0.029,0.015,0.015
0.03,0.017,0.017
0.031,0.018,0.018
0.033,0.019,0.019
0.034,0.02,0.02
0.036,0.021,0.021
0.037,0.022,0.022
0.039,0.024,0.024
0.04,0.025,0.025
0.042,0.026,0.026
0.043,0.027,0.027
0.045,0.028,0.028
0.046,0.03,0.03
0.048,0.031,0.031
0.049,0.032,0.032
0.05,0.033,0.033
0.052,0.034,0.034
0.053,0.035,0.035
0.054,0.036,0.036
0.055,0.037,0.037
0.056,0.038,0.038
0.057,0.039,0.039
0.058,0.041,0.041
0.059,0.042,0.042
0.06,0.043,0.043
0.061,0.044,0.044
0.062,0.045,0.045
0.063,0.046,0.046
0.064,0.047,0.047
0.065,0.048,0.048
0.066,0.05,0.05
0.067,0.051,0.051
0.068,0.052,0.052
0.069,0.053,0.053
0.07,0.055,0.055
0.071,0.056,0.056
0.072,0.058,0.058
0.073,0.059,0.059
0.074,0.06,0.06
0.075,0.062,0.062
0.077,0.063,0.063
0.078,0.065,0.065
0.079,0.066,0.066
0.081,0.067,0.067
0.082,0.069,0.069
0.084,0.07,0.07
0.085,0.072,0.072
0.087,0.073,0.073
0.088,0.074,0.074
0.089,0.075,0.075
0.091,0.077,0.077
0.092,0.078,0.078
0.094,0.079,0.079
0.095,0.08,0.08
0.097,0.081,0.081
0.098,0.083,0.083
0.099,0.084,0.084
0.1,0.085,0.085
0.102,0.086,0.086
0.103,0.087,0.087
0.104,0.088,0.088
0.105,0.088,0.088
0.106,0.089,0.089
0.107,0.09,0.09
0.108,0.091,0.091
0.109,0.092,0.092
0.11,0.092,0.092
0.11,0.093,0.093
0.111,0.094,0.094
0.112,0.095,0.095
0.113,0.095,0.095
0.113,0.096,0.096
0.114,0.097,0.097
0.114,0.098,0.098
0.115,0.098,0.098
0.116,0.099,0.099
0.116,0.1,0.1
0.117,0.101,0.101
0.117,0.101,0.101
0.118,0.102,0.102
0.118,0.103,0.103
0.119,0.104,0.104
0.12,0.105,0.105
0.12,0.106,0.106
0.121,0.107,0.107
0.121,0.107,0.107
0.122,0.108,0.108
0.123,0.109,0.109
0.123,0.11,0.11
0.124,0.111,0.111
0.125,0.112,0.112
0.125,0.113,0.113
0.126,0.114,0.114
0.127,0.115,0.115
0.128,0.116,0.116
0.128,0.116,0.116
0.129,0.117,0.117
0.13,0.118,0.118
0.131,0.119,0.119
0.132,0.119,0.119
0.132,0.12,0.12
0.133,0.121,0.121
0.134,0.122,0.122
0.135,0.122,0.122
0.135,0.123,0.123
0.136,0.124,0.124
0.137,0.124,0.124
0.137,0.125,0.125
0.138,0.125,0.125
0.139,0.126,0.126
0.139,0.127,0.127
0.14,0.127,0.127
0.141,0.128,0.128
0.141,0.129,0.129
0.142,0.129,0.129
0.142,0.13,0.13
0.143,0.131,0.131
0.143,0.132,0.132
0.144,0.132,0.132
0.144,0.133,0.133
0.145,0.133,0.133
0.145,0.134,0.134
0.145,0.135,0.135
0.145,0.135,0.135
0.145,0.136,0.136
0.146,0.136,0.136
0.146,0.136,0.136
0.146,0.137,0.137
0.145,0.137,0.137
0.145,0.137,0.137
0.145,0.138,0.138
0.145,0.138,0.138
0.144,0.138,0.138
0.143,0.138,0.138
0.143,0.138,0.138
0.142,0.138,0.138
0.141,0.138,0.138
0.14,0.138,0.138
0.139,0.137,0.137
0.137,0.137,0.137
0.136,0.137,0.137
0.135,0.137,0.137
0.133,0.136,0.136
0.131,0.136,0.136
0.13,0.135,0.135
0.128,0.135,0.135
0.126,0.134,0.134
0.124,0.134,0.134
0.122,0.133,0.133
0.121,0.133,0.133
0.119,0.132,0.132
0.117,0.132,0.132
0.115,0.131,0.131
0.113,0.131,0.131
0.111,0.13,0.13
0.109,0.13,0.13
0.108,0.129,0.129
0.106,0.129,0.129
0.104,0.128,0.128
0.103,0.127,0.127
0.101,0.127,0.127
0.1,0.126,0.126
0.098,0.125,0.125
0.097,0.124,0.124
0.095,0.124,0.124
0.094,0.123,0.123
0.093,0.122,0.122
0.091,0.121,0.121
0.09,0.12,0.12
0.089,0.119,0.119
0.088,0.118,0.118
0.086,0.117,0.117
0.085,0.115,0.115
0.084,0.114,0.114
0.082,0.113,0.113
0.081,0.111,0.111
0.079,0.11,0.11
0.078,0.108,0.108
0.076,0.107,0.107
0.074,0.105,0.105
0.072,0.103,0.103
0.07,0.101,0.101
0.068,0.1,0.1
0.066,0.098,0.098
0.064,0.096,0.096
0.061,0.094,0.094
0.059,0.093,0.093
0.056,0.091,0.091
0.054,0.089,0.089
0.051,0.087,0.087
0.048,0.086,0.086
0.046,0.084,0.084
0.043,0.082,0.082
0.04,0.081,0.081
0.037,0.079,0.079
0.034,0.077,0.077
0.031,0.076,0.076
0.029,0.074,0.074
0.026,0.073,0.073
0.023,0.071,0.071
0.02,0.069,0.069
0.018,0.068,0.068
0.015,0.066,0.066
0.012,0.065,0.065
0.01,0.063,0.063
0.007,0.061,0.061
0.004,0.059,0.059
0.002,0.058,0.058
-0.001,0.056,0.056
-0.003,0.054,0.054
-0.006,0.052,0.052
-0.008,0.05,0.05
-0.01,0.048,0.048
-0.013,0.046,0.046
-0.015,0.044,0.044
-0.017,0.042,0.042
-0.02,0.04,0.04
-0.022,0.038,0.038
-0.024,0.036,0.036
-0.026,0.034,0.034
-0.029,0.032,0.032
-0.031,0.029,0.029
-0.033,0.027,0.027
-0.036,0.025,0.025
-0.038,0.023,0.023
-0.04,0.021,0.021
-0.042,0.019,0.019
-0.045,0.018,0.018
-0.047,0.016,0.016
-0.049,0.014,0.014
-0.052,0.012,0.012
-0.054,0.011,0.011
-0.056,0.009,0.009
-0.058,0.007,0.007
-0.06,0.006,0.006
-0.062,0.005,0.005
-0.065,0.003,0.003
-0.067,0.002,0.002
-0.068,0.001,0.001
-0.07,-0.001,-0.001
-0.072,-0.002,-0.002
-0.074,-0.003,-0.003
-0.075,-0.004,-0.004
-0.077,-0.006,-0.006
-0.078,-0.007,-0.007
-0.08,-0.008,-0.008
-0.081,-0.009,-0.009
-0.082,-0.011,-0.011
-0.084,-0.012,-0.012
-0.085,-0.013,-0.013
-0.086,-0.015,-0.015
-0.087,-0.016,-0.016
-0.088,-0.018,-0.018
-0.089,-0.019,-0.019
-0.09,-0.021,-0.021
-0.091,-0.022,-0.022
-0.092,-0.024,-0.024
-0.093,-0.026,-0.026
-0.093,-0.027,-0.027
-0.094,-0.029,-0.029
-0.095,-0.031,-0.031
-0.096,-0.032,-0.032
-0.096,-0.034,-0.034
-0.097,-0.036,-0.036
-0.098,-0.037,-0.037
-0.099,-0.039,-0.039
-0.099,-0.04,-0.04
-0.1,-0.042,-0.042
-0.1,-0.043,-0.043
-0.101,-0.045,-0.045
-0.101,-0.046,-0.046
-0.102,-0.047,-0.047
-0.102,-0.048,-0.048
-0.102,-0.049,-0.049
-0.102,-0.05,-0.05
-0.103,-0.051,-0.051
-0.103,-0.052,-0.052
-0.103,-0.053,-0.053
-0.103,-0.053,-0.053
-0.103,-0.054,-0.054
-0.103,-0.055,-0.055
-0.103,-0.055,-0.055
-0.103,-0.055,-0.055
-0.103,-0.056,-0.056
-0.103,-0.056,-0.056
-0.103,-0.056,-0.056
-0.103,-0.056,-0.056
-0.103,-0.056,-0.056
-0.103,-0.056,-0.056
-0.103,-0.056,-0.056
-0.103,-0.056,-0.056
-0.103,-0.057,-0.057
-0.104,-0.057,-0.057
-0.104,-0.057,-0.057
-0.105,-0.057,-0.057
-0.105,-0.057,-0.057
-0.106,-0.057,-0.057
-0.107,-0.057,-0.057
-0.107,-0.057,-0.057
-0.108,-0.058,-0.058
-0.109,-0.058,-0.058
-0.11,-0.058,-0.058
-0.111,-0.058,-0.058
-0.112,-0.059,-0.059
-0.113,-0.059,-0.059
-0.114,-0.059,-0.059
-0.115,-0.06,-0.06
-0.116,-0.06,-0.06
-0.117,-0.06,-0.06
-0.118,-0.061,-0.061
-0.119,-0.061,-0.061
-0.119,-0.061,-0.061
-0.12,-0.062,-0.062
-0.121,-0.062,-0.062
-0.121,-0.062,-0.062
-0.121,-0.062,-0.062
-0.121,-0.062,-0.062
-0.121,-0.062,-0.062
-0.121,-0.063,-0.063
-0.121,-0.063,-0.063
-0.121,-0.063,-0.063
-0.121,-0.062,-0.062
-0.12,-0.062,-0.062
-0.12,-0.062,-0.062
-0.12,-0.062,-0.062
-0.119,-0.062,-0.062
-0.118,-0.062,-0.062
-0.118,-0.062,-0.062
-0.117,-0.061,-0.061
-0.117,-0.061,-0.061
-0.116,-0.061,-0.061
-0.116,-0.061,-0.061
-0.115,-0.061,-0.061
-0.115,-0.061,-0.061
-0.114,-0.061,-0.061
-0.114,-0.061,-0.061
-0.114,-0.062,-0.062
-0.113,-0.062,-0.062
-0.113,-0.062,-0.062
-0.113,-0.063,-0.063
-0.113,-0.063,-0.063
-0.113,-0.063,-0.063
-0.113,-0.064,-0.064
-0.113,-0.064,-0.064
-0.113,-0.065,-0.065
-0.113,-0.066,-0.066
-0.113,-0.066,-0.066
-0.113,-0.067,-0.067
-0.113,-0.067,-0.067
-0.113,-0.068,-0.068
-0.113,-0.068,-0.068
-0.113,-0.069,-0.069
-0.113,-0.069,-0.069
-0.113,-0.07,-0.07
-0.113,-0.07,-0.07
-0.113,-0.07,-0.07
-0.113,-0.07,-0.07
-0.113,-0.071,-0.071
-0.113,-0.071,-0.071
-0.113,-0.071,-0.071
-0.113,-0.071,-0.071
-0.113,-0.071,-0.071
-0.113,-0.071,-0.071
-0.114,-0.071,-0.071
-0.114,-0.07,-0.07
-0.114,-0.07,-0.07
-0.114,-0.07,-0.07
-0.114,-0.07,-0.07
-0.114,-0.07,-0.07
-0.114,-0.07,-0.07
-0.114,-0.07,-0.07
-0.114,-0.07,-0.07
-0.114,-0.07,-0.07
-0.114,-0.07,-0.07
-0.114,-0.07,-0.07
-0.114,-0.07,-0.07
-0.115,-0.07,-0.07
-0.115,-0.07,-0.07
-0.115,-0.07,-0.07
-0.115,-0.07,-0.07
-0.115,-0.07,-0.07
-0.115,-0.07,-0.07
-0.115,-0.07,-0.07
-0.114,-0.071,-0.071
-0.114,-0.071,-0.071
-0.114,-0.071,-0.071
-0.114,-0.071,-0.071
-0.114,-0.072,-0.072
-0.114,-0.072,-0.072
-0.113,-0.072,-0.072
-0.113,-0.073,-0.073
-0.113,-0.073,-0.073
-0.112,-0.073,-0.073
-0.112,-0.073,-0.073
-0.112,-0.074,-0.074
-0.111,-0.074,-0.074
-0.111,-0.074,-0.074
-0.111,-0.074,-0.074
-0.11,-0.075,-0.075
-0.11,-0.075,-0.075
-0.109,-0.075,-0.075
-0.109,-0.075,-0.075
-0.109,-0.075,-0.075
-0.108,-0.075,-0.075
-0.108,-0.075,-0.075
-0.108,-0.075,-0.075
-0.107,-0.075,-0.075
-0.107,-0.075,-0.075
-0.107,-0.075,-0.075
-0.107,-0.075,-0.075
-0.107,-0.075,-0.075
-0.107,-0.075,-0.075
-0.107,-0.075,-0.075
-0.107,-0.075,-0.075
-0.107,-0.074,-0.074
-0.107,-0.074,-0.074
-0.107,-0.074,-0.074
-0.107,-0.074,-0.074
-0.107,-0.074,-0.074
-0.108,-0.074,-0.074
-0.108,-0.074,-0.074
-0.108,-0.073,-0.073
-0.108,-0.073,-0.073
-0.109,-0.073,-0.073
-0.109,-0.073,-0.073
-0.109,-0.073,-0.073
-0.11,-0.073,-0.073
-0.11,-0.073,-0.073
-0.11,-0.073,-0.073
-0.111,-0.072,-0.072
-0.111,-0.072,-0.072
-0.111,-0.072,-0.072
-0.111,-0.072,-0.072
-0.111,-0.072,-0.072
-0.111,-0.072,-0.072
-0.111,-0.071,-0.071
-0.11,-0.071,-0.071
-0.11,-0.071,-0.071
-0.11,-0.071,-0.071
-0.109,-0.071,-0.071
-0.108,-0.07,-0.07
-0.108,-0.07,-0.07
-0.107,-0.07,-0.07
-0.106,-0.07,-0.07
-0.105,-0.069,-0.069
-0.104,-0.069,-0.069
-0.103,-0.069,-0.069
-0.102,-0.069,-0.069
-0.101,-0.068,-0.068
-0.1,-0.068,-0.068
-0.099,-0.068,-0.068
-0.098,-0.068,-0.068
-0.097,-0.068,-0.068
-0.096,-0.067,-0.067
-0.095,-0.067,-0.067
-0.094,-0.067,-0.067
-0.093,-0.067,-0.067
-0.092,-0.067,-0.067
-0.091,-0.067,-0.067
-0.09,-0.067,-0.067
-0.09,-0.067,-0.067
-0.089,-0.067,-0.067
-0.089,-0.067,-0.067
-0.088,-0.067,-0.067
-0.088,-0.067,-0.067
-0.087,-0.067,-0.067
-0.087,-0.067,-0.067
-0.087,-0.066,-0.066
-0.086,-0.066,-0.066
-0.086,-0.066,-0.066
-0.086,-0.066,-0.066
-0.086,-0.066,-0.066
-0.085,-0.066,-0.066
-0.085,-0.065,-0.065
-0.085,-0.065,-0.065
-0.085,-0.065,-0.065
-0.085,-0.064,-0.064
-0.084,-0.064,-0.064
-0.084,-0.064,-0.064
-0.084,-0.063,-0.063
-0.084,-0.062,-0.062
-0.083,-0.062,-0.062
-0.083,-0.061,-0.061
-0.083,-0.06,-0.06
-0.082,-0.06,-0.06
-0.082,-0.059,-0.059
-0.081,-0.058,-0.058
-0.081,-0.057,-0.057
-0.08,-0.056,-0.056
-0.08,-0.056,-0.056
-0.079,-0.055,-0.055
-0.079,-0.054,-0.054
-0.078,-0.053,-0.053
-0.078,-0.052,-0.052
-0.077,-0.051,-0.051
-0.076,-0.051,-0.051
-0.076,-0.05,-0.05
-0.075,-0.049,-0.049
-0.074,-0.049,-0.049
-0.073,-0.048,-0.048
-0.073,-0.048,-0.048
-0.072,-0.047,-0.047
-0.071,-0.047,-0.047
-0.071,-0.047,-0.047
-0.07,-0.047,-0.047
-0.069,-0.047,-0.047
-0.069,-0.046,-0.046
-0.068,-0.046,-0.046
