-0.099,-0.093,-0.02,-0.057,-0.025,-0.099,-0.093
-0.098,-0.094,-0.021,-0.057,-0.025,-0.098,-0.092
-0.098,-0.094,-0.021,-0.057,-0.025,-0.098,-0.09
-0.097,-0.095,-0.022,-0.057,-0.025,-0.097,-0.089
-0.096,-0.096,-0.023,-0.057,-0.024,-0.096,-0.088
-0.096,-0.097,-0.024,-0.057,-0.024,-0.096,-0.087
-0.095,-0.098,-0.025,-0.058,-0.024,-0.095,-0.085
-0.094,-0.099,-0.026,-0.058,-0.023,-0.094,-0.084
-0.093,-0.1,-0.027,-0.058,-0.023,-0.093,-0.083
-0.091,-0.101,-0.028,-0.058,-0.022,-0.091,-0.082
-0.09,-0.101,-0.029,-0.058,-0.021,-0.09,-0.081
-0.088,-0.102,-0.029,-0.058,-0.02,-0.088,-0.08
-0.087,-0.103,-0.03,-0.058,-0.019,-0.087,-0.079
-0.085,-0.103,-0.03,-0.057,-0.018,-0.085,-0.078
-0.084,-0.104,-0.03,-0.057,-0.017,-0.084,-0.078
-0.082,-0.104,-0.03,-0.057,-0.016,-0.082,-0.077
-0.08,-0.104,-0.03,-0.056,-0.015,-0.08,-0.077
-0.078,-0.104,-0.029,-0.056,-0.013,-0.078,-0.076
-0.076,-0.104,-0.028,-0.055,-0.012,-0.076,-0.076
-0.074,-0.103,-0.027,-0.054,-0.011,-0.074,-0.076
-0.073,-0.103,-0.026,-0.053,-0.009,-0.073,-0.075
-0.071,-0.102,-0.024,-0.052,-0.008,-0.071,-0.075
-0.069,-0.102,-0.022,-0.051,-0.006,-0.069,-0.075
-0.067,-0.101,-0.02,-0.05,-0.005,-0.067,-0.075
-0.066,-0.1,-0.018,-0.049,-0.003,-0.066,-0.075
-0.064,-0.099,-0.015,-0.048,-0.002,-0.064,-0.075
-0.063,-0.098,-0.013,-0.047,0,-0.063,-0.074
-0.061,-0.097,-0.01,-0.046,0.001,-0.061,-0.074
-0.06,-0.096,-0.007,-0.045,0.003,-0.06,-0.074
-0.059,-0.095,-0.005,-0.043,0.004,-0.059,-0.073
-0.057,-0.093,-0.002,-0.042,0.005,-0.057,-0.073
-0.056,-0.092,0.001,-0.041,0.006,-0.056,-0.072
-0.055,-0.091,0.003,-0.04,0.008,-0.055,-0.072
-0.054,-0.09,0.006,-0.039,0.009,-0.054,-0.071
-0.053,-0.089,0.008,-0.038,0.01,-0.053,-0.07
-0.053,-0.088,0.01,-0.037,0.011,-0.053,-0.069
-0.052,-0.087,0.012,-0.036,0.011,-0.052,-0.068
-0.051,-0.086,0.014,-0.035,0.012,-0.051,-0.067
-0.05,-0.085,0.015,-0.035,0.013,-0.05,-0.066
-0.049,-0.084,0.017,-0.034,0.014,-0.049,-0.064
-0.048,-0.083,0.018,-0.033,0.014,-0.048,-0.063
-0.047,-0.082,0.019,-0.033,0.015,-0.047,-0.061
-0.046,-0.082,0.019,-0.032,0.016,-0.046,-0.06
-0.045,-0.081,0.02,-0.031,0.016,-0.045,-0.058
-0.044,-0.081,0.02,-0.031,0.017,-0.044,-0.057
-0.042,-0.08,0.02,-0.03,0.017,-0.042,-0.055
-0.041,-0.08,0.02,-0.029,0.018,-0.041,-0.053
-0.039,-0.079,0.02,-0.029,0.019,-0.039,-0.052
-0.038,-0.079,0.02,-0.028,0.019,-0.038,-0.05
-0.036,-0.079,0.02,-0.027,0.02,-0.036,-0.049
-0.034,-0.079,0.02,-0.026,0.021,-0.034,-0.047
-0.032,-0.078,0.02,-0.026,0.022,-0.032,-0.046
-0.03,-0.078,0.02,-0.025,0.023,-0.03,-0.045
-0.027,-0.078,0.019,-0.024,0.024,-0.027,-0.043
-0.025,-0.078,0.019,-0.023,0.025,-0.025,-0.042
-0.022,-0.078,0.02,-0.021,0.026,-0.022,-0.041
-0.02,-0.077,0.02,-0.02,0.027,-0.02,-0.04
-0.017,-0.077,0.02,-0.019,0.028,-0.017,-0.04
-0.014,-0.077,0.021,-0.017,0.029,-0.014,-0.039
-0.011,-0.077,0.021,-0.016,0.031,-0.011,-0.038
-0.008,-0.076,0.022,-0.014,0.032,-0.008,-0.038
-0.006,-0.076,0.023,-0.013,0.033,-0.006,-0.038
-0.003,-0.076,0.024,-0.011,0.034,-0.003,-0.037
0.001,-0.075,0.025,-0.01,0.036,0.001,-0.037
0.004,-0.075,0.027,-0.008,0.037,0.004,-0.037
0.007,-0.075,0.028,-0.007,0.038,0.007,-0.037
0.01,-0.074,0.03,-0.005,0.039,0.01,-0.037
0.013,-0.074,0.031,-0.004,0.04,0.013,-0.037
0.016,-0.074,0.033,-0.002,0.041,0.016,-0.038
0.019,-0.073,0.034,-0.001,0.042,0.019,-0.038
0.021,-0.073,0.036,0,0.042,0.021,-0.038
0.024,-0.073,0.037,0.002,0.043,0.024,-0.038
0.027,-0.072,0.039,0.003,0.044,0.027,-0.038
0.03,-0.072,0.04,0.004,0.044,0.03,-0.039
0.032,-0.072,0.041,0.004,0.044,0.032,-0.039
0.035,-0.072,0.042,0.005,0.044,0.035,-0.039
0.038,-0.072,0.043,0.005,0.044,0.038,-0.039
0.04,-0.071,0.044,0.006,0.044,0.04,-0.039
0.043,-0.071,0.045,0.006,0.044,0.043,-0.038
0.045,-0.071,0.045,0.006,0.044,0.045,-0.038
0.048,-0.071,0.045,0.006,0.044,0.048,-0.038
0.05,-0.071,0.045,0.006,0.043,0.05,-0.037
0.052,-0.07,0.046,0.006,0.043,0.052,-0.036
0.055,-0.07,0.045,0.005,0.042,0.055,-0.035
0.057,-0.07,0.045,0.005,0.042,0.057,-0.034
0.06,-0.07,0.045,0.004,0.041,0.06,-0.033
0.062,-0.069,0.044,0.004,0.041,0.062,-0.032
0.064,-0.069,0.044,0.003,0.04,0.064,-0.031
0.067,-0.068,0.043,0.003,0.04,0.067,-0.029
0.069,-0.068,0.043,0.002,0.039,0.069,-0.028
0.072,-0.068,0.042,0.002,0.039,0.072,-0.026
0.074,-0.067,0.042,0.001,0.038,0.074,-0.025
0.077,-0.066,0.041,0.001,0.038,0.077,-0.023
0.079,-0.066,0.041,0.001,0.038,0.079,-0.022
0.082,-0.065,0.04,0.001,0.038,0.082,-0.02
0.084,-0.064,0.04,0.001,0.037,0.084,-0.019
0.086,-0.064,0.04,0.001,0.037,0.086,-0.018
0.089,-0.063,0.04,0.001,0.037,0.089,-0.017
0.091,-0.062,0.04,0.001,0.037,0.091,-0.016
0.093,-0.061,0.04,0.002,0.037,0.093,-0.015
0.096,-0.061,0.04,0.003,0.037,0.096,-0.015
0.098,-0.06,0.04,0.004,0.037,0.098,-0.014
0.1,-0.06,0.04,0.005,0.037,0.1,-0.014
0.102,-0.059,0.041,0.006,0.038,0.102,-0.014
0.103,-0.059,0.041,0.007,0.038,0.103,-0.015
0.105,-0.058,0.041,0.008,0.038,0.105,-0.015
0.107,-0.058,0.042,0.009,0.038,0.107,-0.016
0.108,-0.058,0.043,0.011,0.038,0.108,-0.017
0.109,-0.058,0.043,0.012,0.039,0.109,-0.018
0.11,-0.058,0.044,0.014,0.039,0.11,-0.019
0.111,-0.058,0.044,0.015,0.039,0.111,-0.02
0.112,-0.058,0.045,0.016,0.039,0.112,-0.022
0.113,-0.058,0.045,0.018,0.039,0.113,-0.023
0.113,-0.058,0.046,0.019,0.039,0.113,-0.025
0.114,-0.059,0.046,0.02,0.039,0.114,-0.027
0.114,-0.059,0.047,0.021,0.039,0.114,-0.028
0.114,-0.06,0.047,0.022,0.039,0.114,-0.029
0.115,-0.06,0.047,0.023,0.04,0.115,-0.031
0.115,-0.061,0.047,0.023,0.04,0.115,-0.032
0.115,-0.062,0.047,0.024,0.04,0.115,-0.033
0.115,-0.062,0.047,0.024,0.04,0.115,-0.034
0.115,-0.063,0.047,0.024,0.04,0.115,-0.035
0.115,-0.063,0.047,0.024,0.04,0.115,-0.036
0.115,-0.064,0.046,0.024,0.04,0.115,-0.036
0.115,-0.064,0.046,0.024,0.04,0.115,-0.037
0.115,-0.064,0.045,0.024,0.04,0.115,-0.037
0.115,-0.065,0.045,0.023,0.039,0.115,-0.037
0.115,-0.065,0.044,0.023,0.039,0.115,-0.036
0.115,-0.065,0.043,0.023,0.039,0.115,-0.036
0.115,-0.065,0.043,0.022,0.039,0.115,-0.036
0.115,-0.064,0.042,0.022,0.039,0.115,-0.035
0.115,-0.064,0.041,0.021,0.039,0.115,-0.035
0.115,-0.063,0.04,0.021,0.039,0.115,-0.034
0.116,-0.063,0.04,0.02,0.039,0.116,-0.033
0.116,-0.062,0.039,0.02,0.039,0.116,-0.033
0.116,-0.061,0.039,0.02,0.039,0.116,-0.032
0.117,-0.06,0.038,0.02,0.039,0.117,-0.031
0.117,-0.059,0.038,0.02,0.038,0.117,-0.031
0.118,-0.058,0.037,0.02,0.038,0.118,-0.03
0.118,-0.057,0.037,0.02,0.038,0.118,-0.03
0.119,-0.056,0.037,0.021,0.037,0.119,-0.029
0.119,-0.055,0.036,0.021,0.037,0.119,-0.029
0.119,-0.054,0.036,0.022,0.037,0.119,-0.029
0.12,-0.053,0.036,0.023,0.036,0.12,-0.029
0.12,-0.052,0.037,0.024,0.036,0.12,-0.029
0.12,-0.051,0.037,0.025,0.035,0.12,-0.029
0.12,-0.051,0.037,0.026,0.034,0.12,-0.029
0.121,-0.05,0.037,0.027,0.034,0.121,-0.029
0.121,-0.049,0.037,0.028,0.033,0.121,-0.03
0.12,-0.049,0.038,0.029,0.032,0.12,-0.03
0.12,-0.048,0.038,0.03,0.031,0.12,-0.031
0.12,-0.048,0.038,0.031,0.03,0.12,-0.031
0.119,-0.048,0.038,0.032,0.03,0.119,-0.032
0.119,-0.048,0.038,0.033,0.029,0.119,-0.032
0.118,-0.048,0.038,0.033,0.028,0.118,-0.033
0.117,-0.048,0.039,0.034,0.027,0.117,-0.033
0.116,-0.048,0.039,0.035,0.026,0.116,-0.034
0.115,-0.049,0.038,0.035,0.025,0.115,-0.034
0.114,-0.049,0.038,0.035,0.024,0.114,-0.035
0.112,-0.049,0.038,0.036,0.023,0.112,-0.035
0.111,-0.05,0.038,0.036,0.022,0.111,-0.036
0.109,-0.05,0.037,0.036,0.021,0.109,-0.036
0.108,-0.05,0.037,0.035,0.02,0.108,-0.036
0.106,-0.051,0.036,0.035,0.019,0.106,-0.037
0.105,-0.051,0.035,0.035,0.018,0.105,-0.037
0.103,-0.052,0.035,0.034,0.017,0.103,-0.037
0.101,-0.052,0.034,0.034,0.016,0.101,-0.037
0.1,-0.052,0.033,0.033,0.014,0.1,-0.038
0.098,-0.052,0.032,0.033,0.013,0.098,-0.038
0.097,-0.053,0.031,0.032,0.012,0.097,-0.038
0.095,-0.053,0.029,0.031,0.01,0.095,-0.039
0.094,-0.053,0.028,0.031,0.009,0.094,-0.039
0.093,-0.053,0.027,0.03,0.007,0.093,-0.04
0.091,-0.053,0.025,0.029,0.006,0.091,-0.041
0.09,-0.053,0.024,0.029,0.004,0.09,-0.041
0.089,-0.052,0.023,0.028,0.002,0.089,-0.042
0.088,-0.052,0.021,0.028,0.001,0.088,-0.044
0.087,-0.052,0.019,0.027,-0.001,0.087,-0.045
0.086,-0.052,0.018,0.027,-0.003,0.086,-0.046
0.085,-0.052,0.016,0.026,-0.005,0.085,-0.048
0.084,-0.052,0.014,0.026,-0.007,0.084,-0.049
0.083,-0.051,0.012,0.026,-0.008,0.083,-0.051
0.083,-0.051,0.01,0.026,-0.01,0.083,-0.053
0.082,-0.051,0.008,0.026,-0.012,0.082,-0.055
0.081,-0.051,0.006,0.025,-0.014,0.081,-0.056
0.079,-0.051,0.004,0.025,-0.016,0.079,-0.058
0.078,-0.051,0.002,0.025,-0.017,0.078,-0.06
0.077,-0.051,0,0.025,-0.019,0.077,-0.062
0.076,-0.051,-0.002,0.025,-0.021,0.076,-0.063
0.074,-0.051,-0.004,0.025,-0.022,0.074,-0.065
0.073,-0.051,-0.006,0.025,-0.024,0.073,-0.066
0.071,-0.051,-0.008,0.025,-0.025,0.071,-0.067
0.07,-0.051,-0.01,0.025,-0.026,0.07,-0.068
0.068,-0.051,-0.012,0.025,-0.028,0.068,-0.069
0.066,-0.051,-0.014,0.025,-0.029,0.066,-0.069
0.064,-0.052,-0.016,0.024,-0.03,0.064,-0.069
0.062,-0.052,-0.018,0.024,-0.031,0.062,-0.069
0.06,-0.052,-0.02,0.024,-0.032,0.06,-0.069
0.058,-0.052,-0.022,0.023,-0.033,0.058,-0.069
0.056,-0.053,-0.024,0.023,-0.034,0.056,-0.068
0.054,-0.053,-0.025,0.022,-0.034,0.054,-0.067
0.052,-0.053,-0.027,0.021,-0.035,0.052,-0.066
0.049,-0.053,-0.028,0.021,-0.036,0.049,-0.064
0.047,-0.053,-0.03,0.02,-0.036,0.047,-0.063
0.045,-0.053,-0.031,0.019,-0.037,0.045,-0.061
0.043,-0.053,-0.032,0.018,-0.038,0.043,-0.059
0.041,-0.053,-0.033,0.017,-0.038,0.041,-0.057
0.039,-0.053,-0.034,0.016,-0.039,0.039,-0.055
0.037,-0.053,-0.035,0.015,-0.039,0.037,-0.053
0.036,-0.052,-0.036,0.014,-0.04,0.036,-0.051
0.034,-0.052,-0.037,0.013,-0.04,0.034,-0.049
0.032,-0.051,-0.038,0.012,-0.041,0.032,-0.048
0.031,-0.051,-0.039,0.011,-0.042,0.031,-0.046
0.029,-0.05,-0.039,0.01,-0.042,0.029,-0.044
0.028,-0.05,-0.04,0.009,-0.043,0.028,-0.042
0.027,-0.049,-0.04,0.008,-0.044,0.027,-0.041
0.026,-0.048,-0.041,0.007,-0.044,0.026,-0.04
0.024,-0.048,-0.041,0.006,-0.045,0.024,-0.039
0.023,-0.047,-0.041,0.005,-0.046,0.023,-0.038
0.022,-0.047,-0.041,0.004,-0.047,0.022,-0.037
0.021,-0.046,-0.042,0.003,-0.047,0.021,-0.036
0.02,-0.046,-0.042,0.002,-0.048,0.02,-0.036
0.019,-0.046,-0.042,0.001,-0.049,0.019,-0.036
0.018,-0.045,-0.042,0,-0.05,0.018,-0.036
0.017,-0.045,-0.041,-0.001,-0.051,0.017,-0.036
0.016,-0.045,-0.041,-0.002,-0.051,0.016,-0.036
0.015,-0.045,-0.041,-0.003,-0.052,0.015,-0.037
0.014,-0.045,-0.041,-0.004,-0.053,0.014,-0.037
0.012,-0.046,-0.04,-0.005,-0.054,0.012,-0.038
0.011,-0.046,-0.04,-0.006,-0.054,0.011,-0.039
0.01,-0.046,-0.039,-0.007,-0.055,0.01,-0.04
0.008,-0.047,-0.039,-0.008,-0.056,0.008,-0.04
0.007,-0.047,-0.039,-0.009,-0.057,0.007,-0.041
0.006,-0.048,-0.038,-0.01,-0.057,0.006,-0.042
0.004,-0.048,-0.038,-0.011,-0.058,0.004,-0.043
0.002,-0.049,-0.037,-0.012,-0.059,0.002,-0.044
0.001,-0.049,-0.037,-0.013,-0.059,0.001,-0.044
-0.001,-0.049,-0.037,-0.013,-0.06,-0.001,-0.045
-0.002,-0.05,-0.036,-0.014,-0.06,-0.002,-0.045
-0.004,-0.05,-0.036,-0.015,-0.061,-0.004,-0.045
-0.005,-0.05,-0.036,-0.016,-0.061,-0.005,-0.046
-0.007,-0.05,-0.036,-0.017,-0.062,-0.007,-0.046
-0.008,-0.05,-0.036,-0.018,-0.062,-0.008,-0.046
-0.009,-0.05,-0.037,-0.019,-0.063,-0.009,-0.046
-0.01,-0.05,-0.037,-0.02,-0.063,-0.01,-0.045
-0.011,-0.05,-0.038,-0.02,-0.064,-0.011,-0.045
-0.012,-0.05,-0.038,-0.021,-0.064,-0.012,-0.044
-0.013,-0.05,-0.039,-0.022,-0.064,-0.013,-0.044
-0.014,-0.049,-0.04,-0.023,-0.064,-0.014,-0.043
-0.015,-0.049,-0.041,-0.023,-0.064,-0.015,-0.042
-0.015,-0.048,-0.042,-0.024,-0.064,-0.015,-0.042
-0.015,-0.048,-0.044,-0.025,-0.064,-0.015,-0.041
-0.016,-0.048,-0.045,-0.026,-0.064,-0.016,-0.04
-0.016,-0.047,-0.046,-0.027,-0.064,-0.016,-0.039
-0.016,-0.047,-0.048,-0.027,-0.064,-0.016,-0.038
-0.016,-0.047,-0.049,-0.028,-0.063,-0.016,-0.037
-0.015,-0.046,-0.051,-0.029,-0.063,-0.015,-0.036
-0.015,-0.046,-0.052,-0.03,-0.062,-0.015,-0.035
-0.015,-0.046,-0.053,-0.031,-0.061,-0.015,-0.034
-0.014,-0.046,-0.055,-0.032,-0.061,-0.014,-0.034
-0.014,-0.046,-0.056,-0.033,-0.06,-0.014,-0.033
-0.014,-0.046,-0.057,-0.034,-0.059,-0.014,-0.032
-0.013,-0.046,-0.058,-0.035,-0.058,-0.013,-0.032
-0.013,-0.046,-0.059,-0.036,-0.057,-0.013,-0.031
-0.012,-0.046,-0.06,-0.037,-0.056,-0.012,-0.031
-0.012,-0.047,-0.061,-0.038,-0.055,-0.012,-0.031
-0.012,-0.047,-0.061,-0.039,-0.054,-0.012,-0.03
-0.012,-0.047,-0.062,-0.04,-0.053,-0.012,-0.03
-0.012,-0.048,-0.062,-0.041,-0.053,-0.012,-0.03
-0.012,-0.048,-0.062,-0.042,-0.052,-0.012,-0.03
-0.012,-0.049,-0.062,-0.043,-0.051,-0.012,-0.031
-0.013,-0.049,-0.062,-0.045,-0.05,-0.013,-0.031
-0.013,-0.049,-0.062,-0.046,-0.049,-0.013,-0.031
-0.014,-0.05,-0.062,-0.047,-0.049,-0.014,-0.032
-0.015,-0.05,-0.062,-0.048,-0.048,-0.015,-0.032
-0.016,-0.05,-0.062,-0.049,-0.048,-0.016,-0.033
-0.017,-0.051,-0.061,-0.05,-0.047,-0.017,-0.033
-0.018,-0.051,-0.061,-0.051,-0.047,-0.018,-0.034
-0.019,-0.051,-0.061,-0.052,-0.047,-0.019,-0.034
-0.021,-0.051,-0.061,-0.053,-0.046,-0.021,-0.035
-0.022,-0.051,-0.06,-0.054,-0.046,-0.022,-0.036
-0.023,-0.051,-0.06,-0.055,-0.046,-0.023,-0.036
-0.025,-0.051,-0.06,-0.055,-0.046,-0.025,-0.037
-0.026,-0.05,-0.06,-0.056,-0.046,-0.026,-0.037
-0.028,-0.05,-0.06,-0.057,-0.046,-0.028,-0.037
-0.029,-0.05,-0.06,-0.057,-0.047,-0.029,-0.038
-0.031,-0.049,-0.06,-0.057,-0.047,-0.031,-0.038
-0.032,-0.049,-0.06,-0.057,-0.047,-0.032,-0.038
-0.033,-0.049,-0.06,-0.057,-0.047,-0.033,-0.038
-0.034,-0.048,-0.061,-0.057,-0.047,-0.034,-0.038
-0.035,-0.048,-0.061,-0.057,-0.047,-0.035,-0.037
-0.035,-0.047,-0.061,-0.057,-0.048,-0.035,-0.037
-0.036,-0.047,-0.061,-0.056,-0.048,-0.036,-0.037
-0.036,-0.046,-0.062,-0.056,-0.048,-0.036,-0.036
-0.037,-0.045,-0.062,-0.055,-0.048,-0.037,-0.035
-0.037,-0.045,-0.062,-0.055,-0.048,-0.037,-0.034
-0.036,-0.045,-0.062,-0.054,-0.049,-0.036,-0.034
-0.036,-0.044,-0.062,-0.054,-0.049,-0.036,-0.033
-0.035,-0.044,-0.062,-0.053,-0.049,-0.035,-0.032
-0.035,-0.043,-0.062,-0.053,-0.049,-0.035,-0.031
-0.034,-0.043,-0.062,-0.052,-0.049,-0.034,-0.029
-0.033,-0.042,-0.062,-0.052,-0.05,-0.033,-0.028
-0.032,-0.042,-0.062,-0.052,-0.05,-0.032,-0.027
-0.031,-0.041,-0.061,-0.052,-0.051,-0.031,-0.026
-0.03,-0.041,-0.061,-0.051,-0.051,-0.03,-0.025
-0.029,-0.041,-0.06,-0.052,-0.052,-0.029,-0.024
-0.028,-0.04,-0.059,-0.052,-0.052,-0.028,-0.023
-0.026,-0.04,-0.059,-0.052,-0.053,-0.026,-0.022
-0.025,-0.039,-0.058,-0.052,-0.054,-0.025,-0.021
-0.024,-0.039,-0.057,-0.053,-0.054,-0.024,-0.02
-0.023,-0.038,-0.056,-0.053,-0.055,-0.023,-0.019
-0.022,-0.038,-0.055,-0.054,-0.056,-0.022,-0.018
-0.021,-0.037,-0.055,-0.055,-0.057,-0.021,-0.017
-0.021,-0.037,-0.054,-0.056,-0.058,-0.021,-0.016
-0.02,-0.037,-0.053,-0.057,-0.059,-0.02,-0.015
-0.02,-0.036,-0.052,-0.058,-0.06,-0.02,-0.014
-0.02,-0.036,-0.051,-0.059,-0.061,-0.02,-0.014
-0.02,-0.035,-0.051,-0.06,-0.062,-0.02,-0.013
-0.02,-0.035,-0.05,-0.061,-0.063,-0.02,-0.012
-0.02,-0.034,-0.05,-0.062,-0.064,-0.02,-0.011
-0.02,-0.034,-0.049,-0.063,-0.065,-0.02,-0.011
-0.021,-0.033,-0.049,-0.064,-0.066,-0.021,-0.01
-0.021,-0.033,-0.049,-0.065,-0.066,-0.021,-0.009
-0.022,-0.033,-0.049,-0.066,-0.066,-0.022,-0.009
-0.023,-0.032,-0.049,-0.066,-0.067,-0.023,-0.008
-0.024,-0.032,-0.049,-0.067,-0.067,-0.024,-0.008
-0.024,-0.032,-0.049,-0.068,-0.066,-0.024,-0.007
-0.025,-0.032,-0.049,-0.068,-0.066,-0.025,-0.006
-0.026,-0.031,-0.049,-0.069,-0.065,-0.026,-0.006
-0.027,-0.031,-0.049,-0.069,-0.065,-0.027,-0.006
-0.028,-0.031,-0.049,-0.069,-0.064,-0.028,-0.005
-0.029,-0.031,-0.05,-0.069,-0.063,-0.029,-0.005
-0.03,-0.031,-0.05,-0.069,-0.061,-0.03,-0.005
-0.031,-0.031,-0.05,-0.069,-0.06,-0.031,-0.005
-0.031,-0.031,-0.05,-0.069,-0.058,-0.031,-0.005
-0.032,-0.031,-0.05,-0.068,-0.057,-0.032,-0.005
-0.033,-0.031,-0.05,-0.068,-0.055,-0.033,-0.005
-0.033,-0.031,-0.05,-0.067,-0.053,-0.033,-0.005
-0.033,-0.031,-0.05,-0.066,-0.051,-0.033,-0.005
-0.033,-0.032,-0.05,-0.066,-0.049,-0.033,-0.006
-0.033,-0.032,-0.049,-0.065,-0.047,-0.033,-0.006
-0.033,-0.032,-0.049,-0.063,-0.045,-0.033,-0.006
-0.033,-0.032,-0.049,-0.062,-0.044,-0.033,-0.007
-0.033,-0.032,-0.048,-0.061,-0.042,-0.033,-0.008
-0.032,-0.032,-0.048,-0.06,-0.04,-0.032,-0.008
-0.032,-0.032,-0.047,-0.059,-0.039,-0.032,-0.009
-0.031,-0.032,-0.047,-0.058,-0.037,-0.031,-0.01
-0.031,-0.032,-0.046,-0.056,-0.036,-0.031,-0.01
-0.03,-0.032,-0.045,-0.055,-0.035,-0.03,-0.011
-0.029,-0.032,-0.045,-0.054,-0.034,-0.029,-0.012
-0.029,-0.032,-0.044,-0.053,-0.033,-0.029,-0.012
-0.028,-0.032,-0.043,-0.052,-0.033,-0.028,-0.013
-0.027,-0.032,-0.042,-0.051,-0.033,-0.027,-0.014
-0.026,-0.031,-0.042,-0.05,-0.033,-0.026,-0.014
-0.025,-0.031,-0.041,-0.049,-0.033,-0.025,-0.015
-0.025,-0.031,-0.041,-0.049,-0.033,-0.025,-0.015
-0.024,-0.03,-0.04,-0.048,-0.034,-0.024,-0.015
-0.023,-0.03,-0.039,-0.048,-0.034,-0.023,-0.016
-0.023,-0.03,-0.039,-0.047,-0.035,-0.023,-0.016
-0.022,-0.029,-0.038,-0.047,-0.036,-0.022,-0.016
-0.022,-0.029,-0.038,-0.047,-0.037,-0.022,-0.016
-0.022,-0.029,-0.038,-0.047,-0.038,-0.022,-0.016
-0.021,-0.028,-0.037,-0.047,-0.039,-0.021,-0.016
-0.021,-0.028,-0.037,-0.047,-0.04,-0.021,-0.016
-0.021,-0.028,-0.037,-0.047,-0.041,-0.021,-0.015
-0.021,-0.027,-0.037,-0.047,-0.042,-0.021,-0.015
-0.021,-0.027,-0.037,-0.047,-0.043,-0.021,-0.015
-0.021,-0.027,-0.037,-0.048,-0.044,-0.021,-0.014
-0.022,-0.027,-0.037,-0.048,-0.045,-0.022,-0.014
-0.022,-0.027,-0.037,-0.048,-0.046,-0.022,-0.013
-0.022,-0.026,-0.037,-0.048,-0.047,-0.022,-0.013
-0.023,-0.026,-0.037,-0.049,-0.047,-0.023,-0.012
-0.023,-0.026,-0.037,-0.049,-0.047,-0.023,-0.012
-0.024,-0.026,-0.037,-0.049,-0.048,-0.024,-0.011
-0.024,-0.026,-0.037,-0.049,-0.048,-0.024,-0.011
-0.025,-0.026,-0.037,-0.049,-0.048,-0.025,-0.011
-0.025,-0.025,-0.037,-0.049,-0.048,-0.025,-0.01
-0.026,-0.025,-0.037,-0.049,-0.048,-0.026,-0.01
-0.026,-0.025,-0.037,-0.049,-0.047,-0.026,-0.01
-0.027,-0.025,-0.037,-0.049,-0.047,-0.027,-0.009
-0.027,-0.024,-0.037,-0.049,-0.047,-0.027,-0.009
-0.027,-0.024,-0.037,-0.049,-0.046,-0.027,-0.009
-0.027,-0.023,-0.037,-0.048,-0.045,-0.027,-0.009
-0.028,-0.023,-0.037,-0.048,-0.045,-0.028,-0.009
-0.028,-0.022,-0.037,-0.048,-0.044,-0.028,-0.009
-0.028,-0.022,-0.037,-0.047,-0.043,-0.028,-0.009
-0.027,-0.021,-0.037,-0.047,-0.042,-0.027,-0.008
-0.027,-0.021,-0.036,-0.047,-0.042,-0.027,-0.008
-0.027,-0.02,-0.036,-0.046,-0.041,-0.027,-0.008
-0.026,-0.019,-0.036,-0.046,-0.04,-0.026,-0.008
-0.026,-0.019,-0.035,-0.046,-0.04,-0.026,-0.008
-0.025,-0.018,-0.035,-0.046,-0.039,-0.025,-0.008
-0.024,-0.017,-0.035,-0.045,-0.038,-0.024,-0.008
-0.024,-0.017,-0.034,-0.045,-0.037,-0.024,-0.007
-0.023,-0.016,-0.034,-0.045,-0.037,-0.023,-0.007
-0.022,-0.015,-0.033,-0.045,-0.036,-0.022,-0.007
-0.021,-0.015,-0.033,-0.045,-0.036,-0.021,-0.006
-0.02,-0.014,-0.032,-0.045,-0.035,-0.02,-0.006
-0.019,-0.014,-0.032,-0.045,-0.034,-0.019,-0.006
-0.018,-0.013,-0.031,-0.045,-0.034,-0.018,-0.005
-0.017,-0.013,-0.031,-0.045,-0.033,-0.017,-0.005
-0.016,-0.012,-0.03,-0.046,-0.032,-0.016,-0.004
-0.016,-0.012,-0.03,-0.046,-0.032,-0.016,-0.004
-0.015,-0.011,-0.029,-0.046,-0.031,-0.015,-0.003
-0.014,-0.011,-0.029,-0.047,-0.031,-0.014,-0.003
-0.013,-0.011,-0.028,-0.047,-0.03,-0.013,-0.002
-0.012,-0.01,-0.028,-0.048,-0.029,-0.012,-0.002
-0.011,-0.01,-0.028,-0.048,-0.028,-0.011,-0.002
-0.011,-0.01,-0.028,-0.048,-0.028,-0.011,-0.002
-0.01,-0.01,-0.028,-0.049,-0.027,-0.01,-0.001
-0.009,-0.01,-0.028,-0.049,-0.026,-0.009,-0.001
-0.009,-0.01,-0.028,-0.05,-0.026,-0.009,-0.001
-0.008,-0.01,-0.028,-0.05,-0.025,-0.008,-0.001
-0.007,-0.009,-0.028,-0.05,-0.024,-0.007,-0.001
-0.007,-0.009,-0.028,-0.05,-0.024,-0.007,-0.002
-0.006,-0.009,-0.028,-0.05,-0.023,-0.006,-0.002
-0.006,-0.009,-0.029,-0.05,-0.022,-0.006,-0.002
-0.005,-0.009,-0.029,-0.05,-0.022,-0.005,-0.002
-0.005,-0.009,-0.029,-0.05,-0.022,-0.005,-0.003
-0.004,-0.009,-0.03,-0.05,-0.021,-0.004,-0.003
-0.004,-0.009,-0.03,-0.05,-0.021,-0.004,-0.004
-0.004,-0.009,-0.031,-0.049,-0.021,-0.004,-0.004
-0.003,-0.009,-0.031,-0.049,-0.021,-0.003,-0.004
-0.003,-0.009,-0.031,-0.048,-0.021,-0.003,-0.005
-0.003,-0.009,-0.032,-0.048,-0.022,-0.003,-0.005
-0.002,-0.008,-0.032,-0.047,-0.022,-0.002,-0.006
-0.002,-0.008,-0.032,-0.046,-0.023,-0.002,-0.006
-0.002,-0.008,-0.033,-0.045,-0.023,-0.002,-0.006
-0.002,-0.007,-0.033,-0.045,-0.024,-0.002,-0.007
-0.002,-0.007,-0.033,-0.044,-0.025,-0.002,-0.007
-0.002,-0.006,-0.033,-0.043,-0.026,-0.002,-0.007
-0.002,-0.006,-0.033,-0.042,-0.026,-0.002,-0.007
-0.002,-0.005,-0.033,-0.041,-0.027,-0.002,-0.007
-0.002,-0.005,-0.034,-0.04,-0.028,-0.002,-0.007
-0.002,-0.004,-0.034,-0.04,-0.029,-0.002,-0.007
-0.002,-0.003,-0.034,-0.039,-0.03,-0.002,-0.007
-0.003,-0.002,-0.033,-0.038,-0.031,-0.003,-0.007
-0.003,-0.001,-0.033,-0.037,-0.032,-0.003,-0.007
-0.003,-0.001,-0.033,-0.037,-0.033,-0.003,-0.006
-0.004,0,-0.033,-0.036,-0.034,-0.004,-0.006
-0.004,0.001,-0.033,-0.035,-0.035,-0.004,-0.006
-0.004,0.002,-0.033,-0.035,-0.036,-0.004,-0.005
-0.005,0.002,-0.033,-0.034,-0.036,-0.005,-0.005
-0.005,0.003,-0.033,-0.034,-0.037,-0.005,-0.004
-0.005,0.004,-0.033,-0.033,-0.037,-0.005,-0.004
-0.005,0.004,-0.032,-0.033,-0.037,-0.005,-0.003
-0.005,0.005,-0.032,-0.033,-0.037,-0.005,-0.003
-0.005,0.005,-0.032,-0.033,-0.037,-0.005,-0.002
-0.005,0.005,-0.032,-0.033,-0.037,-0.005,-0.002
-0.005,0.006,-0.032,-0.032,-0.037,-0.005,-0.002
-0.005,0.006,-0.032,-0.032,-0.036,-0.005,-0.001
-0.005,0.006,-0.031,-0.032,-0.036,-0.005,-0.001
-0.004,0.006,-0.031,-0.032,-0.035,-0.004,0
-0.003,0.005,-0.031,-0.032,-0.034,-0.003,0
-0.003,0.005,-0.031,-0.033,-0.034,-0.003,0
-0.002,0.005,-0.03,-0.033,-0.033,-0.002,0
-0.001,0.005,-0.03,-0.033,-0.032,-0.001,0
0,0.004,-0.03,-0.033,-0.031,0,0
0.002,0.004,-0.029,-0.033,-0.03,0.002,0
0.003,0.004,-0.029,-0.033,-0.029,0.003,0
0.004,0.003,-0.029,-0.033,-0.028,0.004,-0.001
0.006,0.003,-0.028,-0.033,-0.027,0.006,-0.001
0.007,0.003,-0.028,-0.033,-0.026,0.007,-0.002
0.009,0.003,-0.027,-0.033,-0.025,0.009,-0.002
0.01,0.002,-0.027,-0.033,-0.024,0.01,-0.003
0.012,0.002,-0.026,-0.033,-0.023,0.012,-0.004
0.013,0.002,-0.025,-0.033,-0.023,0.013,-0.005
0.015,0.002,-0.025,-0.033,-0.022,0.015,-0.006
0.016,0.002,-0.024,-0.032,-0.022,0.016,-0.007
0.018,0.003,-0.024,-0.032,-0.021,0.018,-0.008
0.019,0.003,-0.023,-0.032,-0.021,0.019,-0.009
0.02,0.003,-0.023,-0.032,-0.021,0.02,-0.011
0.022,0.004,-0.022,-0.031,-0.021,0.022,-0.012
0.023,0.004,-0.022,-0.031,-0.021,0.023,-0.013
0.024,0.005,-0.022,-0.031,-0.021,0.024,-0.014
0.025,0.005,-0.021,-0.03,-0.021,0.025,-0.015
0.025,0.006,-0.021,-0.03,-0.021,0.025,-0.017
0.026,0.006,-0.021,-0.029,-0.021,0.026,-0.018
0.027,0.007,-0.021,-0.029,-0.021,0.027,-0.018
0.027,0.008,-0.021,-0.029,-0.021,0.027,-0.019
0.028,0.008,-0.021,-0.028,-0.021,0.028,-0.02
0.028,0.009,-0.021,-0.028,-0.021,0.028,-0.02
0.028,0.009,-0.022,-0.028,-0.022,0.028,-0.021
0.029,0.01,-0.022,-0.027,-0.022,0.029,-0.021
0.029,0.01,-0.022,-0.027,-0.021,0.029,-0.021
0.029,0.01,-0.023,-0.027,-0.021,0.029,-0.021
0.029,0.011,-0.023,-0.027,-0.021,0.029,-0.021
0.029,0.011,-0.024,-0.026,-0.021,0.029,-0.02
0.029,0.011,-0.025,-0.026,-0.02,0.029,-0.02
0.029,0.011,-0.025,-0.026,-0.02,0.029,-0.019
0.03,0.011,-0.026,-0.026,-0.02,0.03,-0.018
0.03,0.011,-0.027,-0.026,-0.019,0.03,-0.017
0.03,0.011,-0.028,-0.025,-0.019,0.03,-0.017
0.03,0.011,-0.028,-0.025,-0.018,0.03,-0.016
0.031,0.012,-0.029,-0.025,-0.017,0.031,-0.015
0.031,0.012,-0.03,-0.025,-0.017,0.031,-0.013
0.031,0.012,-0.031,-0.024,-0.016,0.031,-0.012
0.032,0.012,-0.031,-0.024,-0.016,0.032,-0.011
0.032,0.012,-0.032,-0.024,-0.015,0.032,-0.01
0.033,0.012,-0.032,-0.023,-0.015,0.033,-0.009
0.034,0.012,-0.033,-0.023,-0.014,0.034,-0.008
0.034,0.012,-0.033,-0.022,-0.014,0.034,-0.007
0.035,0.012,-0.033,-0.022,-0.013,0.035,-0.007
0.036,0.013,-0.033,-0.021,-0.013,0.036,-0.006
0.037,0.013,-0.033,-0.02,-0.013,0.037,-0.005
0.037,0.013,-0.033,-0.019,-0.013,0.037,-0.005
0.038,0.013,-0.033,-0.019,-0.013,0.038,-0.004
0.039,0.014,-0.033,-0.018,-0.013,0.039,-0.004
0.04,0.014,-0.032,-0.017,-0.013,0.04,-0.003
0.041,0.014,-0.032,-0.016,-0.013,0.041,-0.003
0.041,0.015,-0.032,-0.015,-0.014,0.041,-0.003
0.042,0.015,-0.031,-0.014,-0.014,0.042,-0.003
0.043,0.015,-0.031,-0.013,-0.015,0.043,-0.002
0.044,0.016,-0.03,-0.012,-0.015,0.044,-0.002
0.044,0.016,-0.03,-0.011,-0.016,0.044,-0.002
0.045,0.016,-0.029,-0.011,-0.017,0.045,-0.002
0.046,0.016,-0.029,-0.01,-0.017,0.046,-0.002
0.046,0.016,-0.028,-0.01,-0.018,0.046,-0.002
0.047,0.016,-0.028,-0.009,-0.019,0.047,-0.002
0.047,0.016,-0.028,-0.009,-0.02,0.047,-0.002
0.047,0.016,-0.027,-0.009,-0.021,0.047,-0.002
0.048,0.016,-0.027,-0.009,-0.022,0.048,-0.002
0.048,0.015,-0.027,-0.009,-0.023,0.048,-0.002
0.048,0.015,-0.027,-0.009,-0.023,0.048,-0.001
0.048,0.015,-0.027,-0.009,-0.024,0.048,-0.001
0.048,0.015,-0.026,-0.01,-0.025,0.048,-0.001
0.048,0.014,-0.026,-0.011,-0.026,0.048,-0.001
0.048,0.014,-0.026,-0.011,-0.027,0.048,-0.001
0.048,0.014,-0.026,-0.012,-0.027,0.048,0
0.048,0.014,-0.026,-0.013,-0.028,0.048,0
0.048,0.013,-0.026,-0.014,-0.028,0.048,0
0.048,0.013,-0.026,-0.016,-0.028,0.048,0
0.048,0.013,-0.026,-0.017,-0.029,0.048,0
0.048,0.013,-0.026,-0.018,-0.029,0.048,0
0.048,0.013,-0.026,-0.019,-0.029,0.048,0
0.048,0.013,-0.026,-0.021,-0.028,0.048,0
0.048,0.014,-0.026,-0.022,-0.028,0.048,0.001
0.048,0.014,-0.026,-0.023,-0.028,0.048,0.001
0.048,0.015,-0.026,-0.024,-0.027,0.048,0.001
0.048,0.015,-0.026,-0.025,-0.027,0.048,0.001
0.048,0.016,-0.026,-0.026,-0.026,0.048,0.001
0.048,0.017,-0.026,-0.027,-0.025,0.048,0.001
0.048,0.017,-0.025,-0.028,-0.024,0.048,0.001
0.049,0.018,-0.025,-0.028,-0.023,0.049,0.001
0.049,0.019,-0.025,-0.029,-0.022,0.049,0.001
0.049,0.02,-0.025,-0.029,-0.022,0.049,0.001
0.05,0.021,-0.025,-0.029,-0.021,0.05,0.001
0.05,0.022,-0.025,-0.03,-0.02,0.05,0.001
0.05,0.023,-0.025,-0.029,-0.019,0.05,0.002
0.051,0.024,-0.025,-0.029,-0.019,0.051,0.002
0.051,0.025,-0.025,-0.029,-0.018,0.051,0.002
0.051,0.026,-0.025,-0.028,-0.018,0.051,0.002
0.051,0.027,-0.025,-0.028,-0.017,0.051,0.003
0.052,0.028,-0.025,-0.027,-0.017,0.052,0.003
0.052,0.029,-0.026,-0.026,-0.017,0.052,0.003
0.052,0.03,-0.026,-0.026,-0.017,0.052,0.004
0.053,0.03,-0.026,-0.025,-0.018,0.053,0.004
0.053,0.031,-0.027,-0.024,-0.018,0.053,0.005
0.053,0.031,-0.027,-0.023,-0.019,0.053,0.005
0.054,0.031,-0.027,-0.022,-0.019,0.054,0.005
0.054,0.031,-0.028,-0.021,-0.02,0.054,0.006
0.054,0.031,-0.028,-0.02,-0.021,0.054,0.006
0.055,0.031,-0.028,-0.02,-0.022,0.055,0.006
0.055,0.031,-0.029,-0.019,-0.023,0.055,0.006
0.055,0.031,-0.029,-0.018,-0.024,0.055,0.007
0.055,0.031,-0.029,-0.018,-0.025,0.055,0.007
0.056,0.03,-0.029,-0.017,-0.026,0.056,0.007
0.056,0.03,-0.03,-0.017,-0.027,0.056,0.006
0.056,0.03,-0.03,-0.017,-0.027,0.056,0.006
0.057,0.029,-0.03,-0.017,-0.028,0.057,0.006
0.057,0.029,-0.03,-0.017,-0.029,0.057,0.006
0.057,0.029,-0.03,-0.018,-0.029,0.057,0.005
0.057,0.029,-0.03,-0.018,-0.03,0.057,0.004
0.058,0.028,-0.03,-0.018,-0.03,0.058,0.004
0.058,0.028,-0.03,-0.019,-0.03,0.058,0.003
0.058,0.028,-0.03,-0.02,-0.031,0.058,0.002
0.058,0.028,-0.029,-0.021,-0.03,0.058,0.001
0.059,0.029,-0.029,-0.021,-0.03,0.059,0
0.059,0.029,-0.029,-0.022,-0.03,0.059,-0.001
0.059,0.029,-0.028,-0.023,-0.03,0.059,-0.002
0.059,0.03,-0.028,-0.024,-0.029,0.059,-0.003
0.06,0.03,-0.028,-0.025,-0.028,0.06,-0.004
0.06,0.031,-0.027,-0.026,-0.028,0.06,-0.005
0.06,0.032,-0.027,-0.027,-0.027,0.06,-0.006
0.06,0.033,-0.027,-0.027,-0.026,0.06,-0.007
0.061,0.034,-0.026,-0.028,-0.025,0.061,-0.008
0.061,0.035,-0.026,-0.028,-0.024,0.061,-0.008
0.061,0.036,-0.026,-0.029,-0.024,0.061,-0.009
0.061,0.037,-0.026,-0.029,-0.023,0.061,-0.01
0.062,0.038,-0.025,-0.029,-0.022,0.062,-0.01
0.062,0.039,-0.025,-0.029,-0.021,0.062,-0.011
0.062,0.04,-0.025,-0.029,-0.02,0.062,-0.011
0.062,0.041,-0.025,-0.029,-0.02,0.062,-0.011
0.062,0.042,-0.025,-0.029,-0.019,0.062,-0.011
0.062,0.043,-0.025,-0.029,-0.019,0.062,-0.011
0.062,0.044,-0.024,-0.028,-0.018,0.062,-0.011
0.062,0.044,-0.024,-0.028,-0.018,0.062,-0.011
0.062,0.045,-0.024,-0.027,-0.018,0.062,-0.01
0.062,0.045,-0.024,-0.026,-0.018,0.062,-0.009
0.062,0.046,-0.024,-0.026,-0.018,0.062,-0.008
0.062,0.046,-0.024,-0.025,-0.018,0.062,-0.007
0.062,0.046,-0.024,-0.024,-0.018,0.062,-0.006
0.062,0.046,-0.024,-0.023,-0.018,0.062,-0.005
0.062,0.046,-0.024,-0.022,-0.019,0.062,-0.004
0.062,0.046,-0.024,-0.021,-0.019,0.062,-0.002
0.063,0.046,-0.024,-0.02,-0.019,0.063,-0.001
0.063,0.046,-0.024,-0.019,-0.02,0.063,0.001
0.063,0.045,-0.024,-0.018,-0.02,0.063,0.003
0.063,0.045,-0.024,-0.017,-0.021,0.063,0.005
0.063,0.045,-0.023,-0.016,-0.021,0.063,0.006
0.063,0.045,-0.023,-0.016,-0.021,0.063,0.008
0.064,0.044,-0.023,-0.015,-0.022,0.064,0.01
0.064,0.044,-0.023,-0.014,-0.022,0.064,0.012
0.064,0.044,-0.023,-0.013,-0.022,0.064,0.014
0.065,0.044,-0.023,-0.012,-0.022,0.065,0.015
0.065,0.044,-0.023,-0.011,-0.022,0.065,0.017
0.066,0.044,-0.022,-0.011,-0.022,0.066,0.019
0.067,0.044,-0.022,-0.01,-0.022,0.067,0.02
0.067,0.045,-0.022,-0.009,-0.022,0.067,0.022
0.068,0.045,-0.022,-0.009,-0.021,0.068,0.023
0.069,0.045,-0.021,-0.008,-0.021,0.069,0.024
0.07,0.046,-0.021,-0.008,-0.02,0.07,0.026
0.071,0.046,-0.021,-0.007,-0.02,0.071,0.027
0.073,0.047,-0.02,-0.007,-0.019,0.073,0.028
0.074,0.047,-0.02,-0.006,-0.018,0.074,0.028
0.075,0.048,-0.019,-0.006,-0.017,0.075,0.029
0.076,0.049,-0.019,-0.005,-0.016,0.076,0.03
0.078,0.049,-0.018,-0.005,-0.015,0.078,0.03
0.079,0.05,-0.018,-0.005,-0.014,0.079,0.03
0.081,0.05,-0.017,-0.005,-0.013,0.081,0.031
0.082,0.051,-0.016,-0.005,-0.012,0.082,0.031
0.084,0.052,-0.016,-0.004,-0.01,0.084,0.031
0.085,0.052,-0.015,-0.004,-0.009,0.085,0.031
0.086,0.053,-0.014,-0.004,-0.008,0.086,0.03
0.088,0.053,-0.013,-0.004,-0.006,0.088,0.03
0.089,0.054,-0.012,-0.004,-0.005,0.089,0.03
0.091,0.054,-0.011,-0.004,-0.004,0.091,0.029
0.092,0.055,-0.01,-0.004,-0.002,0.092,0.029
0.093,0.055,-0.009,-0.004,-0.001,0.093,0.028
0.094,0.055,-0.008,-0.003,0,0.094,0.028
0.095,0.056,-0.007,-0.003,0.001,0.095,0.027
0.096,0.056,-0.006,-0.003,0.003,0.096,0.026
0.097,0.057,-0.005,-0.003,0.004,0.097,0.026
0.098,0.058,-0.004,-0.002,0.005,0.098,0.025
0.098,0.058,-0.003,-0.002,0.006,0.098,0.025
0.099,0.059,-0.002,-0.001,0.006,0.099,0.024
0.099,0.06,-0.001,-0.001,0.007,0.099,0.024
0.099,0.06,0,0,0.008,0.099,0.024
0.1,0.061,0.001,0.001,0.008,0.1,0.024
0.1,0.062,0.001,0.001,0.009,0.1,0.024
0.1,0.063,0.002,0.002,0.009,0.1,0.024
0.1,0.064,0.003,0.003,0.009,0.1,0.024
0.1,0.066,0.004,0.004,0.01,0.1,0.025
0.1,0.067,0.004,0.005,0.01,0.1,0.026
0.099,0.068,0.005,0.005,0.01,0.099,0.027
0.099,0.069,0.005,0.006,0.01,0.099,0.027
0.099,0.071,0.006,0.007,0.01,0.099,0.029
0.099,0.072,0.006,0.008,0.01,0.099,0.03
0.098,0.074,0.006,0.009,0.01,0.098,0.031
0.098,0.075,0.006,0.009,0.01,0.098,0.033
0.098,0.076,0.006,0.01,0.01,0.098,0.034
0.098,0.078,0.006,0.011,0.011,0.098,0.036
0.098,0.079,0.006,0.011,0.011,0.098,0.038
0.098,0.081,0.006,0.012,0.011,0.098,0.04
0.098,0.082,0.006,0.012,0.011,0.098,0.041
0.098,0.083,0.006,0.012,0.012,0.098,0.043
0.098,0.084,0.005,0.013,0.012,0.098,0.045
0.099,0.085,0.005,0.013,0.013,0.099,0.047
0.099,0.086,0.005,0.013,0.013,0.099,0.048
0.1,0.087,0.004,0.013,0.014,0.1,0.05
0.1,0.088,0.004,0.013,0.015,0.1,0.052
0.101,0.089,0.004,0.013,0.015,0.101,0.053
0.102,0.09,0.003,0.013,0.016,0.102,0.055
0.103,0.09,0.003,0.013,0.017,0.103,0.056
0.104,0.091,0.003,0.013,0.017,0.104,0.057
0.105,0.091,0.003,0.013,0.018,0.105,0.058
0.106,0.091,0.003,0.013,0.019,0.106,0.059
0.108,0.091,0.003,0.013,0.019,0.108,0.06
0.109,0.091,0.003,0.013,0.02,0.109,0.061
0.11,0.091,0.003,0.013,0.02,0.11,0.062
0.111,0.091,0.004,0.013,0.021,0.111,0.063
0.113,0.091,0.004,0.013,0.021,0.113,0.063
0.114,0.091,0.005,0.013,0.021,0.114,0.064
0.115,0.091,0.005,0.014,0.021,0.115,0.064
0.116,0.091,0.006,0.014,0.022,0.116,0.065
0.117,0.091,0.007,0.014,0.022,0.117,0.065
0.118,0.091,0.008,0.015,0.022,0.118,0.066
0.119,0.091,0.009,0.015,0.022,0.119,0.066
0.119,0.091,0.011,0.016,0.022,0.119,0.067
0.12,0.091,0.012,0.017,0.022,0.12,0.067
0.12,0.091,0.013,0.017,0.021,0.12,0.068
0.121,0.091,0.015,0.018,0.021,0.121,0.068
0.121,0.092,0.016,0.019,0.021,0.121,0.069
0.121,0.092,0.017,0.02,0.021,0.121,0.07
0.121,0.093,0.019,0.021,0.022,0.121,0.07
0.121,0.093,0.02,0.022,0.022,0.121,0.071
0.121,0.094,0.022,0.023,0.022,0.121,0.072
0.121,0.095,0.023,0.024,0.022,0.121,0.073
0.121,0.096,0.025,0.026,0.023,0.121,0.073
0.121,0.097,0.026,0.027,0.023,0.121,0.074
0.121,0.099,0.027,0.028,0.024,0.121,0.075
0.121,0.1,0.029,0.029,0.024,0.121,0.075
0.121,0.101,0.03,0.031,0.025,0.121,0.076
0.12,0.102,0.031,0.032,0.026,0.12,0.076
0.12,0.104,0.031,0.033,0.027,0.12,0.077
0.12,0.105,0.032,0.034,0.028,0.12,0.077
0.12,0.106,0.033,0.035,0.029,0.12,0.077
0.12,0.108,0.033,0.037,0.03,0.12,0.077
0.121,0.109,0.033,0.038,0.031,0.121,0.077
0.121,0.11,0.033,0.039,0.032,0.121,0.077
0.121,0.111,0.033,0.039,0.034,0.121,0.077
0.122,0.112,0.033,0.04,0.035,0.122,0.077
0.122,0.113,0.032,0.041,0.036,0.122,0.076
0.123,0.113,0.032,0.041,0.037,0.123,0.076
0.124,0.114,0.031,0.042,0.037,0.124,0.075
0.124,0.115,0.03,0.042,0.038,0.124,0.074
0.125,0.115,0.029,0.042,0.039,0.125,0.073
0.126,0.115,0.028,0.042,0.039,0.126,0.072
0.127,0.115,0.027,0.042,0.04,0.127,0.071
0.128,0.115,0.026,0.042,0.04,0.128,0.07
0.129,0.115,0.025,0.042,0.04,0.129,0.069
0.13,0.115,0.023,0.041,0.039,0.13,0.068
0.131,0.115,0.022,0.04,0.039,0.131,0.067
0.132,0.115,0.021,0.04,0.039,0.132,0.066
0.133,0.115,0.02,0.039,0.038,0.133,0.065
0.134,0.115,0.019,0.037,0.037,0.134,0.064
0.135,0.115,0.018,0.036,0.036,0.135,0.063
0.135,0.115,0.018,0.035,0.035,0.135,0.062
0.136,0.116,0.017,0.033,0.034,0.136,0.061
0.137,0.116,0.017,0.032,0.032,0.137,0.06
0.137,0.116,0.017,0.03,0.031,0.137,0.059
0.137,0.117,0.017,0.029,0.029,0.137,0.058
0.137,0.117,0.017,0.027,0.028,0.137,0.058
0.137,0.118,0.017,0.026,0.026,0.137,0.057
0.137,0.119,0.017,0.024,0.025,0.137,0.056
0.137,0.12,0.018,0.022,0.023,0.137,0.056
0.136,0.121,0.018,0.021,0.022,0.136,0.055
0.136,0.122,0.019,0.019,0.021,0.136,0.055
0.135,0.124,0.02,0.018,0.019,0.135,0.054
0.134,0.125,0.02,0.016,0.018,0.134,0.054
0.133,0.126,0.021,0.015,0.017,0.133,0.053
0.132,0.128,0.022,0.013,0.016,0.132,0.053
0.131,0.129,0.023,0.012,0.015,0.131,0.053
0.13,0.13,0.024,0.011,0.015,0.13,0.052
0.129,0.131,0.024,0.01,0.014,0.129,0.052
0.128,0.133,0.025,0.009,0.014,0.128,0.051
0.127,0.134,0.026,0.008,0.013,0.127,0.051
0.126,0.135,0.026,0.008,0.013,0.126,0.05
0.125,0.135,0.027,0.007,0.013,0.125,0.05
0.125,0.136,0.027,0.007,0.013,0.125,0.05
0.124,0.136,0.027,0.006,0.013,0.124,0.049
0.123,0.137,0.027,0.006,0.013,0.123,0.049
0.122,0.137,0.027,0.006,0.014,0.122,0.048
0.122,0.137,0.026,0.006,0.014,0.122,0.048
0.121,0.137,0.026,0.006,0.014,0.121,0.047
0.121,0.136,0.025,0.006,0.015,0.121,0.047
0.12,0.136,0.024,0.006,0.015,0.12,0.047
0.12,0.135,0.024,0.006,0.016,0.12,0.047
0.12,0.134,0.022,0.006,0.016,0.12,0.046
0.12,0.133,0.021,0.007,0.017,0.12,0.046
0.12,0.132,0.02,0.007,0.017,0.12,0.046
0.12,0.131,0.019,0.007,0.018,0.12,0.046
0.12,0.13,0.017,0.008,0.018,0.12,0.046
0.12,0.128,0.016,0.008,0.019,0.12,0.046
0.12,0.127,0.014,0.009,0.019,0.12,0.046
0.12,0.126,0.012,0.009,0.019,0.12,0.046
0.12,0.124,0.011,0.009,0.02,0.12,0.045
0.12,0.123,0.009,0.009,0.02,0.12,0.045
0.12,0.122,0.007,0.01,0.02,0.12,0.045
0.12,0.121,0.005,0.01,0.02,0.12,0.045
0.12,0.12,0.003,0.01,0.019,0.12,0.045
0.119,0.119,0.002,0.01,0.019,0.119,0.045
0.119,0.118,0,0.01,0.019,0.119,0.044
0.119,0.118,-0.002,0.01,0.018,0.119,0.044
0.119,0.117,-0.004,0.009,0.017,0.119,0.044
0.118,0.117,-0.006,0.009,0.016,0.118,0.043
0.118,0.117,-0.007,0.008,0.016,0.118,0.042
0.117,0.117,-0.009,0.008,0.014,0.117,0.042
0.117,0.117,-0.011,0.007,0.013,0.117,0.041
0.116,0.117,-0.012,0.006,0.012,0.116,0.04
0.116,0.117,-0.014,0.005,0.011,0.116,0.039
0.115,0.117,-0.015,0.004,0.009,0.115,0.038
0.114,0.118,-0.017,0.003,0.008,0.114,0.037
0.113,0.118,-0.018,0.002,0.006,0.113,0.036
0.113,0.119,-0.019,0,0.004,0.113,0.034
0.112,0.119,-0.021,-0.001,0.003,0.112,0.033
0.111,0.12,-0.022,-0.003,0.001,0.111,0.031
0.11,0.12,-0.023,-0.004,-0.001,0.11,0.03
0.109,0.121,-0.024,-0.006,-0.002,0.109,0.028
0.108,0.121,-0.025,-0.007,-0.004,0.108,0.027
0.107,0.122,-0.026,-0.009,-0.006,0.107,0.025
0.106,0.122,-0.026,-0.011,-0.008,0.106,0.024
0.105,0.122,-0.027,-0.013,-0.009,0.105,0.022
0.103,0.122,-0.027,-0.014,-0.011,0.103,0.021
0.102,0.122,-0.028,-0.016,-0.012,0.102,0.019
0.101,0.122,-0.028,-0.018,-0.014,0.101,0.017
0.1,0.122,-0.029,-0.019,-0.015,0.1,0.016
0.099,0.122,-0.029,-0.021,-0.017,0.099,0.014
0.097,0.121,-0.029,-0.023,-0.018,0.097,0.013
0.096,0.121,-0.029,-0.024,-0.02,0.096,0.011
0.095,0.121,-0.029,-0.026,-0.021,0.095,0.01
0.094,0.12,-0.029,-0.027,-0.022,0.094,0.009
0.092,0.119,-0.029,-0.029,-0.023,0.092,0.007
0.091,0.119,-0.029,-0.03,-0.025,0.091,0.006
0.09,0.118,-0.029,-0.032,-0.026,0.09,0.005
0.089,0.117,-0.029,-0.033,-0.027,0.089,0.003
0.087,0.116,-0.029,-0.034,-0.028,0.087,0.002
0.086,0.115,-0.029,-0.035,-0.029,0.086,0.001
0.085,0.114,-0.029,-0.036,-0.03,0.085,0
0.084,0.113,-0.029,-0.038,-0.03,0.084,-0.001
0.083,0.113,-0.03,-0.039,-0.031,0.083,-0.002
0.082,0.111,-0.03,-0.04,-0.032,0.082,-0.003
0.08,0.11,-0.031,-0.041,-0.033,0.08,-0.004
0.079,0.109,-0.031,-0.042,-0.034,0.079,-0.005
0.078,0.108,-0.032,-0.042,-0.034,0.078,-0.006
0.077,0.107,-0.032,-0.043,-0.035,0.077,-0.006
0.076,0.106,-0.033,-0.044,-0.036,0.076,-0.007
0.075,0.105,-0.034,-0.045,-0.036,0.075,-0.007
0.075,0.104,-0.035,-0.046,-0.037,0.075,-0.008
0.074,0.103,-0.036,-0.046,-0.038,0.074,-0.008
0.073,0.102,-0.037,-0.047,-0.038,0.073,-0.008
0.072,0.101,-0.039,-0.048,-0.039,0.072,-0.008
0.071,0.1,-0.04,-0.048,-0.039,0.071,-0.008
0.071,0.098,-0.041,-0.049,-0.039,0.071,-0.008
0.07,0.097,-0.042,-0.05,-0.04,0.07,-0.008
0.069,0.096,-0.044,-0.05,-0.04,0.069,-0.008
0.069,0.095,-0.045,-0.051,-0.041,0.069,-0.007
0.068,0.094,-0.046,-0.051,-0.041,0.068,-0.007
0.068,0.093,-0.047,-0.051,-0.041,0.068,-0.006
0.067,0.092,-0.048,-0.052,-0.041,0.067,-0.006
0.066,0.091,-0.05,-0.052,-0.042,0.066,-0.005
0.066,0.09,-0.051,-0.052,-0.042,0.066,-0.005
0.065,0.089,-0.051,-0.052,-0.042,0.065,-0.004
0.065,0.088,-0.052,-0.053,-0.042,0.065,-0.004
0.064,0.087,-0.053,-0.053,-0.043,0.064,-0.003
0.064,0.086,-0.053,-0.053,-0.043,0.064,-0.002
0.063,0.085,-0.054,-0.053,-0.043,0.063,-0.002
0.062,0.084,-0.054,-0.052,-0.043,0.062,-0.001
0.062,0.084,-0.055,-0.052,-0.044,0.062,-0.001
0.061,0.083,-0.055,-0.052,-0.044,0.061,0
0.061,0.082,-0.055,-0.052,-0.044,0.061,0.001
0.06,0.082,-0.055,-0.051,-0.044,0.06,0.001
0.059,0.081,-0.054,-0.051,-0.044,0.059,0.002
0.059,0.08,-0.054,-0.051,-0.044,0.059,0.002
0.058,0.08,-0.054,-0.05,-0.045,0.058,0.003
0.058,0.079,-0.053,-0.05,-0.045,0.058,0.004
0.057,0.078,-0.053,-0.049,-0.045,0.057,0.004
0.057,0.078,-0.052,-0.048,-0.045,0.057,0.005
0.056,0.077,-0.052,-0.048,-0.045,0.056,0.005
0.056,0.076,-0.051,-0.047,-0.045,0.056,0.006
0.055,0.075,-0.051,-0.047,-0.045,0.055,0.006
0.055,0.075,-0.05,-0.046,-0.045,0.055,0.007
0.055,0.074,-0.05,-0.045,-0.045,0.055,0.007
0.055,0.073,-0.049,-0.045,-0.045,0.055,0.007
0.055,0.072,-0.049,-0.044,-0.045,0.055,0.008
0.054,0.072,-0.048,-0.043,-0.045,0.054,0.008
0.055,0.071,-0.048,-0.043,-0.045,0.055,0.008
0.055,0.07,-0.047,-0.042,-0.045,0.055,0.008
0.055,0.069,-0.047,-0.042,-0.045,0.055,0.008
0.055,0.069,-0.046,-0.041,-0.044,0.055,0.008
0.055,0.068,-0.046,-0.041,-0.044,0.055,0.008
0.056,0.067,-0.046,-0.04,-0.044,0.056,0.008
0.056,0.067,-0.046,-0.04,-0.044,0.056,0.008
0.056,0.067,-0.045,-0.04,-0.044,0.056,0.008
0.057,0.066,-0.045,-0.04,-0.043,0.057,0.008
0.057,0.066,-0.045,-0.04,-0.043,0.057,0.007
0.058,0.066,-0.045,-0.04,-0.043,0.058,0.007
0.058,0.066,-0.045,-0.04,-0.042,0.058,0.006
0.058,0.066,-0.045,-0.04,-0.042,0.058,0.006
0.059,0.066,-0.045,-0.04,-0.042,0.059,0.005
0.059,0.066,-0.045,-0.041,-0.041,0.059,0.005
0.059,0.067,-0.045,-0.041,-0.041,0.059,0.004
0.059,0.067,-0.045,-0.042,-0.041,0.059,0.004
0.06,0.068,-0.045,-0.042,-0.04,0.06,0.003
0.06,0.068,-0.045,-0.043,-0.04,0.06,0.003
0.06,0.069,-0.045,-0.044,-0.04,0.06,0.002
0.06,0.07,-0.044,-0.045,-0.04,0.06,0.002
0.06,0.07,-0.044,-0.046,-0.039,0.06,0.002
0.059,0.071,-0.044,-0.046,-0.039,0.059,0.002
0.059,0.071,-0.044,-0.047,-0.039,0.059,0.001
0.059,0.072,-0.044,-0.048,-0.039,0.059,0.001
0.059,0.073,-0.044,-0.049,-0.039,0.059,0.001
0.059,0.073,-0.043,-0.05,-0.038,0.059,0.002
0.058,0.074,-0.043,-0.051,-0.038,0.058,0.002
0.058,0.074,-0.043,-0.052,-0.038,0.058,0.002
0.058,0.074,-0.043,-0.052,-0.038,0.058,0.003
0.058,0.075,-0.043,-0.053,-0.037,0.058,0.003
0.057,0.075,-0.042,-0.053,-0.037,0.057,0.004
0.057,0.075,-0.042,-0.054,-0.036,0.057,0.004
0.057,0.075,-0.042,-0.054,-0.036,0.057,0.005
0.057,0.075,-0.042,-0.054,-0.036,0.057,0.006
0.057,0.075,-0.042,-0.054,-0.035,0.057,0.007
0.057,0.075,-0.042,-0.054,-0.034,0.057,0.008
0.057,0.075,-0.042,-0.054,-0.034,0.057,0.009
0.057,0.075,-0.042,-0.054,-0.033,0.057,0.009
0.057,0.075,-0.042,-0.053,-0.032,0.057,0.01
0.057,0.075,-0.042,-0.053,-0.032,0.057,0.011
0.058,0.075,-0.042,-0.052,-0.031,0.058,0.012
0.058,0.075,-0.042,-0.051,-0.03,0.058,0.013
0.058,0.075,-0.042,-0.051,-0.029,0.058,0.014
0.059,0.075,-0.042,-0.05,-0.028,0.059,0.015
0.059,0.075,-0.042,-0.049,-0.028,0.059,0.016
0.059,0.076,-0.042,-0.048,-0.027,0.059,0.016
0.06,0.076,-0.042,-0.047,-0.026,0.06,0.017
0.06,0.076,-0.042,-0.046,-0.026,0.06,0.018
0.06,0.076,-0.042,-0.045,-0.025,0.06,0.018
0.06,0.076,-0.042,-0.045,-0.025,0.06,0.019
0.061,0.076,-0.042,-0.044,-0.025,0.061,0.019
0.061,0.076,-0.042,-0.043,-0.025,0.061,0.02
0.061,0.076,-0.042,-0.043,-0.025,0.061,0.02
0.061,0.076,-0.042,-0.043,-0.026,0.061,0.02
0.061,0.076,-0.042,-0.042,-0.026,0.061,0.02
0.06,0.076,-0.042,-0.042,-0.027,0.06,0.02
0.06,0.076,-0.042,-0.042,-0.028,0.06,0.02
0.06,0.076,-0.043,-0.042,-0.029,0.06,0.02
0.059,0.075,-0.043,-0.042,-0.03,0.059,0.02
0.058,0.075,-0.043,-0.043,-0.031,0.058,0.019
0.058,0.075,-0.044,-0.043,-0.033,0.058,0.019
0.057,0.074,-0.044,-0.044,-0.035,0.057,0.019
0.056,0.074,-0.045,-0.045,-0.036,0.056,0.018
0.055,0.073,-0.046,-0.045,-0.038,0.055,0.017
0.054,0.072,-0.047,-0.046,-0.04,0.054,0.017
0.053,0.071,-0.048,-0.047,-0.042,0.053,0.016
0.051,0.071,-0.049,-0.048,-0.044,0.051,0.015
0.05,0.07,-0.05,-0.05,-0.046,0.05,0.014
0.048,0.069,-0.052,-0.051,-0.048,0.048,0.013
0.046,0.068,-0.053,-0.052,-0.051,0.046,0.012
0.045,0.066,-0.055,-0.054,-0.053,0.045,0.011
0.043,0.065,-0.056,-0.055,-0.055,0.043,0.01
0.041,0.064,-0.058,-0.057,-0.057,0.041,0.008
0.039,0.062,-0.06,-0.058,-0.059,0.039,0.007
0.037,0.061,-0.062,-0.06,-0.061,0.037,0.005
0.034,0.059,-0.065,-0.062,-0.063,0.034,0.004
0.032,0.057,-0.067,-0.063,-0.065,0.032,0.002
0.03,0.056,-0.069,-0.065,-0.067,0.03,0
0.028,0.054,-0.072,-0.067,-0.068,0.028,-0.002
0.025,0.052,-0.074,-0.069,-0.07,0.025,-0.004
0.023,0.05,-0.077,-0.071,-0.072,0.023,-0.006
0.02,0.048,-0.079,-0.073,-0.074,0.02,-0.008
0.018,0.046,-0.081,-0.075,-0.075,0.018,-0.01
0.016,0.044,-0.084,-0.077,-0.077,0.016,-0.012
0.014,0.042,-0.086,-0.079,-0.078,0.014,-0.014
0.012,0.04,-0.088,-0.081,-0.08,0.012,-0.017
0.01,0.038,-0.091,-0.083,-0.081,0.01,-0.019
0.008,0.036,-0.092,-0.084,-0.083,0.008,-0.021
0.006,0.034,-0.094,-0.086,-0.084,0.006,-0.023
0.005,0.033,-0.096,-0.087,-0.085,0.005,-0.024
0.004,0.031,-0.097,-0.089,-0.086,0.004,-0.026
0.003,0.03,-0.097,-0.09,-0.086,0.003,-0.027
0.003,0.029,-0.098,-0.09,-0.087,0.003,-0.028
0.003,0.029,-0.097,-0.09,-0.087,0.003,-0.029
0.004,0.028,-0.097,-0.09,-0.087,0.004,-0.029
0.005,0.028,-0.096,-0.09,-0.086,0.005,-0.029
0.007,0.029,-0.094,-0.089,-0.085,0.007,-0.028
0.009,0.03,-0.091,-0.087,-0.084,0.009,-0.026
0.012,0.031,-0.088,-0.085,-0.082,0.012,-0.024
0.016,0.033,-0.084,-0.082,-0.079,0.016,-0.021
0.02,0.035,-0.08,-0.078,-0.076,0.02,-0.018
0.025,0.038,-0.075,-0.074,-0.073,0.025,-0.014
0.031,0.042,-0.069,-0.069,-0.068,0.031,-0.009
0.037,0.046,-0.062,-0.063,-0.063,0.037,-0.003
0.045,0.051,-0.054,-0.057,-0.057,0.045,0.004
0.053,0.057,-0.046,-0.049,-0.05,0.053,0.011
0.062,0.063,-0.037,-0.041,-0.043,0.062,0.019
0.072,0.07,-0.027,-0.032,-0.034,0.072,0.029
0.083,0.078,-0.016,-0.022,-0.025,0.083,0.039
0.094,0.087,-0.005,-0.012,-0.015,0.094,0.05
0.106,0.097,0.008,0,-0.004,0.106,0.062
0.12,0.107,0.021,0.012,0.008,0.12,0.075
0.134,0.118,0.035,0.025,0.02,0.134,0.088
0.148,0.13,0.049,0.039,0.034,0.148,0.103
0.164,0.143,0.064,0.054,0.049,0.164,0.119
0.18,0.157,0.08,0.07,0.064,0.18,0.135
0.198,0.172,0.097,0.086,0.08,0.198,0.153
0.216,0.188,0.114,0.104,0.097,0.216,0.171
0.235,0.204,0.133,0.122,0.115,0.235,0.19
0.254,0.222,0.151,0.14,0.134,0.254,0.211
0.275,0.24,0.171,0.16,0.153,0.275,0.232
0.296,0.259,0.191,0.18,0.174,0.296,0.254
0.318,0.28,0.212,0.202,0.195,0.318,0.277
0.341,0.301,0.234,0.223,0.217,0.341,0.301
0.365,0.323,0.257,0.246,0.24,0.365,0.326
0.389,0.346,0.28,0.27,0.264,0.389,0.352
0.414,0.37,0.304,0.294,0.289,0.414,0.378
0.44,0.395,0.329,0.319,0.314,0.44,0.406
0.467,0.421,0.354,0.344,0.34,0.467,0.434
0.495,0.447,0.38,0.371,0.367,0.495,0.463
0.523,0.475,0.407,0.398,0.395,0.523,0.492
0.553,0.503,0.435,0.426,0.423,0.553,0.523
0.582,0.532,0.463,0.454,0.452,0.582,0.554
0.613,0.562,0.492,0.483,0.482,0.613,0.586
0.644,0.592,0.522,0.513,0.512,0.644,0.618
0.675,0.623,0.552,0.543,0.543,0.675,0.65
0.707,0.655,0.583,0.574,0.575,0.707,0.683
0.74,0.687,0.614,0.605,0.606,0.74,0.716
0.772,0.719,0.645,0.636,0.638,0.772,0.75
0.805,0.752,0.677,0.668,0.671,0.805,0.783
0.838,0.785,0.709,0.699,0.703,0.838,0.816
0.871,0.818,0.741,0.731,0.736,0.871,0.85
0.904,0.851,0.773,0.763,0.768,0.904,0.883
0.936,0.884,0.805,0.794,0.8,0.936,0.915
0.968,0.916,0.837,0.825,0.832,0.968,0.947
0.999,0.948,0.868,0.856,0.863,0.999,0.978
1.03,0.98,0.898,0.886,0.894,1.03,1.008
1.059,1.01,0.928,0.915,0.923,1.059,1.038
1.088,1.04,0.956,0.943,0.952,1.088,1.066
1.115,1.068,0.984,0.969,0.98,1.115,1.093
1.141,1.095,1.01,0.995,1.006,1.141,1.118
1.165,1.121,1.034,1.019,1.031,1.165,1.142
1.187,1.144,1.056,1.041,1.053,1.187,1.164
1.207,1.166,1.077,1.06,1.074,1.207,1.184
1.225,1.186,1.095,1.078,1.093,1.225,1.201
1.241,1.203,1.111,1.094,1.109,1.241,1.217
1.254,1.218,1.124,1.106,1.123,1.254,1.229
1.264,1.231,1.134,1.116,1.134,1.264,1.24
1.272,1.24,1.142,1.123,1.143,1.272,1.247
1.276,1.246,1.146,1.127,1.148,1.276,1.251
1.277,1.25,1.147,1.128,1.15,1.277,1.253
1.275,1.25,1.144,1.125,1.149,1.275,1.251
1.269,1.246,1.138,1.119,1.144,1.269,1.246
1.261,1.24,1.129,1.109,1.136,1.261,1.237
1.248,1.23,1.116,1.096,1.125,1.248,1.225
1.232,1.216,1.099,1.079,1.11,1.232,1.21
1.213,1.199,1.079,1.059,1.092,1.213,1.191
1.191,1.178,1.055,1.036,1.07,1.191,1.169
1.165,1.155,1.028,1.009,1.046,1.165,1.144
1.136,1.128,0.998,0.979,1.018,1.136,1.115
1.104,1.098,0.966,0.946,0.987,1.104,1.084
1.069,1.065,0.93,0.911,0.953,1.069,1.05
1.032,1.029,0.892,0.873,0.917,1.032,1.013
0.993,0.991,0.851,0.833,0.878,0.993,0.974
0.951,0.951,0.809,0.791,0.838,0.951,0.932
0.908,0.909,0.765,0.747,0.795,0.908,0.889
0.863,0.865,0.72,0.702,0.752,0.863,0.845
0.817,0.82,0.674,0.657,0.707,0.817,0.799
0.77,0.774,0.628,0.61,0.661,0.77,0.752
0.723,0.728,0.581,0.564,0.615,0.723,0.705
0.676,0.681,0.534,0.517,0.569,0.676,0.658
0.629,0.635,0.488,0.472,0.523,0.629,0.61
0.582,0.589,0.442,0.426,0.477,0.582,0.563
0.536,0.543,0.398,0.382,0.432,0.536,0.517
0.492,0.499,0.355,0.34,0.389,0.492,0.472
0.448,0.456,0.313,0.299,0.346,0.448,0.429
0.406,0.415,0.274,0.259,0.306,0.406,0.386
0.366,0.375,0.236,0.222,0.267,0.366,0.346
0.328,0.338,0.201,0.187,0.23,0.328,0.307
0.291,0.303,0.167,0.154,0.195,0.291,0.271
0.257,0.27,0.136,0.124,0.162,0.257,0.237
0.225,0.239,0.107,0.096,0.132,0.225,0.205
0.195,0.211,0.081,0.07,0.104,0.195,0.175
0.168,0.186,0.057,0.047,0.078,0.168,0.148
0.142,0.163,0.035,0.026,0.055,0.142,0.123
0.119,0.142,0.016,0.007,0.034,0.119,0.101
0.098,0.124,-0.002,-0.009,0.015,0.098,0.08
0.079,0.108,-0.017,-0.023,-0.002,0.079,0.062
0.061,0.094,-0.031,-0.036,-0.017,0.061,0.046
0.046,0.082,-0.043,-0.047,-0.03,0.046,0.032
0.032,0.072,-0.054,-0.056,-0.042,0.032,0.019
0.019,0.063,-0.063,-0.064,-0.052,0.019,0.008
0.008,0.055,-0.071,-0.071,-0.061,0.008,-0.002
-0.002,0.049,-0.079,-0.077,-0.068,-0.002,-0.01
-0.012,0.043,-0.085,-0.082,-0.075,-0.012,-0.018
-0.02,0.039,-0.091,-0.086,-0.081,-0.02,-0.025
-0.027,0.035,-0.096,-0.09,-0.086,-0.027,-0.031
-0.034,0.031,-0.101,-0.094,-0.09,-0.034,-0.036
-0.041,0.027,-0.106,-0.098,-0.095,-0.041,-0.041
-0.047,0.023,-0.11,-0.101,-0.099,-0.047,-0.046
-0.053,0.019,-0.115,-0.105,-0.103,-0.053,-0.051
-0.058,0.015,-0.12,-0.108,-0.107,-0.058,-0.056
-0.064,0.01,-0.124,-0.112,-0.112,-0.064,-0.061
-0.069,0.006,-0.129,-0.117,-0.116,-0.069,-0.066
-0.075,0,-0.134,-0.121,-0.121,-0.075,-0.071
-0.08,-0.006,-0.139,-0.126,-0.126,-0.08,-0.076
-0.085,-0.012,-0.145,-0.131,-0.131,-0.085,-0.082
-0.091,-0.019,-0.15,-0.137,-0.137,-0.091,-0.088
-0.096,-0.026,-0.156,-0.143,-0.142,-0.096,-0.094
-0.101,-0.034,-0.161,-0.149,-0.148,-0.101,-0.1
-0.106,-0.042,-0.167,-0.155,-0.154,-0.106,-0.106
-0.111,-0.05,-0.173,-0.161,-0.161,-0.111,-0.113
-0.115,-0.058,-0.178,-0.167,-0.167,-0.115,-0.12
-0.12,-0.066,-0.184,-0.173,-0.173,-0.12,-0.126
-0.124,-0.075,-0.189,-0.179,-0.18,-0.124,-0.132
-0.128,-0.083,-0.194,-0.185,-0.186,-0.128,-0.139
-0.131,-0.09,-0.199,-0.191,-0.192,-0.131,-0.144
-0.134,-0.098,-0.203,-0.196,-0.197,-0.134,-0.15
-0.137,-0.104,-0.207,-0.201,-0.202,-0.137,-0.155
-0.139,-0.111,-0.21,-0.205,-0.207,-0.139,-0.16
-0.14,-0.116,-0.213,-0.209,-0.212,-0.14,-0.164
-0.142,-0.121,-0.216,-0.212,-0.215,-0.142,-0.167
-0.142,-0.125,-0.218,-0.215,-0.219,-0.142,-0.17
-0.142,-0.128,-0.219,-0.217,-0.221,-0.142,-0.173
-0.142,-0.13,-0.22,-0.218,-0.223,-0.142,-0.174
-0.141,-0.132,-0.22,-0.219,-0.225,-0.141,-0.175
-0.139,-0.132,-0.22,-0.219,-0.225,-0.139,-0.175
-0.137,-0.132,-0.219,-0.218,-0.226,-0.137,-0.175
-0.135,-0.131,-0.218,-0.217,-0.225,-0.135,-0.174
-0.132,-0.128,-0.216,-0.216,-0.224,-0.132,-0.172
-0.128,-0.126,-0.214,-0.213,-0.222,-0.128,-0.17
-0.124,-0.122,-0.211,-0.211,-0.22,-0.124,-0.167
-0.12,-0.118,-0.208,-0.208,-0.217,-0.12,-0.163
-0.116,-0.113,-0.205,-0.204,-0.213,-0.116,-0.159
-0.111,-0.108,-0.201,-0.2,-0.209,-0.111,-0.155
-0.107,-0.102,-0.197,-0.196,-0.205,-0.107,-0.15
-0.102,-0.096,-0.193,-0.192,-0.2,-0.102,-0.145
-0.096,-0.089,-0.188,-0.187,-0.195,-0.096,-0.14
-0.091,-0.083,-0.184,-0.182,-0.19,-0.091,-0.134
-0.086,-0.076,-0.18,-0.177,-0.185,-0.086,-0.129
-0.081,-0.069,-0.175,-0.173,-0.179,-0.081,-0.123
-0.076,-0.063,-0.171,-0.168,-0.174,-0.076,-0.118
-0.071,-0.056,-0.166,-0.163,-0.168,-0.071,-0.112
-0.066,-0.05,-0.162,-0.159,-0.163,-0.066,-0.107
-0.062,-0.043,-0.158,-0.154,-0.158,-0.062,-0.101
-0.057,-0.038,-0.154,-0.15,-0.152,-0.057,-0.096
-0.053,-0.032,-0.15,-0.146,-0.148,-0.053,-0.092
-0.049,-0.027,-0.146,-0.143,-0.143,-0.049,-0.087
-0.046,-0.023,-0.143,-0.139,-0.138,-0.046,-0.083
-0.043,-0.019,-0.14,-0.136,-0.134,-0.043,-0.079
-0.04,-0.015,-0.138,-0.134,-0.131,-0.04,-0.075
-0.038,-0.012,-0.135,-0.131,-0.127,-0.038,-0.072
-0.036,-0.01,-0.133,-0.129,-0.124,-0.036,-0.07
-0.034,-0.008,-0.132,-0.128,-0.122,-0.034,-0.067
-0.033,-0.007,-0.13,-0.126,-0.12,-0.033,-0.065
-0.032,-0.006,-0.129,-0.126,-0.118,-0.032,-0.064
-0.031,-0.006,-0.128,-0.125,-0.117,-0.031,-0.063
-0.03,-0.006,-0.128,-0.125,-0.116,-0.03,-0.062
-0.03,-0.006,-0.128,-0.125,-0.116,-0.03,-0.062
-0.031,-0.007,-0.128,-0.125,-0.115,-0.031,-0.062
-0.031,-0.009,-0.128,-0.125,-0.116,-0.031,-0.062
-0.032,-0.01,-0.129,-0.126,-0.116,-0.032,-0.062
-0.032,-0.012,-0.129,-0.126,-0.117,-0.032,-0.063
-0.033,-0.014,-0.13,-0.127,-0.118,-0.033,-0.064
-0.034,-0.016,-0.131,-0.128,-0.12,-0.034,-0.065
-0.035,-0.019,-0.132,-0.129,-0.121,-0.035,-0.066
-0.036,-0.021,-0.133,-0.13,-0.123,-0.036,-0.068
-0.037,-0.023,-0.134,-0.131,-0.125,-0.037,-0.069
-0.038,-0.025,-0.135,-0.132,-0.127,-0.038,-0.071
-0.039,-0.027,-0.135,-0.133,-0.128,-0.039,-0.072
-0.04,-0.029,-0.136,-0.134,-0.13,-0.04,-0.073
-0.04,-0.031,-0.137,-0.135,-0.132,-0.04,-0.075
-0.041,-0.032,-0.137,-0.135,-0.134,-0.041,-0.076
-0.041,-0.034,-0.138,-0.136,-0.136,-0.041,-0.077
-0.041,-0.034,-0.138,-0.136,-0.137,-0.041,-0.078
-0.04,-0.035,-0.138,-0.136,-0.138,-0.04,-0.078
-0.04,-0.035,-0.138,-0.136,-0.14,-0.04,-0.079
-0.039,-0.035,-0.137,-0.136,-0.141,-0.039,-0.079
-0.038,-0.035,-0.137,-0.135,-0.141,-0.038,-0.079
-0.037,-0.034,-0.136,-0.135,-0.142,-0.037,-0.079
-0.035,-0.033,-0.135,-0.134,-0.142,-0.035,-0.079
-0.034,-0.032,-0.134,-0.133,-0.142,-0.034,-0.078
-0.032,-0.031,-0.133,-0.132,-0.141,-0.032,-0.077
-0.03,-0.029,-0.132,-0.13,-0.141,-0.03,-0.076
-0.028,-0.027,-0.13,-0.129,-0.14,-0.028,-0.075
-0.025,-0.025,-0.129,-0.128,-0.139,-0.025,-0.074
-0.023,-0.023,-0.127,-0.126,-0.138,-0.023,-0.072
-0.02,-0.02,-0.126,-0.124,-0.137,-0.02,-0.07
-0.018,-0.018,-0.124,-0.123,-0.135,-0.018,-0.068
-0.015,-0.016,-0.123,-0.121,-0.133,-0.015,-0.066
-0.013,-0.013,-0.122,-0.12,-0.132,-0.013,-0.064
-0.011,-0.011,-0.121,-0.118,-0.13,-0.011,-0.062
-0.008,-0.009,-0.12,-0.117,-0.128,-0.008,-0.06
-0.006,-0.006,-0.119,-0.116,-0.126,-0.006,-0.058
-0.004,-0.004,-0.118,-0.114,-0.125,-0.004,-0.056
-0.002,-0.002,-0.117,-0.113,-0.123,-0.002,-0.054
-0.001,-0.001,-0.117,-0.112,-0.122,-0.001,-0.052
0.001,0.001,-0.117,-0.112,-0.12,0.001,-0.051
0.002,0.002,-0.117,-0.111,-0.119,0.002,-0.049
0.003,0.003,-0.117,-0.111,-0.118,0.003,-0.048
0.003,0.004,-0.117,-0.11,-0.117,0.003,-0.047
0.004,0.005,-0.118,-0.11,-0.116,0.004,-0.046
0.004,0.005,-0.118,-0.11,-0.116,0.004,-0.046
0.004,0.006,-0.119,-0.11,-0.115,0.004,-0.045
0.004,0.006,-0.12,-0.111,-0.115,0.004,-0.045
0.003,0.006,-0.121,-0.111,-0.115,0.003,-0.045
0.002,0.005,-0.122,-0.111,-0.115,0.002,-0.046
0.002,0.005,-0.123,-0.112,-0.115,0.002,-0.047
0.001,0.004,-0.124,-0.112,-0.116,0.001,-0.047
0,0.004,-0.125,-0.112,-0.116,0,-0.048
-0.001,0.003,-0.126,-0.113,-0.117,-0.001,-0.049
-0.003,0.003,-0.127,-0.113,-0.118,-0.003,-0.051
-0.004,0.002,-0.128,-0.113,-0.118,-0.004,-0.052
-0.005,0.001,-0.129,-0.113,-0.119,-0.005,-0.053
-0.006,0.001,-0.13,-0.113,-0.12,-0.006,-0.054
-0.007,0,-0.13,-0.113,-0.12,-0.007,-0.056
-0.008,0,-0.13,-0.113,-0.121,-0.008,-0.057
-0.009,0,-0.131,-0.113,-0.121,-0.009,-0.058
-0.01,0,-0.131,-0.112,-0.121,-0.01,-0.059
-0.01,0,-0.13,-0.112,-0.121,-0.01,-0.059
-0.011,0,-0.13,-0.111,-0.121,-0.011,-0.06
-0.011,0.001,-0.129,-0.11,-0.121,-0.011,-0.06
-0.011,0.002,-0.128,-0.109,-0.121,-0.011,-0.06
-0.011,0.002,-0.127,-0.108,-0.12,-0.011,-0.06
-0.01,0.003,-0.126,-0.107,-0.119,-0.01,-0.06
-0.01,0.005,-0.124,-0.106,-0.118,-0.01,-0.059
-0.009,0.006,-0.123,-0.104,-0.117,-0.009,-0.058
-0.008,0.008,-0.121,-0.103,-0.115,-0.008,-0.057
-0.007,0.009,-0.119,-0.102,-0.114,-0.007,-0.056
-0.006,0.011,-0.118,-0.101,-0.112,-0.006,-0.054
-0.005,0.012,-0.116,-0.1,-0.11,-0.005,-0.052
-0.004,0.014,-0.114,-0.099,-0.108,-0.004,-0.051
-0.003,0.016,-0.112,-0.098,-0.106,-0.003,-0.049
-0.001,0.018,-0.11,-0.097,-0.104,-0.001,-0.047
0,0.019,-0.108,-0.097,-0.102,0,-0.045
0.001,0.021,-0.106,-0.096,-0.1,0.001,-0.043
0.003,0.022,-0.105,-0.096,-0.098,0.003,-0.041
0.004,0.024,-0.103,-0.096,-0.097,0.004,-0.039
0.005,0.025,-0.102,-0.096,-0.095,0.005,-0.037
0.006,0.026,-0.1,-0.096,-0.094,0.006,-0.036
0.007,0.026,-0.099,-0.096,-0.092,0.007,-0.034
0.008,0.027,-0.098,-0.097,-0.091,0.008,-0.033
0.009,0.027,-0.098,-0.098,-0.09,0.009,-0.032
0.01,0.028,-0.097,-0.098,-0.089,0.01,-0.031
0.01,0.028,-0.097,-0.099,-0.089,0.01,-0.031
0.011,0.028,-0.097,-0.1,-0.089,0.011,-0.03
0.011,0.027,-0.097,-0.101,-0.089,0.011,-0.03
0.012,0.027,-0.097,-0.103,-0.089,0.012,-0.03
0.012,0.026,-0.097,-0.104,-0.089,0.012,-0.03
0.012,0.026,-0.097,-0.105,-0.089,0.012,-0.031
0.012,0.025,-0.098,-0.106,-0.09,0.012,-0.031
0.012,0.024,-0.098,-0.107,-0.09,0.012,-0.032
0.012,0.023,-0.099,-0.108,-0.091,0.012,-0.033
0.012,0.022,-0.099,-0.109,-0.092,0.012,-0.034
0.012,0.022,-0.1,-0.109,-0.093,0.012,-0.035
0.012,0.021,-0.1,-0.11,-0.093,0.012,-0.037
0.012,0.021,-0.101,-0.11,-0.094,0.012,-0.038
0.012,0.02,-0.101,-0.11,-0.095,0.012,-0.039
0.013,0.02,-0.101,-0.11,-0.096,0.013,-0.04
0.013,0.02,-0.101,-0.11,-0.096,0.013,-0.041
0.013,0.02,-0.101,-0.11,-0.097,0.013,-0.042
0.013,0.02,-0.101,-0.109,-0.097,0.013,-0.042
0.014,0.021,-0.101,-0.108,-0.098,0.014,-0.043
0.014,0.021,-0.101,-0.107,-0.098,0.014,-0.043
0.015,0.022,-0.101,-0.106,-0.098,0.015,-0.043
0.016,0.023,-0.1,-0.105,-0.098,0.016,-0.043
0.016,0.024,-0.1,-0.103,-0.097,0.016,-0.043
0.017,0.026,-0.099,-0.102,-0.097,0.017,-0.042
0.018,0.027,-0.098,-0.1,-0.096,0.018,-0.041
0.019,0.029,-0.098,-0.098,-0.096,0.019,-0.04
0.02,0.03,-0.097,-0.097,-0.095,0.02,-0.039
0.021,0.032,-0.096,-0.095,-0.094,0.021,-0.037
0.022,0.034,-0.096,-0.093,-0.094,0.022,-0.036
0.023,0.036,-0.095,-0.091,-0.093,0.023,-0.034
0.024,0.037,-0.094,-0.09,-0.092,0.024,-0.032
0.025,0.039,-0.094,-0.088,-0.091,0.025,-0.03
0.026,0.041,-0.093,-0.087,-0.09,0.026,-0.028
0.027,0.042,-0.093,-0.086,-0.089,0.027,-0.026
0.028,0.043,-0.093,-0.085,-0.088,0.028,-0.024
0.029,0.044,-0.092,-0.084,-0.087,0.029,-0.021
0.029,0.045,-0.092,-0.083,-0.086,0.029,-0.019
0.03,0.046,-0.092,-0.083,-0.085,0.03,-0.017
0.03,0.047,-0.092,-0.083,-0.085,0.03,-0.016
0.031,0.047,-0.092,-0.082,-0.084,0.031,-0.014
0.031,0.048,-0.092,-0.083,-0.084,0.031,-0.012
0.031,0.048,-0.093,-0.083,-0.083,0.031,-0.011
0.031,0.048,-0.093,-0.083,-0.083,0.031,-0.009
0.031,0.047,-0.093,-0.084,-0.083,0.031,-0.008
0.03,0.047,-0.093,-0.084,-0.083,0.03,-0.008
0.03,0.047,-0.093,-0.085,-0.083,0.03,-0.007
0.03,0.046,-0.093,-0.086,-0.083,0.03,-0.006
0.029,0.046,-0.094,-0.086,-0.083,0.029,-0.006
0.029,0.045,-0.094,-0.087,-0.083,0.029,-0.006
0.028,0.044,-0.094,-0.088,-0.083,0.028,-0.006
0.028,0.044,-0.094,-0.088,-0.083,0.028,-0.006
0.027,0.043,-0.093,-0.089,-0.083,0.027,-0.007
0.027,0.043,-0.093,-0.09,-0.083,0.027,-0.007
0.027,0.042,-0.093,-0.09,-0.083,0.027,-0.008
0.027,0.042,-0.093,-0.09,-0.083,0.027,-0.009
0.026,0.042,-0.092,-0.09,-0.083,0.026,-0.009
0.027,0.042,-0.092,-0.09,-0.083,0.027,-0.01
0.027,0.042,-0.091,-0.09,-0.083,0.027,-0.011
0.027,0.042,-0.09,-0.09,-0.083,0.027,-0.012
0.028,0.043,-0.09,-0.089,-0.082,0.028,-0.013
0.028,0.043,-0.089,-0.089,-0.082,0.028,-0.014
0.029,0.044,-0.088,-0.088,-0.081,0.029,-0.014
0.03,0.045,-0.087,-0.087,-0.08,0.03,-0.015
0.031,0.046,-0.086,-0.086,-0.079,0.031,-0.016
0.032,0.047,-0.085,-0.086,-0.079,0.032,-0.016
0.033,0.048,-0.084,-0.085,-0.078,0.033,-0.016
0.034,0.05,-0.084,-0.083,-0.077,0.034,-0.016
0.035,0.051,-0.083,-0.082,-0.076,0.035,-0.017
0.037,0.052,-0.082,-0.081,-0.075,0.037,-0.017
0.038,0.054,-0.081,-0.08,-0.074,0.038,-0.016
0.04,0.055,-0.081,-0.079,-0.073,0.04,-0.016
0.041,0.057,-0.08,-0.079,-0.073,0.041,-0.016
0.042,0.058,-0.08,-0.078,-0.072,0.042,-0.015
0.043,0.059,-0.08,-0.077,-0.072,0.043,-0.015
0.045,0.06,-0.079,-0.077,-0.071,0.045,-0.014
0.046,0.061,-0.079,-0.076,-0.071,0.046,-0.013
0.047,0.062,-0.079,-0.076,-0.071,0.047,-0.013
0.048,0.062,-0.079,-0.076,-0.071,0.048,-0.012
0.049,0.062,-0.079,-0.076,-0.071,0.049,-0.011
0.049,0.063,-0.08,-0.076,-0.071,0.049,-0.01
0.05,0.063,-0.08,-0.076,-0.071,0.05,-0.01
0.05,0.062,-0.08,-0.076,-0.072,0.05,-0.009
0.051,0.062,-0.081,-0.076,-0.072,0.051,-0.008
0.051,0.061,-0.081,-0.077,-0.073,0.051,-0.008
0.051,0.061,-0.081,-0.077,-0.073,0.051,-0.007
0.052,0.06,-0.082,-0.077,-0.074,0.052,-0.007
0.052,0.059,-0.082,-0.078,-0.075,0.052,-0.006
0.052,0.058,-0.083,-0.078,-0.075,0.052,-0.006
0.052,0.057,-0.083,-0.078,-0.076,0.052,-0.005
0.052,0.056,-0.083,-0.079,-0.077,0.052,-0.005
0.052,0.055,-0.083,-0.079,-0.077,0.052,-0.005
0.052,0.054,-0.083,-0.079,-0.078,0.052,-0.005
0.052,0.053,-0.083,-0.079,-0.078,0.052,-0.004
0.052,0.052,-0.083,-0.079,-0.078,0.052,-0.004
0.052,0.051,-0.083,-0.078,-0.078,0.052,-0.004
0.052,0.051,-0.083,-0.078,-0.078,0.052,-0.003
0.053,0.05,-0.082,-0.078,-0.077,0.053,-0.003
0.053,0.05,-0.081,-0.077,-0.077,0.053,-0.003
0.053,0.05,-0.081,-0.076,-0.076,0.053,-0.002
0.054,0.05,-0.08,-0.075,-0.075,0.054,-0.002
0.055,0.051,-0.079,-0.074,-0.074,0.055,-0.001
0.055,0.051,-0.078,-0.073,-0.072,0.055,0
0.056,0.052,-0.076,-0.071,-0.071,0.056,0.001
0.057,0.053,-0.075,-0.07,-0.069,0.057,0.001
0.058,0.054,-0.074,-0.068,-0.068,0.058,0.002
0.059,0.055,-0.072,-0.066,-0.066,0.059,0.003
0.061,0.057,-0.071,-0.064,-0.064,0.061,0.004
0.062,0.059,-0.069,-0.063,-0.062,0.062,0.005
0.063,0.06,-0.068,-0.061,-0.06,0.063,0.007
0.064,0.062,-0.066,-0.059,-0.059,0.064,0.008
0.065,0.064,-0.065,-0.057,-0.057,0.065,0.009
0.067,0.066,-0.063,-0.055,-0.055,0.067,0.01
0.068,0.068,-0.062,-0.054,-0.054,0.068,0.011
0.069,0.07,-0.061,-0.052,-0.052,0.069,0.012
0.07,0.072,-0.06,-0.051,-0.051,0.07,0.013
0.071,0.074,-0.059,-0.049,-0.05,0.071,0.014
0.072,0.076,-0.058,-0.048,-0.049,0.072,0.015
0.073,0.078,-0.057,-0.047,-0.048,0.073,0.016
0.074,0.079,-0.057,-0.046,-0.048,0.074,0.017
0.074,0.081,-0.056,-0.045,-0.047,0.074,0.017
0.075,0.082,-0.056,-0.045,-0.047,0.075,0.018
0.076,0.084,-0.056,-0.045,-0.047,0.076,0.018
0.076,0.085,-0.056,-0.045,-0.047,0.076,0.018
0.077,0.086,-0.056,-0.045,-0.047,0.077,0.018
0.077,0.087,-0.056,-0.045,-0.048,0.077,0.018
0.078,0.088,-0.056,-0.045,-0.048,0.078,0.018
0.079,0.089,-0.057,-0.046,-0.049,0.079,0.017
0.079,0.09,-0.057,-0.046,-0.05,0.079,0.017
0.08,0.09,-0.057,-0.047,-0.051,0.08,0.017
0.081,0.091,-0.058,-0.048,-0.051,0.081,0.016
0.082,0.091,-0.058,-0.049,-0.052,0.082,0.016
0.083,0.092,-0.058,-0.049,-0.053,0.083,0.015
0.084,0.092,-0.059,-0.05,-0.054,0.084,0.015
0.085,0.092,-0.059,-0.051,-0.054,0.085,0.014
0.087,0.092,-0.059,-0.051,-0.055,0.087,0.014
0.088,0.093,-0.059,-0.052,-0.055,0.088,0.014
0.09,0.093,-0.059,-0.052,-0.055,0.09,0.014
0.092,0.093,-0.059,-0.052,-0.055,0.092,0.014
0.094,0.093,-0.059,-0.052,-0.055,0.094,0.014
0.097,0.094,-0.059,-0.052,-0.055,0.097,0.014
0.099,0.094,-0.058,-0.052,-0.054,0.099,0.014
0.102,0.095,-0.057,-0.051,-0.053,0.102,0.015
0.105,0.096,-0.057,-0.051,-0.052,0.105,0.016
0.107,0.097,-0.056,-0.05,-0.051,0.107,0.016
0.11,0.098,-0.055,-0.049,-0.05,0.11,0.017
0.114,0.099,-0.054,-0.047,-0.048,0.114,0.019
0.117,0.1,-0.052,-0.046,-0.046,0.117,0.02
0.12,0.101,-0.051,-0.045,-0.044,0.12,0.021
0.123,0.103,-0.05,-0.043,-0.042,0.123,0.023
0.126,0.105,-0.048,-0.041,-0.04,0.126,0.025
0.13,0.106,-0.047,-0.04,-0.038,0.13,0.027
0.133,0.108,-0.045,-0.038,-0.036,0.133,0.028
0.136,0.11,-0.043,-0.037,-0.034,0.136,0.03
0.139,0.112,-0.042,-0.035,-0.032,0.139,0.032
0.142,0.115,-0.04,-0.034,-0.03,0.142,0.034
0.145,0.117,-0.039,-0.033,-0.028,0.145,0.036
0.147,0.119,-0.037,-0.032,-0.026,0.147,0.038
0.15,0.121,-0.036,-0.031,-0.025,0.15,0.04
0.152,0.123,-0.035,-0.03,-0.023,0.152,0.041
0.154,0.126,-0.033,-0.029,-0.022,0.154,0.043
0.156,0.128,-0.032,-0.028,-0.021,0.156,0.044
0.158,0.13,-0.031,-0.028,-0.02,0.158,0.046
0.159,0.132,-0.03,-0.028,-0.02,0.159,0.047
0.161,0.134,-0.03,-0.028,-0.02,0.161,0.048
0.162,0.136,-0.029,-0.028,-0.019,0.162,0.049
0.163,0.137,-0.029,-0.028,-0.02,0.163,0.05
0.164,0.139,-0.028,-0.028,-0.02,0.164,0.05
0.165,0.14,-0.028,-0.029,-0.021,0.165,0.051
0.166,0.141,-0.028,-0.029,-0.021,0.166,0.052
0.167,0.142,-0.028,-0.029,-0.022,0.167,0.052
0.167,0.143,-0.028,-0.03,-0.023,0.167,0.052
0.168,0.144,-0.028,-0.03,-0.024,0.168,0.053
0.169,0.145,-0.028,-0.03,-0.025,0.169,0.053
0.17,0.146,-0.028,-0.03,-0.026,0.17,0.053
0.171,0.146,-0.028,-0.03,-0.027,0.171,0.054
0.172,0.147,-0.028,-0.03,-0.028,0.172,0.054
0.173,0.147,-0.028,-0.029,-0.029,0.173,0.054
0.174,0.147,-0.028,-0.029,-0.029,0.174,0.055
0.175,0.148,-0.028,-0.028,-0.03,0.175,0.056
0.177,0.148,-0.027,-0.027,-0.03,0.177,0.056
0.178,0.148,-0.027,-0.025,-0.03,0.178,0.057
0.18,0.149,-0.026,-0.024,-0.03,0.18,0.058
0.182,0.149,-0.026,-0.022,-0.03,0.182,0.059
0.184,0.149,-0.025,-0.02,-0.029,0.184,0.06
0.187,0.15,-0.024,-0.018,-0.028,0.187,0.062
0.189,0.15,-0.023,-0.016,-0.027,0.189,0.063
0.192,0.151,-0.021,-0.014,-0.026,0.192,0.065
0.194,0.151,-0.02,-0.012,-0.024,0.194,0.067
0.197,0.152,-0.018,-0.009,-0.022,0.197,0.068
0.2,0.153,-0.017,-0.007,-0.02,0.2,0.07
0.202,0.154,-0.015,-0.005,-0.018,0.202,0.072
0.205,0.155,-0.013,-0.002,-0.015,0.205,0.075
0.208,0.155,-0.011,0,-0.013,0.208,0.077
0.211,0.156,-0.01,0.002,-0.01,0.211,0.079
0.213,0.157,-0.008,0.004,-0.007,0.213,0.081
0.216,0.159,-0.006,0.006,-0.005,0.216,0.083
0.218,0.16,-0.004,0.007,-0.002,0.218,0.085
0.22,0.161,-0.002,0.009,0.001,0.22,0.087
0.222,0.162,0,0.01,0.003,0.222,0.089
0.224,0.163,0.001,0.011,0.006,0.224,0.091
0.226,0.164,0.003,0.012,0.008,0.226,0.093
0.227,0.165,0.004,0.013,0.01,0.227,0.094
0.228,0.166,0.006,0.013,0.012,0.228,0.096
0.229,0.167,0.007,0.013,0.014,0.229,0.097
0.23,0.168,0.008,0.013,0.015,0.23,0.098
0.231,0.169,0.009,0.013,0.017,0.231,0.099
0.231,0.169,0.01,0.013,0.018,0.231,0.1
0.232,0.17,0.011,0.012,0.019,0.232,0.101
0.232,0.17,0.012,0.012,0.019,0.232,0.102
0.232,0.171,0.013,0.011,0.02,0.232,0.102
0.231,0.171,0.014,0.011,0.02,0.231,0.102
0.231,0.171,0.015,0.01,0.02,0.231,0.103
0.231,0.171,0.016,0.009,0.02,0.231,0.103
0.23,0.171,0.016,0.009,0.02,0.23,0.103
0.23,0.171,0.017,0.008,0.02,0.23,0.103
0.229,0.171,0.018,0.008,0.02,0.229,0.102
0.229,0.17,0.019,0.008,0.02,0.229,0.102
0.228,0.17,0.019,0.007,0.02,0.228,0.102
0.228,0.169,0.02,0.007,0.02,0.228,0.102
0.227,0.169,0.021,0.008,0.019,0.227,0.102
0.227,0.168,0.022,0.008,0.019,0.227,0.102
0.226,0.167,0.023,0.008,0.02,0.226,0.102
0.226,0.166,0.024,0.009,0.02,0.226,0.102
0.225,0.166,0.025,0.01,0.02,0.225,0.102
0.225,0.165,0.027,0.011,0.021,0.225,0.102
0.224,0.164,0.028,0.012,0.021,0.224,0.102
0.224,0.163,0.029,0.013,0.022,0.224,0.102
0.223,0.162,0.031,0.015,0.023,0.223,0.103
0.223,0.161,0.032,0.016,0.024,0.223,0.103
0.222,0.161,0.033,0.018,0.025,0.222,0.103
0.222,0.16,0.035,0.02,0.027,0.222,0.104
0.221,0.159,0.036,0.021,0.028,0.221,0.104
0.221,0.159,0.037,0.023,0.03,0.221,0.105
0.22,0.158,0.038,0.025,0.031,0.22,0.105
0.22,0.158,0.039,0.027,0.033,0.22,0.106
0.219,0.158,0.04,0.028,0.034,0.219,0.106
0.218,0.158,0.041,0.03,0.036,0.218,0.107
0.217,0.157,0.042,0.031,0.037,0.217,0.107
0.216,0.157,0.043,0.033,0.039,0.216,0.107
0.215,0.157,0.043,0.034,0.04,0.215,0.108
0.214,0.158,0.043,0.035,0.041,0.214,0.108
0.213,0.158,0.044,0.036,0.042,0.213,0.108
0.212,0.158,0.044,0.036,0.043,0.212,0.108
0.21,0.158,0.044,0.037,0.044,0.21,0.108
0.209,0.158,0.043,0.037,0.045,0.209,0.108
0.207,0.158,0.043,0.038,0.045,0.207,0.107
0.206,0.158,0.042,0.038,0.045,0.206,0.107
0.204,0.159,0.042,0.038,0.045,0.204,0.106
0.203,0.159,0.041,0.037,0.046,0.203,0.106
0.201,0.159,0.04,0.037,0.045,0.201,0.105
0.199,0.159,0.039,0.037,0.045,0.199,0.105
0.198,0.159,0.038,0.036,0.045,0.198,0.104
0.196,0.159,0.037,0.036,0.044,0.196,0.103
0.194,0.158,0.037,0.035,0.044,0.194,0.102
0.193,0.158,0.036,0.034,0.043,0.193,0.102
0.191,0.158,0.035,0.034,0.043,0.191,0.101
0.19,0.158,0.034,0.033,0.042,0.19,0.1
0.188,0.157,0.033,0.033,0.042,0.188,0.099
0.187,0.157,0.033,0.032,0.041,0.187,0.099
0.185,0.156,0.032,0.032,0.041,0.185,0.098
0.184,0.156,0.032,0.032,0.04,0.184,0.097
0.182,0.155,0.031,0.032,0.04,0.182,0.097
0.181,0.155,0.031,0.031,0.04,0.181,0.096
0.18,0.154,0.031,0.032,0.04,0.18,0.096
0.179,0.154,0.032,0.032,0.04,0.179,0.096
0.177,0.153,0.032,0.032,0.04,0.177,0.095
0.176,0.153,0.032,0.032,0.04,0.176,0.095
0.175,0.152,0.033,0.033,0.04,0.175,0.095
0.174,0.152,0.034,0.033,0.04,0.174,0.095
0.173,0.152,0.035,0.034,0.041,0.173,0.095
0.172,0.152,0.036,0.035,0.041,0.172,0.095
0.17,0.151,0.037,0.035,0.041,0.17,0.095
0.169,0.151,0.038,0.036,0.042,0.169,0.096
0.168,0.151,0.039,0.037,0.043,0.168,0.096
0.167,0.151,0.04,0.037,0.043,0.167,0.097
0.166,0.151,0.041,0.038,0.044,0.166,0.097
0.164,0.151,0.042,0.038,0.044,0.164,0.097
0.163,0.151,0.043,0.039,0.045,0.163,0.098
0.161,0.151,0.044,0.039,0.045,0.161,0.099
0.16,0.151,0.045,0.039,0.046,0.16,0.099
0.158,0.151,0.045,0.039,0.046,0.158,0.1
0.156,0.151,0.046,0.039,0.047,0.156,0.1
0.155,0.151,0.046,0.039,0.047,0.155,0.101
0.153,0.151,0.046,0.039,0.047,0.153,0.101
0.151,0.151,0.046,0.039,0.047,0.151,0.102
0.149,0.15,0.046,0.038,0.047,0.149,0.102
0.147,0.15,0.046,0.037,0.047,0.147,0.102
0.144,0.15,0.045,0.037,0.047,0.144,0.103
0.142,0.149,0.044,0.036,0.047,0.142,0.103
0.14,0.149,0.043,0.035,0.046,0.14,0.103
0.137,0.148,0.043,0.034,0.046,0.137,0.103
0.135,0.147,0.041,0.033,0.045,0.135,0.103
0.133,0.146,0.04,0.032,0.045,0.133,0.103
0.13,0.145,0.039,0.031,0.044,0.13,0.103
0.128,0.144,0.038,0.03,0.043,0.128,0.103
0.126,0.143,0.037,0.029,0.043,0.126,0.103
0.123,0.142,0.036,0.028,0.042,0.123,0.103
0.121,0.14,0.035,0.028,0.041,0.121,0.103
0.119,0.139,0.034,0.027,0.04,0.119,0.103
0.117,0.138,0.033,0.026,0.04,0.117,0.102
0.115,0.137,0.033,0.026,0.039,0.115,0.102
0.113,0.136,0.032,0.025,0.039,0.113,0.102
0.111,0.135,0.032,0.025,0.038,0.111,0.101
0.109,0.134,0.031,0.025,0.038,0.109,0.101
0.107,0.133,0.031,0.025,0.037,0.107,0.101
0.106,0.132,0.032,0.025,0.037,0.106,0.1
0.104,0.131,0.032,0.025,0.037,0.104,0.1
0.103,0.13,0.032,0.026,0.036,0.103,0.1
0.102,0.13,0.033,0.026,0.036,0.102,0.099
0.101,0.129,0.033,0.027,0.036,0.101,0.099
0.1,0.129,0.034,0.027,0.037,0.1,0.099
0.099,0.128,0.035,0.028,0.037,0.099,0.098
0.098,0.128,0.035,0.029,0.037,0.098,0.098
0.097,0.128,0.036,0.03,0.037,0.097,0.097
0.096,0.127,0.037,0.03,0.037,0.096,0.097
0.095,0.127,0.038,0.031,0.038,0.095,0.096
0.094,0.127,0.038,0.032,0.038,0.094,0.096
0.093,0.127,0.039,0.032,0.038,0.093,0.095
0.092,0.126,0.039,0.033,0.038,0.092,0.094
0.091,0.126,0.04,0.033,0.038,0.091,0.094
0.09,0.126,0.04,0.034,0.038,0.09,0.093
0.089,0.125,0.04,0.034,0.039,0.089,0.092
0.088,0.124,0.04,0.034,0.039,0.088,0.091
0.087,0.124,0.039,0.034,0.038,0.087,0.09
0.086,0.123,0.039,0.033,0.038,0.086,0.089
0.084,0.122,0.038,0.033,0.038,0.084,0.087
0.083,0.121,0.037,0.032,0.038,0.083,0.086
0.082,0.119,0.036,0.031,0.037,0.082,0.085
0.08,0.118,0.035,0.03,0.037,0.08,0.083
0.079,0.117,0.033,0.029,0.036,0.079,0.082
0.077,0.115,0.032,0.028,0.035,0.077,0.08
0.076,0.114,0.03,0.026,0.035,0.076,0.079
0.075,0.112,0.028,0.025,0.034,0.075,0.077
0.073,0.11,0.026,0.023,0.033,0.073,0.076
0.072,0.109,0.024,0.022,0.032,0.072,0.074
0.07,0.107,0.022,0.02,0.031,0.07,0.073
0.069,0.105,0.02,0.018,0.029,0.069,0.071
0.068,0.104,0.018,0.017,0.028,0.068,0.07
0.066,0.102,0.016,0.015,0.027,0.066,0.068
0.065,0.1,0.014,0.013,0.025,0.065,0.067
0.064,0.099,0.013,0.012,0.024,0.064,0.066
0.063,0.098,0.011,0.01,0.023,0.063,0.065
0.062,0.096,0.009,0.009,0.021,0.062,0.064
0.061,0.095,0.008,0.007,0.019,0.061,0.063
0.061,0.094,0.006,0.006,0.018,0.061,0.062
0.06,0.093,0.005,0.005,0.016,0.06,0.062
0.059,0.092,0.004,0.004,0.014,0.059,0.061
0.059,0.091,0.003,0.003,0.012,0.059,0.061
0.058,0.09,0.002,0.002,0.01,0.058,0.06
0.058,0.09,0.002,0.001,0.008,0.058,0.06
0.057,0.089,0.001,0.001,0.006,0.057,0.06
0.057,0.088,0,0,0.004,0.057,0.06
0.057,0.088,0,-0.001,0.002,0.057,0.059
0.056,0.087,0,-0.001,0,0.056,0.059
0.056,0.087,-0.001,-0.002,-0.002,0.056,0.059
0.056,0.086,-0.001,-0.002,-0.004,0.056,0.059
0.055,0.086,-0.002,-0.002,-0.006,0.055,0.059
0.055,0.085,-0.002,-0.003,-0.008,0.055,0.058
0.055,0.085,-0.002,-0.003,-0.01,0.055,0.058
0.054,0.084,-0.003,-0.004,-0.012,0.054,0.058
0.054,0.084,-0.004,-0.004,-0.014,0.054,0.057
0.053,0.083,-0.004,-0.005,-0.016,0.053,0.056
0.052,0.082,-0.005,-0.006,-0.018,0.052,0.056
0.052,0.082,-0.006,-0.006,-0.02,0.052,0.055
0.051,0.081,-0.007,-0.007,-0.022,0.051,0.054
0.05,0.08,-0.008,-0.008,-0.024,0.05,0.053
0.049,0.079,-0.009,-0.009,-0.025,0.049,0.052
0.048,0.078,-0.01,-0.011,-0.027,0.048,0.051
0.047,0.077,-0.012,-0.012,-0.028,0.047,0.05
0.046,0.076,-0.013,-0.013,-0.03,0.046,0.048
0.045,0.075,-0.015,-0.015,-0.031,0.045,0.047
0.044,0.074,-0.017,-0.016,-0.032,0.044,0.046
0.043,0.073,-0.018,-0.018,-0.033,0.043,0.044
0.042,0.072,-0.02,-0.019,-0.034,0.042,0.043
0.041,0.071,-0.022,-0.021,-0.035,0.041,0.042
0.04,0.07,-0.024,-0.023,-0.036,0.04,0.04
0.039,0.07,-0.026,-0.024,-0.037,0.039,0.039
0.039,0.069,-0.028,-0.026,-0.038,0.039,0.038
0.038,0.068,-0.03,-0.028,-0.039,0.038,0.037
0.037,0.068,-0.031,-0.029,-0.039,0.037,0.036
0.036,0.067,-0.033,-0.031,-0.04,0.036,0.035
0.035,0.067,-0.035,-0.032,-0.04,0.035,0.034
0.035,0.067,-0.036,-0.033,-0.041,0.035,0.033
0.034,0.066,-0.038,-0.035,-0.041,0.034,0.032
0.034,0.066,-0.039,-0.036,-0.041,0.034,0.032
0.033,0.066,-0.04,-0.036,-0.041,0.033,0.032
0.033,0.066,-0.041,-0.037,-0.042,0.033,0.031
0.032,0.066,-0.042,-0.038,-0.042,0.032,0.031
0.032,0.066,-0.043,-0.038,-0.042,0.032,0.031
0.032,0.067,-0.044,-0.039,-0.042,0.032,0.031
0.032,0.067,-0.044,-0.039,-0.041,0.032,0.031
0.031,0.067,-0.045,-0.039,-0.041,0.031,0.032
0.031,0.067,-0.045,-0.039,-0.041,0.031,0.032
0.031,0.067,-0.045,-0.039,-0.041,0.031,0.032
0.031,0.068,-0.045,-0.039,-0.04,0.031,0.032
0.031,0.068,-0.045,-0.039,-0.04,0.031,0.033
0.031,0.068,-0.045,-0.039,-0.039,0.031,0.033
0.032,0.068,-0.045,-0.038,-0.039,0.032,0.033
0.032,0.068,-0.045,-0.038,-0.039,0.032,0.033
0.032,0.068,-0.045,-0.038,-0.038,0.032,0.033
0.032,0.068,-0.045,-0.038,-0.038,0.032,0.033
0.032,0.068,-0.044,-0.037,-0.037,0.032,0.033
0.033,0.067,-0.044,-0.037,-0.037,0.033,0.033
0.033,0.067,-0.044,-0.037,-0.037,0.033,0.033
0.033,0.067,-0.044,-0.037,-0.036,0.033,0.032
0.033,0.066,-0.043,-0.037,-0.036,0.033,0.032
0.034,0.065,-0.043,-0.037,-0.036,0.034,0.031
0.034,0.065,-0.043,-0.038,-0.036,0.034,0.03
0.034,0.064,-0.043,-0.038,-0.036,0.034,0.029
0.035,0.063,-0.043,-0.038,-0.037,0.035,0.028
0.035,0.063,-0.042,-0.039,-0.037,0.035,0.027
0.035,0.062,-0.042,-0.039,-0.038,0.035,0.026
0.036,0.061,-0.042,-0.04,-0.038,0.036,0.025
0.036,0.06,-0.042,-0.04,-0.039,0.036,0.024
0.036,0.059,-0.042,-0.041,-0.04,0.036,0.023
0.036,0.058,-0.042,-0.041,-0.041,0.036,0.022
0.037,0.058,-0.043,-0.042,-0.042,0.037,0.021
0.037,0.057,-0.043,-0.043,-0.044,0.037,0.02
0.037,0.056,-0.043,-0.043,-0.045,0.037,0.019
0.037,0.055,-0.043,-0.044,-0.046,0.037,0.018
0.037,0.055,-0.043,-0.044,-0.048,0.037,0.017
0.037,0.054,-0.044,-0.045,-0.049,0.037,0.016
0.037,0.054,-0.044,-0.045,-0.051,0.037,0.016
0.037,0.053,-0.044,-0.045,-0.052,0.037,0.015
0.037,0.053,-0.045,-0.046,-0.053,0.037,0.015
0.036,0.053,-0.045,-0.046,-0.055,0.036,0.015
0.036,0.052,-0.045,-0.046,-0.056,0.036,0.014
0.036,0.052,-0.045,-0.046,-0.057,0.036,0.014
0.035,0.052,-0.046,-0.046,-0.058,0.035,0.014
0.035,0.052,-0.046,-0.046,-0.059,0.035,0.014
0.035,0.052,-0.046,-0.046,-0.06,0.035,0.015
0.034,0.052,-0.047,-0.046,-0.061,0.034,0.015
0.033,0.052,-0.047,-0.046,-0.061,0.033,0.015
0.033,0.052,-0.047,-0.046,-0.062,0.033,0.016
0.032,0.052,-0.047,-0.046,-0.062,0.032,0.016
0.031,0.052,-0.047,-0.046,-0.062,0.031,0.017
0.031,0.052,-0.048,-0.045,-0.062,0.031,0.017
0.03,0.052,-0.048,-0.045,-0.062,0.03,0.018
0.029,0.052,-0.048,-0.045,-0.062,0.029,0.018
0.028,0.053,-0.048,-0.045,-0.062,0.028,0.019
0.028,0.053,-0.048,-0.045,-0.062,0.028,0.019
0.027,0.053,-0.048,-0.044,-0.062,0.027,0.019
0.026,0.053,-0.048,-0.044,-0.061,0.026,0.02
0.025,0.053,-0.049,-0.044,-0.061,0.025,0.02
0.024,0.053,-0.049,-0.044,-0.061,0.024,0.021
0.024,0.053,-0.049,-0.044,-0.061,0.024,0.021
0.023,0.053,-0.049,-0.044,-0.06,0.023,0.021
0.022,0.053,-0.049,-0.045,-0.06,0.022,0.021
0.022,0.053,-0.049,-0.045,-0.06,0.022,0.022
0.021,0.053,-0.049,-0.045,-0.06,0.021,0.022
0.021,0.053,-0.05,-0.045,-0.06,0.021,0.022
0.02,0.052,-0.05,-0.046,-0.06,0.02,0.022
0.02,0.052,-0.05,-0.046,-0.06,0.02,0.022
0.02,0.052,-0.05,-0.046,-0.06,0.02,0.022
0.019,0.052,-0.05,-0.047,-0.06,0.019,0.022
0.019,0.052,-0.05,-0.047,-0.061,0.019,0.022
0.019,0.052,-0.05,-0.048,-0.061,0.019,0.021
0.019,0.052,-0.05,-0.048,-0.061,0.019,0.021
0.02,0.052,-0.05,-0.048,-0.061,0.02,0.021
0.02,0.052,-0.05,-0.049,-0.062,0.02,0.021
0.02,0.052,-0.05,-0.049,-0.062,0.02,0.021
0.021,0.052,-0.05,-0.049,-0.062,0.021,0.021
0.021,0.052,-0.05,-0.05,-0.062,0.021,0.02
0.022,0.052,-0.05,-0.05,-0.062,0.022,0.02
0.023,0.053,-0.05,-0.05,-0.062,0.023,0.02
0.023,0.053,-0.05,-0.05,-0.062,0.023,0.019
0.024,0.054,-0.05,-0.05,-0.062,0.024,0.019
0.025,0.054,-0.05,-0.05,-0.062,0.025,0.019
0.026,0.055,-0.05,-0.05,-0.062,0.026,0.019
0.027,0.056,-0.049,-0.049,-0.061,0.027,0.018
0.028,0.057,-0.049,-0.049,-0.061,0.028,0.018
0.029,0.057,-0.049,-0.049,-0.06,0.029,0.018
0.03,0.058,-0.049,-0.048,-0.059,0.03,0.017
0.03,0.059,-0.049,-0.048,-0.059,0.03,0.017
0.031,0.06,-0.049,-0.048,-0.058,0.031,0.017
0.032,0.061,-0.048,-0.047,-0.057,0.032,0.017
0.033,0.062,-0.048,-0.047,-0.056,0.033,0.017
0.033,0.063,-0.048,-0.046,-0.055,0.033,0.017
0.034,0.064,-0.048,-0.046,-0.055,0.034,0.017
0.034,0.065,-0.048,-0.045,-0.054,0.034,0.017
0.034,0.066,-0.048,-0.045,-0.053,0.034,0.017
0.034,0.067,-0.048,-0.045,-0.052,0.034,0.017
0.034,0.067,-0.048,-0.044,-0.051,0.034,0.017
0.034,0.068,-0.048,-0.044,-0.051,0.034,0.017
0.034,0.068,-0.048,-0.044,-0.05,0.034,0.017
0.034,0.069,-0.048,-0.044,-0.05,0.034,0.018
0.033,0.069,-0.048,-0.043,-0.049,0.033,0.018
0.033,0.069,-0.048,-0.043,-0.049,0.033,0.018
0.032,0.069,-0.048,-0.043,-0.049,0.032,0.019
0.031,0.07,-0.048,-0.043,-0.049,0.031,0.019
0.031,0.069,-0.049,-0.043,-0.049,0.031,0.02
0.03,0.069,-0.049,-0.043,-0.049,0.03,0.02
0.029,0.069,-0.049,-0.044,-0.049,0.029,0.02
0.028,0.069,-0.05,-0.044,-0.049,0.028,0.021
0.027,0.069,-0.05,-0.044,-0.049,0.027,0.021
0.027,0.069,-0.05,-0.044,-0.049,0.027,0.021
0.026,0.068,-0.05,-0.044,-0.049,0.026,0.021
0.025,0.068,-0.051,-0.044,-0.05,0.025,0.021
0.024,0.068,-0.051,-0.044,-0.05,0.024,0.022
0.024,0.067,-0.051,-0.045,-0.05,0.024,0.022
0.023,0.067,-0.052,-0.045,-0.05,0.023,0.022
0.023,0.067,-0.052,-0.045,-0.05,0.023,0.022
0.023,0.067,-0.052,-0.045,-0.05,0.023,0.022
0.023,0.067,-0.052,-0.044,-0.05,0.023,0.022
0.023,0.067,-0.052,-0.044,-0.05,0.023,0.022
0.023,0.067,-0.052,-0.044,-0.05,0.023,0.022
0.023,0.067,-0.052,-0.044,-0.049,0.023,0.021
0.024,0.067,-0.052,-0.044,-0.049,0.024,0.021
0.024,0.067,-0.052,-0.043,-0.049,0.024,0.021
0.025,0.067,-0.052,-0.043,-0.048,0.025,0.021
0.025,0.067,-0.052,-0.042,-0.048,0.025,0.022
0.026,0.067,-0.052,-0.042,-0.047,0.026,0.022
0.027,0.067,-0.051,-0.041,-0.047,0.027,0.022
0.028,0.068,-0.051,-0.041,-0.046,0.028,0.022
0.029,0.068,-0.051,-0.04,-0.045,0.029,0.023
0.03,0.068,-0.05,-0.04,-0.045,0.03,0.023
0.031,0.068,-0.05,-0.039,-0.044,0.031,0.023
0.031,0.069,-0.049,-0.039,-0.043,0.031,0.024
0.032,0.069,-0.049,-0.038,-0.042,0.032,0.025
0.033,0.069,-0.048,-0.038,-0.042,0.033,0.026
0.034,0.069,-0.048,-0.037,-0.041,0.034,0.026
0.035,0.07,-0.047,-0.037,-0.041,0.035,0.027
0.036,0.07,-0.047,-0.036,-0.04,0.036,0.028
0.036,0.07,-0.046,-0.036,-0.039,0.036,0.029
0.037,0.07,-0.046,-0.036,-0.039,0.037,0.03
0.038,0.07,-0.045,-0.036,-0.038,0.038,0.031
0.038,0.07,-0.045,-0.035,-0.038,0.038,0.032
0.038,0.07,-0.045,-0.035,-0.038,0.038,0.033
0.039,0.071,-0.044,-0.035,-0.037,0.039,0.034
0.039,0.071,-0.044,-0.035,-0.037,0.039,0.035
0.039,0.071,-0.044,-0.035,-0.037,0.039,0.036
0.039,0.071,-0.044,-0.036,-0.037,0.039,0.037
0.039,0.071,-0.044,-0.036,-0.037,0.039,0.038
0.039,0.071,-0.044,-0.036,-0.037,0.039,0.038
0.039,0.071,-0.044,-0.036,-0.037,0.039,0.039
0.039,0.071,-0.044,-0.037,-0.037,0.039,0.039
0.038,0.071,-0.044,-0.037,-0.037,0.038,0.039
0.038,0.071,-0.044,-0.038,-0.037,0.038,0.039
0.038,0.071,-0.044,-0.038,-0.037,0.038,0.039
0.038,0.071,-0.044,-0.038,-0.037,0.038,0.038
0.037,0.071,-0.045,-0.039,-0.037,0.037,0.038
0.037,0.071,-0.045,-0.039,-0.037,0.037,0.037
0.037,0.071,-0.045,-0.039,-0.037,0.037,0.037
0.037,0.072,-0.045,-0.039,-0.037,0.037,0.036
0.037,0.072,-0.046,-0.039,-0.037,0.037,0
0.037,0.073,-0.046,-0.039,-0.037,0.037,0
0.037,0.073,-0.046,-0.039,-0.037,0.037,0
0.038,0.074,-0.046,-0.039,-0.037,0.038,0
0.038,0.075,-0.046,-0.039,-0.037,0.038,0
0.038,0.076,-0.046,-0.038,-0.037,0.038,0
0.039,0.076,0,0,-0.037,0.039,0
0.04,0.078,0,0,0,0.04,0
0.04,0.079,0,0,0,0.04,0
0.041,0.08,0,0,0,0.041,0
0.042,0.081,0,0,0,0.042,0
0.043,0.083,0,0,0,0.043,0
0.044,0.084,0,0,0,0.044,0
0.044,0.086,0,0,0,0.044,0
0.045,0.087,0,0,0,0.045,0
0.046,0.088,0,0,0,0.046,0
0.047,0.09,0,0,0,0.047,0
0.048,0.091,0,0,0,0.048,0
0.049,0.093,0,0,0,0.049,0
0.05,0.094,0,0,0,0.05,0
0.051,0.095,0,0,0,0.051,0
0.051,0.096,0,0,0,0.051,0
0.052,0.097,0,0,0,0.052,0
0.052,0.097,0,0,0,0.052,0
0,0.098,0,0,0,0,0
0,0.098,0,0,0,0,0
0,0.099,0,0,0,0,0
0,0.099,0,0,0,0,0
0,0.099,0,0,0,0,0
0,0.099,0,0,0,0,0
0,0.098,0,0,0,0,0
0,0.098,0,0,0,0,0
0,0.098,0,0,0,0,0
0,0.097,0,0,0,0,0
0,0.097,0,0,0,0,0
0,0.096,0,0,0,0,0
0,0.096,0,0,0,0,0
0,0.095,0,0,0,0,0
0,0.095,0,0,0,0,0
0,0,0,0,0,0,0
0,0,0,0,0,0,0
0,0,0,0,0,0,0
0,0,0,0,0,0,0
0,0,0,0,0,0,0
0,0,0,0,0,0,0
0,0,0,0,0,0,0
0,0,0,0,0,0,0
0,0,0,0,0,0,0
0,0,0,0,0,0,0
0,0,0,0,0,0,0
0,0,0,0,0,0,0
0,0,0,0,0,0,0
0,0,0,0,0,0,0
0,0,0,0,0,0,0
0,0,0,0,0,0,0
0,0,0,0,0,0,0
0,0,0,0,0,0,0
0,0,0,0,0,0,0
0,0,0,0,0,0,0
0,0,0,0,0,0,0
0,0,0,0,0,0,0
0,0,0,0,0,0,0
0,0,0,0,0,0,0
0,0,0,0,0,0,0
0,0,0,0,0,0,0
0,0,0,0,0,0,0
0,0,0,0,0,0,0
0,0,0,0,0,0,0
0,0,0,0,0,0,0
0,0,0,0,0,0,0
0,0,0,0,0,0,0
0,0,0,0,0,0,0
0,0,0,0,0,0,0
0,0,0,0,0,0,0
0,0,0,0,0,0,0
0,0,0,0,0,0,0
0,0,0,0,0,0,0
0,0,0,0,0,0,0
0,0,0,0,0,0,0
0,0,0,0,0,0,0
0,0,0,0,0,0,0
0,0,0,0,0,0,0
0,0,0,0,0,0,0
0,0,0,0,0,0,0
0,0,0,0,0,0,0
0,0,0,0,0,0,0
0,0,0,0,0,0,0
0,0,0,0,0,0,0
0,0,0,0,0,0,0
0,0,0,0,0,0,0
0,0,0,0,0,0,0
0,0,0,0,0,0,0
0,0,0,0,0,0,0
0,0,0,0,0,0,0
0,0,0,0,0,0,0
0,0,0,0,0,0,0
0,0,0,0,0,0,0
0,0,0,0,0,0,0
0,0,0,0,0,0,0
0,0,0,0,0,0,0
0,0,0,0,0,0,0
0,0,0,0,0,0,0
0,0,0,0,0,0,0
0,0,0,0,0,0,0
0,0,0,0,0,0,0
0,0,0,0,0,0,0
0,0,0,0,0,0,0
0,0,0,0,0,0,0
0,0,0,0,0,0,0
0,0,0,0,0,0,0
0,0,0,0,0,0,0
0,0,0,0,0,0,0
0,0,0,0,0,0,0
0,0,0,0,0,0,0
0,0,0,0,0,0,0
0,0,0,0,0,0,0
0,0,0,0,0,0,0
0,0,0,0,0,0,0
0,0,0,0,0,0,0
0,0,0,0,0,0,0
0,0,0,0,0,0,0
0,0,0,0,0,0,0
0,0,0,0,0,0,0
0,0,0,0,0,0,0
0,0,0,0,0,0,0
0,0,0,0,0,0,0
0,0,0,0,0,0,0
0,0,0,0,0,0,0
0,0,0,0,0,0,0
0,0,0,0,0,0,0
0,0,0,0,0,0,0
0,0,0,0,0,0,0
0,0,0,0,0,0,0
0,0,0,0,0,0,0
0,0,0,0,0,0,0
0,0,0,0,0,0,0
0,0,0,0,0,0,0
0,0,0,0,0,0,0
0,0,0,0,0,0,0
0,0,0,0,0,0,0
0,0,0,0,0,0,0
0,0,0,0,0,0,0
0,0,0,0,0,0,0
0,0,0,0,0,0,0
0,0,0,0,0,0,0
0,0,0,0,0,0,0
0,0,0,0,0,0,0
0,0,0,0,0,0,0
0,0,0,0,0,0,0
0,0,0,0,0,0,0
0,0,0,0,0,0,0
0,0,0,0,0,0,0
0,0,0,0,0,0,0
0,0,0,0,0,0,0
0,0,0,0,0,0,0
0,0,0,0,0,0,0
0,0,0,0,0,0,0
0,0,0,0,0,0,0
0,0,0,0,0,0,0
0,0,0,0,0,0,0
0,0,0,0,0,0,0
0,0,0,0,0,0,0
0,0,0,0,0,0,0
0,0,0,0,0,0,0
0,0,0,0,0,0,0
0,0,0,0,0,0,0
0,0,0,0,0,0,0
0,0,0,0,0,0,0
0,0,0,0,0,0,0
0,0,0,0,0,0,0
0,0,0,0,0,0,0
0,0,0,0,0,0,0
0,0,0,0,0,0,0
0,0,0,0,0,0,0
0,0,0,0,0,0,0
0,0,0,0,0,0,0
0,0,0,0,0,0,0
0,0,0,0,0,0,0
0,0,0,0,0,0,0
0,0,0,0,0,0,0
0,0,0,0,0,0,0
0,0,0,0,0,0,0
0,0,0,0,0,0,0
0,0,0,0,0,0,0
0,0,0,0,0,0,0
0,0,0,0,0,0,0
0,0,0,0,0,0,0
0,0,0,0,0,0,0
0,0,0,0,0,0,0
0,0,0,0,0,0,0
0,0,0,0,0,0,0
0,0,0,0,0,0,0
0,0,0,0,0,0,0
0,0,0,0,0,0,0
0,0,0,0,0,0,0
0,0,0,0,0,0,0
0,0,0,0,0,0,0
0,0,0,0,0,0,0
0,0,0,0,0,0,0
0,0,0,0,0,0,0
0,0,0,0,0,0,0
0,0,0,0,0,0,0
0,0,0,0,0,0,0
0,0,0,0,0,0,0
0,0,0,0,0,0,0
0,0,0,0,0,0,0
0,0,0,0,0,0,0
0,0,0,0,0,0,0
0,0,0,0,0,0,0
0,0,0,0,0,0,0
0,0,0,0,0,0,0
0,0,0,0,0,0,0
0,0,0,0,0,0,0
0,0,0,0,0,0,0
0,0,0,0,0,0,0
0,0,0,0,0,0,0
0,0,0,0,0,0,0
0,0,0,0,0,0,0
0,0,0,0,0,0,0
0,0,0,0,0,0,0
0,0,0,0,0,0,0
0,0,0,0,0,0,0
0,0,0,0,0,0,0
0,0,0,0,0,0,0
0,0,0,0,0,0,0
0,0,0,0,0,0,0
0,0,0,0,0,0,0
0,0,0,0,0,0,0
0,0,0,0,0,0,0
0,0,0,0,0,0,0
0,0,0,0,0,0,0
0,0,0,0,0,0,0
0,0,0,0,0,0,0
0,0,0,0,0,0,0
0,0,0,0,0,0,0
0,0,0,0,0,0,0
0,0,0,0,0,0,0
0,0,0,0,0,0,0
0,0,0,0,0,0,0
0,0,0,0,0,0,0
0,0,0,0,0,0,0
0,0,0,0,0,0,0
0,0,0,0,0,0,0
0,0,0,0,0,0,0
0,0,0,0,0,0,0
0,0,0,0,0,0,0
0,0,0,0,0,0,0
0,0,0,0,0,0,0
0,0,0,0,0,0,0
0,0,0,0,0,0,0
0,0,0,0,0,0,0
0,0,0,0,0,0,0
0,0,0,0,0,0,0
0,0,0,0,0,0,0
0,0,0,0,0,0,0
0,0,0,0,0,0,0
0,0,0,0,0,0,0
0,0,0,0,0,0,0
0,0,0,0,0,0,0
0,0,0,0,0,0,0
0,0,0,0,0,0,0
0,0,0,0,0,0,0
0,0,0,0,0,0,0
0,0,0,0,0,0,0
0,0,0,0,0,0,0
0,0,0,0,0,0,0
0,0,0,0,0,0,0
0,0,0,0,0,0,0
0,0,0,0,0,0,0
0,0,0,0,0,0,0
0,0,0,0,0,0,0
0,0,0,0,0,0,0
0,0,0,0,0,0,0
0,0,0,0,0,0,0
0,0,0,0,0,0,0
0,0,0,0,0,0,0
0,0,0,0,0,0,0
0,0,0,0,0,0,0
0,0,0,0,0,0,0
0,0,0,0,0,0,0
