-0.066,-0.06,-0.066,0,0,-0.06,0
-0.065,-0.06,-0.065,-0.047,-0.024,-0.06,-0.024
-0.064,-0.061,-0.064,-0.047,-0.025,-0.061,-0.025
-0.064,-0.062,-0.064,-0.046,-0.026,-0.062,-0.026
-0.063,-0.062,-0.063,-0.046,-0.027,-0.062,-0.027
-0.062,-0.063,-0.062,-0.045,-0.028,-0.063,-0.028
-0.062,-0.063,-0.062,-0.045,-0.029,-0.063,-0.029
-0.061,-0.064,-0.061,-0.044,-0.03,-0.064,-0.03
-0.061,-0.065,-0.061,-0.043,-0.031,-0.065,-0.031
-0.061,-0.065,-0.061,-0.042,-0.032,-0.065,-0.032
-0.06,-0.066,-0.06,-0.042,-0.033,-0.066,-0.033
-0.06,-0.066,-0.06,-0.041,-0.035,-0.066,-0.035
-0.06,-0.067,-0.06,-0.04,-0.036,-0.067,-0.036
-0.06,-0.067,-0.06,-0.039,-0.037,-0.067,-0.037
-0.059,-0.067,-0.059,-0.039,-0.038,-0.067,-0.038
-0.059,-0.067,-0.059,-0.038,-0.04,-0.067,-0.04
-0.059,-0.067,-0.059,-0.037,-0.041,-0.067,-0.041
-0.059,-0.067,-0.059,-0.037,-0.042,-0.067,-0.042
-0.059,-0.067,-0.059,-0.036,-0.043,-0.067,-0.043
-0.059,-0.067,-0.059,-0.036,-0.044,-0.067,-0.044
-0.059,-0.067,-0.059,-0.035,-0.045,-0.067,-0.045
-0.059,-0.066,-0.059,-0.035,-0.046,-0.066,-0.046
-0.059,-0.066,-0.059,-0.034,-0.046,-0.066,-0.046
-0.058,-0.065,-0.058,-0.034,-0.047,-0.065,-0.047
-0.058,-0.064,-0.058,-0.034,-0.048,-0.064,-0.048
-0.058,-0.063,-0.058,-0.034,-0.048,-0.063,-0.048
-0.058,-0.063,-0.058,-0.033,-0.049,-0.063,-0.049
-0.057,-0.062,-0.057,-0.033,-0.049,-0.062,-0.049
-0.057,-0.061,-0.057,-0.033,-0.05,-0.061,-0.05
-0.057,-0.06,-0.057,-0.033,-0.05,-0.06,-0.05
-0.056,-0.059,-0.056,-0.033,-0.051,-0.059,-0.051
-0.056,-0.058,-0.056,-0.033,-0.051,-0.058,-0.051
-0.055,-0.057,-0.055,-0.033,-0.052,-0.057,-0.052
-0.055,-0.057,-0.055,-0.033,-0.052,-0.057,-0.052
-0.054,-0.056,-0.054,-0.033,-0.052,-0.056,-0.052
-0.054,-0.055,-0.054,-0.033,-0.053,-0.055,-0.053
-0.053,-0.054,-0.053,-0.033,-0.053,-0.054,-0.053
-0.053,-0.054,-0.053,-0.033,-0.054,-0.054,-0.054
-0.052,-0.053,-0.052,-0.033,-0.055,-0.053,-0.055
-0.052,-0.053,-0.052,-0.032,-0.055,-0.053,-0.055
-0.051,-0.053,-0.051,-0.032,-0.056,-0.053,-0.056
-0.051,-0.052,-0.051,-0.032,-0.057,-0.052,-0.057
-0.05,-0.052,-0.05,-0.032,-0.058,-0.052,-0.058
-0.05,-0.052,-0.05,-0.032,-0.058,-0.052,-0.058
-0.05,-0.052,-0.05,-0.032,-0.059,-0.052,-0.059
-0.049,-0.053,-0.049,-0.031,-0.06,-0.053,-0.06
-0.049,-0.053,-0.049,-0.031,-0.061,-0.053,-0.061
-0.049,-0.053,-0.049,-0.031,-0.062,-0.053,-0.062
-0.048,-0.053,-0.048,-0.031,-0.063,-0.053,-0.063
-0.048,-0.054,-0.048,-0.03,-0.064,-0.054,-0.064
-0.048,-0.054,-0.048,-0.03,-0.066,-0.054,-0.066
-0.048,-0.055,-0.048,-0.03,-0.067,-0.055,-0.067
-0.048,-0.055,-0.048,-0.03,-0.068,-0.055,-0.068
-0.047,-0.056,-0.047,-0.03,-0.069,-0.056,-0.069
-0.047,-0.056,-0.047,-0.029,-0.07,-0.056,-0.07
-0.047,-0.057,-0.047,-0.029,-0.071,-0.057,-0.071
-0.046,-0.057,-0.046,-0.029,-0.072,-0.057,-0.072
-0.046,-0.058,-0.046,-0.029,-0.073,-0.058,-0.073
-0.046,-0.058,-0.046,-0.029,-0.074,-0.058,-0.074
-0.045,-0.059,-0.045,-0.029,-0.075,-0.059,-0.075
-0.045,-0.059,-0.045,-0.029,-0.076,-0.059,-0.076
-0.045,-0.059,-0.045,-0.029,-0.076,-0.059,-0.076
-0.044,-0.059,-0.044,-0.029,-0.077,-0.059,-0.077
-0.044,-0.06,-0.044,-0.029,-0.078,-0.06,-0.078
-0.044,-0.06,-0.044,-0.029,-0.079,-0.06,-0.079
-0.043,-0.06,-0.043,-0.03,-0.079,-0.06,-0.079
-0.043,-0.06,-0.043,-0.03,-0.08,-0.06,-0.08
-0.043,-0.059,-0.043,-0.03,-0.08,-0.059,-0.08
-0.043,-0.059,-0.043,-0.03,-0.081,-0.059,-0.081
-0.042,-0.059,-0.042,-0.03,-0.081,-0.059,-0.081
-0.042,-0.059,-0.042,-0.03,-0.082,-0.059,-0.082
-0.042,-0.058,-0.042,-0.03,-0.082,-0.058,-0.082
-0.042,-0.058,-0.042,-0.03,-0.082,-0.058,-0.082
-0.042,-0.058,-0.042,-0.03,-0.082,-0.058,-0.082
-0.042,-0.058,-0.042,-0.03,-0.082,-0.058,-0.082
-0.042,-0.057,-0.042,-0.03,-0.082,-0.057,-0.082
-0.042,-0.057,-0.042,-0.03,-0.082,-0.057,-0.082
-0.042,-0.057,-0.042,-0.03,-0.082,-0.057,-0.082
-0.042,-0.057,-0.042,-0.03,-0.082,-0.057,-0.082
-0.043,-0.057,-0.043,-0.029,-0.082,-0.057,-0.082
-0.043,-0.057,-0.043,-0.029,-0.082,-0.057,-0.082
-0.043,-0.057,-0.043,-0.029,-0.082,-0.057,-0.082
-0.043,-0.057,-0.043,-0.029,-0.082,-0.057,-0.082
-0.043,-0.057,-0.043,-0.029,-0.081,-0.057,-0.081
-0.043,-0.058,-0.043,-0.029,-0.081,-0.058,-0.081
-0.044,-0.058,-0.044,-0.029,-0.081,-0.058,-0.081
-0.044,-0.058,-0.044,-0.029,-0.081,-0.058,-0.081
-0.044,-0.059,-0.044,-0.029,-0.081,-0.059,-0.081
-0.044,-0.059,-0.044,-0.028,-0.08,-0.059,-0.08
-0.044,-0.06,-0.044,-0.028,-0.08,-0.06,-0.08
-0.044,-0.06,-0.044,-0.028,-0.08,-0.06,-0.08
-0.044,-0.061,-0.044,-0.028,-0.08,-0.061,-0.08
-0.045,-0.062,-0.045,-0.028,-0.08,-0.062,-0.08
-0.045,-0.062,-0.045,-0.028,-0.08,-0.062,-0.08
-0.045,-0.063,-0.045,-0.027,-0.08,-0.063,-0.08
-0.044,-0.064,-0.044,-0.027,-0.08,-0.064,-0.08
-0.044,-0.064,-0.044,-0.027,-0.08,-0.064,-0.08
-0.044,-0.065,-0.044,-0.027,-0.08,-0.065,-0.08
-0.044,-0.066,-0.044,-0.026,-0.08,-0.066,-0.08
-0.044,-0.067,-0.044,-0.026,-0.08,-0.067,-0.08
-0.044,-0.067,-0.044,-0.026,-0.08,-0.067,-0.08
-0.044,-0.068,-0.044,-0.025,-0.08,-0.068,-0.08
-0.043,-0.069,-0.043,-0.025,-0.08,-0.069,-0.08
-0.043,-0.07,-0.043,-0.025,-0.08,-0.07,-0.08
-0.043,-0.071,-0.043,-0.024,-0.081,-0.071,-0.081
-0.043,-0.071,-0.043,-0.024,-0.081,-0.071,-0.081
-0.043,-0.072,-0.043,-0.024,-0.081,-0.072,-0.081
-0.042,-0.073,-0.042,-0.024,-0.082,-0.073,-0.082
-0.042,-0.073,-0.042,-0.023,-0.082,-0.073,-0.082
-0.042,-0.074,-0.042,-0.023,-0.082,-0.074,-0.082
-0.042,-0.074,-0.042,-0.023,-0.083,-0.074,-0.083
-0.042,-0.075,-0.042,-0.023,-0.083,-0.075,-0.083
-0.042,-0.075,-0.042,-0.022,-0.084,-0.075,-0.084
-0.042,-0.075,-0.042,-0.022,-0.084,-0.075,-0.084
-0.042,-0.075,-0.042,-0.022,-0.084,-0.075,-0.084
-0.041,-0.075,-0.041,-0.022,-0.085,-0.075,-0.085
-0.041,-0.075,-0.041,-0.022,-0.085,-0.075,-0.085
-0.041,-0.075,-0.041,-0.022,-0.085,-0.075,-0.085
-0.041,-0.074,-0.041,-0.022,-0.085,-0.074,-0.085
-0.041,-0.074,-0.041,-0.022,-0.085,-0.074,-0.085
-0.041,-0.073,-0.041,-0.022,-0.085,-0.073,-0.085
-0.041,-0.072,-0.041,-0.022,-0.085,-0.072,-0.085
-0.041,-0.072,-0.041,-0.022,-0.084,-0.072,-0.084
-0.041,-0.071,-0.041,-0.022,-0.084,-0.071,-0.084
-0.041,-0.069,-0.041,-0.022,-0.083,-0.069,-0.083
-0.041,-0.068,-0.041,-0.022,-0.083,-0.068,-0.083
-0.041,-0.067,-0.041,-0.023,-0.082,-0.067,-0.082
-0.041,-0.066,-0.041,-0.023,-0.081,-0.066,-0.081
-0.04,-0.064,-0.04,-0.023,-0.081,-0.064,-0.081
-0.04,-0.063,-0.04,-0.023,-0.08,-0.063,-0.08
-0.04,-0.062,-0.04,-0.023,-0.079,-0.062,-0.079
-0.04,-0.061,-0.04,-0.024,-0.078,-0.061,-0.078
-0.039,-0.06,-0.039,-0.024,-0.078,-0.06,-0.078
-0.039,-0.059,-0.039,-0.024,-0.077,-0.059,-0.077
-0.039,-0.058,-0.039,-0.024,-0.077,-0.058,-0.077
-0.038,-0.057,-0.038,-0.025,-0.076,-0.057,-0.076
-0.038,-0.057,-0.038,-0.025,-0.076,-0.057,-0.076
-0.038,-0.056,-0.038,-0.025,-0.076,-0.056,-0.076
-0.037,-0.056,-0.037,-0.025,-0.076,-0.056,-0.076
-0.037,-0.056,-0.037,-0.025,-0.076,-0.056,-0.076
-0.036,-0.056,-0.036,-0.025,-0.077,-0.056,-0.077
-0.036,-0.057,-0.036,-0.025,-0.077,-0.057,-0.077
-0.035,-0.057,-0.035,-0.025,-0.078,-0.057,-0.078
-0.035,-0.058,-0.035,-0.025,-0.079,-0.058,-0.079
-0.034,-0.058,-0.034,-0.025,-0.08,-0.058,-0.08
-0.034,-0.059,-0.034,-0.025,-0.081,-0.059,-0.081
-0.034,-0.06,-0.034,-0.025,-0.082,-0.06,-0.082
-0.033,-0.061,-0.033,-0.025,-0.083,-0.061,-0.083
-0.033,-0.062,-0.033,-0.025,-0.084,-0.062,-0.084
-0.032,-0.063,-0.032,-0.024,-0.085,-0.063,-0.085
-0.032,-0.063,-0.032,-0.024,-0.086,-0.063,-0.086
-0.032,-0.064,-0.032,-0.024,-0.087,-0.064,-0.087
-0.032,-0.065,-0.032,-0.023,-0.089,-0.065,-0.089
-0.032,-0.065,-0.032,-0.023,-0.089,-0.065,-0.089
-0.032,-0.065,-0.032,-0.022,-0.09,-0.065,-0.09
-0.031,-0.065,-0.031,-0.022,-0.091,-0.065,-0.091
-0.031,-0.065,-0.031,-0.022,-0.092,-0.065,-0.092
-0.032,-0.064,-0.032,-0.021,-0.092,-0.064,-0.092
-0.032,-0.064,-0.032,-0.021,-0.092,-0.064,-0.092
-0.032,-0.063,-0.032,-0.02,-0.092,-0.063,-0.092
-0.032,-0.062,-0.032,-0.02,-0.092,-0.062,-0.092
-0.032,-0.06,-0.032,-0.02,-0.092,-0.06,-0.092
-0.033,-0.059,-0.033,-0.019,-0.092,-0.059,-0.092
-0.033,-0.057,-0.033,-0.019,-0.091,-0.057,-0.091
-0.034,-0.056,-0.034,-0.019,-0.091,-0.056,-0.091
-0.034,-0.054,-0.034,-0.019,-0.09,-0.054,-0.09
-0.035,-0.052,-0.035,-0.019,-0.089,-0.052,-0.089
-0.035,-0.05,-0.035,-0.018,-0.088,-0.05,-0.088
-0.036,-0.049,-0.036,-0.018,-0.087,-0.049,-0.087
-0.037,-0.047,-0.037,-0.018,-0.086,-0.047,-0.086
-0.038,-0.045,-0.038,-0.018,-0.085,-0.045,-0.085
-0.038,-0.044,-0.038,-0.019,-0.084,-0.044,-0.084
-0.039,-0.042,-0.039,-0.019,-0.083,-0.042,-0.083
-0.04,-0.041,-0.04,-0.019,-0.082,-0.041,-0.082
-0.041,-0.04,-0.041,-0.019,-0.08,-0.04,-0.08
-0.042,-0.039,-0.042,-0.019,-0.079,-0.039,-0.079
-0.043,-0.038,-0.043,-0.02,-0.078,-0.038,-0.078
-0.043,-0.038,-0.043,-0.02,-0.077,-0.038,-0.077
-0.044,-0.038,-0.044,-0.021,-0.076,-0.038,-0.076
-0.044,-0.038,-0.044,-0.021,-0.075,-0.038,-0.075
-0.045,-0.038,-0.045,-0.022,-0.074,-0.038,-0.074
-0.045,-0.038,-0.045,-0.022,-0.074,-0.038,-0.074
-0.045,-0.038,-0.045,-0.023,-0.073,-0.038,-0.073
-0.045,-0.039,-0.045,-0.023,-0.072,-0.039,-0.072
-0.045,-0.04,-0.045,-0.024,-0.071,-0.04,-0.071
-0.045,-0.041,-0.045,-0.024,-0.071,-0.041,-0.071
-0.045,-0.042,-0.045,-0.025,-0.07,-0.042,-0.07
-0.044,-0.043,-0.044,-0.025,-0.07,-0.043,-0.07
-0.044,-0.044,-0.044,-0.026,-0.069,-0.044,-0.069
-0.043,-0.045,-0.043,-0.027,-0.069,-0.045,-0.069
-0.042,-0.046,-0.042,-0.027,-0.069,-0.046,-0.069
-0.041,-0.048,-0.041,-0.027,-0.069,-0.048,-0.069
-0.04,-0.049,-0.04,-0.028,-0.068,-0.049,-0.068
-0.039,-0.05,-0.039,-0.028,-0.068,-0.05,-0.068
-0.038,-0.051,-0.038,-0.028,-0.068,-0.051,-0.068
-0.036,-0.052,-0.036,-0.029,-0.068,-0.052,-0.068
-0.035,-0.053,-0.035,-0.029,-0.068,-0.053,-0.068
-0.034,-0.053,-0.034,-0.029,-0.069,-0.053,-0.069
-0.032,-0.054,-0.032,-0.029,-0.069,-0.054,-0.069
-0.031,-0.054,-0.031,-0.029,-0.069,-0.054,-0.069
-0.03,-0.054,-0.03,-0.029,-0.069,-0.054,-0.069
-0.029,-0.055,-0.029,-0.028,-0.07,-0.055,-0.07
-0.028,-0.055,-0.028,-0.028,-0.07,-0.055,-0.07
-0.027,-0.055,-0.027,-0.028,-0.071,-0.055,-0.071
-0.026,-0.054,-0.026,-0.027,-0.071,-0.054,-0.071
-0.025,-0.054,-0.025,-0.027,-0.072,-0.054,-0.072
-0.024,-0.054,-0.024,-0.026,-0.072,-0.054,-0.072
-0.024,-0.053,-0.024,-0.026,-0.073,-0.053,-0.073
-0.023,-0.053,-0.023,-0.025,-0.074,-0.053,-0.074
-0.023,-0.052,-0.023,-0.025,-0.074,-0.052,-0.074
-0.023,-0.052,-0.023,-0.024,-0.075,-0.052,-0.075
-0.023,-0.051,-0.023,-0.024,-0.075,-0.051,-0.075
-0.023,-0.051,-0.023,-0.023,-0.076,-0.051,-0.076
-0.023,-0.05,-0.023,-0.023,-0.076,-0.05,-0.076
-0.023,-0.049,-0.023,-0.022,-0.077,-0.049,-0.077
-0.024,-0.049,-0.024,-0.022,-0.077,-0.049,-0.077
-0.025,-0.048,-0.025,-0.021,-0.078,-0.048,-0.078
-0.025,-0.048,-0.025,-0.021,-0.078,-0.048,-0.078
-0.026,-0.048,-0.026,-0.021,-0.078,-0.048,-0.078
-0.027,-0.047,-0.027,-0.02,-0.078,-0.047,-0.078
-0.028,-0.047,-0.028,-0.02,-0.078,-0.047,-0.078
-0.028,-0.047,-0.028,-0.02,-0.078,-0.047,-0.078
-0.029,-0.047,-0.029,-0.02,-0.078,-0.047,-0.078
-0.03,-0.047,-0.03,-0.02,-0.078,-0.047,-0.078
-0.031,-0.047,-0.031,-0.02,-0.078,-0.047,-0.078
-0.032,-0.047,-0.032,-0.02,-0.078,-0.047,-0.078
-0.033,-0.047,-0.033,-0.02,-0.077,-0.047,-0.077
-0.033,-0.048,-0.033,-0.02,-0.077,-0.048,-0.077
-0.034,-0.048,-0.034,-0.02,-0.076,-0.048,-0.076
-0.034,-0.048,-0.034,-0.02,-0.076,-0.048,-0.076
-0.035,-0.048,-0.035,-0.021,-0.075,-0.048,-0.075
-0.035,-0.049,-0.035,-0.021,-0.075,-0.049,-0.075
-0.035,-0.049,-0.035,-0.021,-0.074,-0.049,-0.074
-0.036,-0.049,-0.036,-0.022,-0.073,-0.049,-0.073
-0.036,-0.049,-0.036,-0.022,-0.073,-0.049,-0.073
-0.036,-0.05,-0.036,-0.022,-0.072,-0.05,-0.072
-0.036,-0.05,-0.036,-0.023,-0.071,-0.05,-0.071
-0.035,-0.05,-0.035,-0.023,-0.071,-0.05,-0.071
-0.035,-0.05,-0.035,-0.024,-0.07,-0.05,-0.07
-0.035,-0.05,-0.035,-0.024,-0.07,-0.05,-0.07
-0.035,-0.05,-0.035,-0.025,-0.069,-0.05,-0.069
-0.035,-0.05,-0.035,-0.025,-0.068,-0.05,-0.068
-0.035,-0.049,-0.035,-0.026,-0.068,-0.049,-0.068
-0.034,-0.049,-0.034,-0.026,-0.067,-0.049,-0.067
-0.034,-0.049,-0.034,-0.027,-0.067,-0.049,-0.067
-0.034,-0.049,-0.034,-0.027,-0.066,-0.049,-0.066
-0.034,-0.048,-0.034,-0.027,-0.066,-0.048,-0.066
-0.034,-0.048,-0.034,-0.028,-0.066,-0.048,-0.066
-0.034,-0.048,-0.034,-0.028,-0.065,-0.048,-0.065
-0.034,-0.047,-0.034,-0.029,-0.065,-0.047,-0.065
-0.034,-0.047,-0.034,-0.029,-0.064,-0.047,-0.064
-0.035,-0.047,-0.035,-0.029,-0.064,-0.047,-0.064
-0.035,-0.046,-0.035,-0.029,-0.064,-0.046,-0.064
-0.035,-0.046,-0.035,-0.029,-0.063,-0.046,-0.063
-0.036,-0.046,-0.036,-0.03,-0.063,-0.046,-0.063
-0.036,-0.046,-0.036,-0.03,-0.063,-0.046,-0.063
-0.037,-0.046,-0.037,-0.03,-0.062,-0.046,-0.062
-0.037,-0.046,-0.037,-0.03,-0.062,-0.046,-0.062
-0.038,-0.046,-0.038,-0.03,-0.062,-0.046,-0.062
-0.038,-0.046,-0.038,-0.03,-0.061,-0.046,-0.061
-0.039,-0.046,-0.039,-0.03,-0.061,-0.046,-0.061
-0.039,-0.046,-0.039,-0.03,-0.06,-0.046,-0.06
-0.04,-0.046,-0.04,-0.03,-0.06,-0.046,-0.06
-0.04,-0.046,-0.04,-0.03,-0.059,-0.046,-0.059
-0.041,-0.046,-0.041,-0.03,-0.059,-0.046,-0.059
-0.041,-0.046,-0.041,-0.03,-0.058,-0.046,-0.058
-0.041,-0.046,-0.041,-0.03,-0.057,-0.046,-0.057
-0.041,-0.046,-0.041,-0.029,-0.056,-0.046,-0.056
-0.041,-0.046,-0.041,-0.029,-0.056,-0.046,-0.056
-0.041,-0.046,-0.041,-0.029,-0.055,-0.046,-0.055
-0.041,-0.046,-0.041,-0.028,-0.054,-0.046,-0.054
-0.041,-0.046,-0.041,-0.028,-0.053,-0.046,-0.053
-0.04,-0.046,-0.04,-0.027,-0.053,-0.046,-0.053
-0.04,-0.046,-0.04,-0.027,-0.052,-0.046,-0.052
-0.039,-0.046,-0.039,-0.026,-0.051,-0.046,-0.051
-0.038,-0.046,-0.038,-0.026,-0.05,-0.046,-0.05
-0.037,-0.046,-0.037,-0.025,-0.05,-0.046,-0.05
-0.036,-0.045,-0.036,-0.024,-0.049,-0.045,-0.049
-0.035,-0.045,-0.035,-0.024,-0.048,-0.045,-0.048
-0.034,-0.045,-0.034,-0.023,-0.048,-0.045,-0.048
-0.033,-0.045,-0.033,-0.023,-0.047,-0.045,-0.047
-0.032,-0.045,-0.032,-0.022,-0.047,-0.045,-0.047
-0.031,-0.045,-0.031,-0.021,-0.047,-0.045,-0.047
-0.029,-0.045,-0.029,-0.021,-0.047,-0.045,-0.047
-0.028,-0.045,-0.028,-0.02,-0.046,-0.045,-0.046
-0.027,-0.046,-0.027,-0.02,-0.046,-0.046,-0.046
-0.026,-0.046,-0.026,-0.02,-0.046,-0.046,-0.046
-0.025,-0.046,-0.025,-0.02,-0.046,-0.046,-0.046
-0.025,-0.047,-0.025,-0.02,-0.047,-0.047,-0.047
-0.024,-0.047,-0.024,-0.02,-0.047,-0.047,-0.047
-0.023,-0.048,-0.023,-0.02,-0.047,-0.048,-0.047
-0.023,-0.048,-0.023,-0.02,-0.047,-0.048,-0.047
-0.023,-0.049,-0.023,-0.021,-0.048,-0.049,-0.048
-0.022,-0.049,-0.022,-0.021,-0.048,-0.049,-0.048
-0.022,-0.05,-0.022,-0.022,-0.049,-0.05,-0.049
-0.022,-0.051,-0.023,-0.022,-0.049,-0.051,-0.049
-0.023,-0.051,-0.023,-0.023,-0.05,-0.051,-0.05
-0.023,-0.052,-0.023,-0.024,-0.05,-0.052,-0.05
-0.023,-0.052,-0.023,-0.025,-0.051,-0.052,-0.051
-0.024,-0.053,-0.024,-0.026,-0.051,-0.053,-0.051
-0.025,-0.053,-0.025,-0.027,-0.051,-0.053,-0.051
-0.025,-0.053,-0.025,-0.028,-0.052,-0.053,-0.052
-0.026,-0.053,-0.026,-0.029,-0.052,-0.053,-0.052
-0.027,-0.053,-0.027,-0.03,-0.053,-0.053,-0.053
-0.027,-0.053,-0.027,-0.03,-0.053,-0.053,-0.053
-0.028,-0.052,-0.028,-0.031,-0.053,-0.052,-0.053
-0.029,-0.052,-0.029,-0.032,-0.053,-0.052,-0.053
-0.03,-0.051,-0.03,-0.032,-0.053,-0.051,-0.053
-0.031,-0.05,-0.031,-0.033,-0.053,-0.05,-0.053
-0.031,-0.05,-0.031,-0.033,-0.053,-0.05,-0.053
-0.032,-0.049,-0.032,-0.033,-0.053,-0.049,-0.053
-0.032,-0.047,-0.032,-0.034,-0.053,-0.047,-0.053
-0.033,-0.046,-0.033,-0.034,-0.052,-0.046,-0.052
-0.033,-0.045,-0.033,-0.033,-0.052,-0.045,-0.052
-0.033,-0.043,-0.033,-0.033,-0.052,-0.043,-0.052
-0.033,-0.042,-0.033,-0.033,-0.051,-0.042,-0.051
-0.033,-0.04,-0.033,-0.032,-0.05,-0.04,-0.05
-0.033,-0.039,-0.033,-0.031,-0.05,-0.039,-0.05
-0.033,-0.038,-0.033,-0.031,-0.049,-0.038,-0.049
-0.032,-0.036,-0.032,-0.03,-0.049,-0.036,-0.049
-0.032,-0.035,-0.032,-0.029,-0.048,-0.035,-0.048
-0.031,-0.034,-0.031,-0.028,-0.047,-0.034,-0.047
-0.03,-0.032,-0.03,-0.027,-0.047,-0.032,-0.047
-0.03,-0.031,-0.03,-0.026,-0.046,-0.031,-0.046
-0.029,-0.03,-0.029,-0.025,-0.045,-0.03,-0.045
-0.028,-0.029,-0.028,-0.024,-0.045,-0.029,-0.045
-0.027,-0.029,-0.027,-0.023,-0.044,-0.029,-0.044
-0.026,-0.028,-0.026,-0.022,-0.043,-0.028,-0.043
-0.025,-0.028,-0.025,-0.022,-0.043,-0.028,-0.043
-0.025,-0.028,-0.025,-0.021,-0.043,-0.028,-0.043
-0.024,-0.028,-0.024,-0.02,-0.042,-0.028,-0.042
-0.023,-0.028,-0.023,-0.02,-0.042,-0.028,-0.042
-0.022,-0.028,-0.022,-0.019,-0.042,-0.028,-0.042
-0.022,-0.028,-0.022,-0.019,-0.041,-0.028,-0.041
-0.021,-0.029,-0.021,-0.019,-0.041,-0.029,-0.041
-0.021,-0.029,-0.021,-0.019,-0.041,-0.029,-0.041
-0.02,-0.03,-0.02,-0.019,-0.041,-0.03,-0.041
-0.02,-0.031,-0.02,-0.019,-0.041,-0.031,-0.041
-0.02,-0.031,-0.02,-0.02,-0.041,-0.031,-0.041
-0.02,-0.032,-0.02,-0.02,-0.041,-0.032,-0.041
-0.02,-0.033,-0.02,-0.021,-0.041,-0.033,-0.041
-0.021,-0.034,-0.021,-0.021,-0.041,-0.034,-0.041
-0.021,-0.034,-0.021,-0.022,-0.041,-0.034,-0.041
-0.022,-0.035,-0.022,-0.022,-0.041,-0.035,-0.041
-0.022,-0.036,-0.022,-0.023,-0.041,-0.036,-0.041
-0.023,-0.036,-0.023,-0.024,-0.041,-0.036,-0.041
-0.024,-0.037,-0.024,-0.024,-0.041,-0.037,-0.041
-0.024,-0.037,-0.024,-0.025,-0.041,-0.037,-0.041
-0.025,-0.037,-0.025,-0.025,-0.041,-0.037,-0.041
-0.026,-0.038,-0.026,-0.026,-0.041,-0.038,-0.041
-0.027,-0.038,-0.027,-0.026,-0.04,-0.038,-0.04
-0.028,-0.038,-0.028,-0.027,-0.04,-0.038,-0.04
-0.029,-0.038,-0.029,-0.027,-0.04,-0.038,-0.04
-0.029,-0.038,-0.029,-0.027,-0.039,-0.038,-0.039
-0.03,-0.037,-0.03,-0.027,-0.039,-0.037,-0.039
-0.03,-0.037,-0.03,-0.027,-0.038,-0.037,-0.038
-0.03,-0.037,-0.03,-0.027,-0.037,-0.037,-0.037
-0.031,-0.037,-0.031,-0.027,-0.037,-0.037,-0.037
-0.031,-0.036,-0.031,-0.027,-0.036,-0.036,-0.036
-0.03,-0.036,-0.03,-0.027,-0.035,-0.036,-0.035
-0.03,-0.036,-0.03,-0.027,-0.035,-0.036,-0.035
-0.03,-0.036,-0.03,-0.026,-0.034,-0.036,-0.034
-0.029,-0.036,-0.029,-0.026,-0.033,-0.036,-0.033
-0.029,-0.036,-0.029,-0.025,-0.033,-0.036,-0.033
-0.028,-0.036,-0.028,-0.025,-0.032,-0.036,-0.032
-0.027,-0.036,-0.027,-0.024,-0.031,-0.036,-0.031
-0.026,-0.036,-0.026,-0.024,-0.031,-0.036,-0.031
-0.025,-0.036,-0.025,-0.023,-0.03,-0.036,-0.03
-0.024,-0.036,-0.024,-0.022,-0.03,-0.036,-0.03
-0.023,-0.037,-0.023,-0.022,-0.03,-0.037,-0.03
-0.022,-0.037,-0.022,-0.021,-0.029,-0.037,-0.029
-0.021,-0.037,-0.021,-0.021,-0.029,-0.037,-0.029
-0.019,-0.037,-0.019,-0.021,-0.029,-0.037,-0.029
-0.018,-0.038,-0.018,-0.02,-0.029,-0.038,-0.029
-0.018,-0.038,-0.018,-0.02,-0.03,-0.038,-0.03
-0.017,-0.038,-0.017,-0.02,-0.03,-0.038,-0.03
-0.016,-0.038,-0.016,-0.02,-0.03,-0.038,-0.03
-0.015,-0.038,-0.015,-0.02,-0.031,-0.038,-0.031
-0.015,-0.038,-0.015,-0.02,-0.031,-0.038,-0.031
-0.014,-0.038,-0.014,-0.02,-0.032,-0.038,-0.032
-0.014,-0.038,-0.014,-0.02,-0.033,-0.038,-0.033
-0.014,-0.038,-0.014,-0.02,-0.034,-0.038,-0.034
-0.014,-0.038,-0.014,-0.021,-0.034,-0.038,-0.034
-0.014,-0.037,-0.014,-0.021,-0.035,-0.037,-0.035
-0.014,-0.037,-0.014,-0.021,-0.036,-0.037,-0.036
-0.015,-0.037,-0.015,-0.022,-0.037,-0.037,-0.037
-0.015,-0.036,-0.015,-0.022,-0.038,-0.036,-0.038
-0.015,-0.036,-0.015,-0.023,-0.039,-0.036,-0.039
-0.016,-0.035,-0.016,-0.023,-0.04,-0.035,-0.04
-0.016,-0.035,-0.016,-0.024,-0.04,-0.035,-0.04
-0.017,-0.034,-0.017,-0.024,-0.041,-0.034,-0.041
-0.018,-0.034,-0.018,-0.025,-0.042,-0.034,-0.042
-0.018,-0.033,-0.018,-0.025,-0.042,-0.033,-0.042
-0.019,-0.033,-0.019,-0.026,-0.043,-0.033,-0.043
-0.02,-0.032,-0.02,-0.026,-0.043,-0.032,-0.043
-0.02,-0.032,-0.02,-0.027,-0.043,-0.032,-0.043
-0.021,-0.032,-0.021,-0.027,-0.044,-0.032,-0.044
-0.021,-0.031,-0.021,-0.028,-0.044,-0.031,-0.044
-0.022,-0.031,-0.022,-0.028,-0.044,-0.031,-0.044
-0.022,-0.031,-0.022,-0.029,-0.044,-0.031,-0.044
-0.023,-0.031,-0.023,-0.029,-0.044,-0.031,-0.044
-0.023,-0.031,-0.023,-0.03,-0.044,-0.031,-0.044
-0.023,-0.031,-0.023,-0.03,-0.044,-0.031,-0.044
-0.023,-0.031,-0.023,-0.031,-0.044,-0.031,-0.044
-0.023,-0.031,-0.023,-0.031,-0.043,-0.031,-0.043
-0.023,-0.031,-0.023,-0.032,-0.043,-0.031,-0.043
-0.023,-0.031,-0.023,-0.032,-0.043,-0.031,-0.043
-0.023,-0.031,-0.023,-0.032,-0.043,-0.031,-0.043
-0.023,-0.031,-0.023,-0.033,-0.043,-0.031,-0.043
-0.023,-0.031,-0.023,-0.033,-0.043,-0.031,-0.043
-0.023,-0.031,-0.023,-0.033,-0.042,-0.031,-0.042
-0.022,-0.031,-0.022,-0.034,-0.042,-0.031,-0.042
-0.022,-0.031,-0.022,-0.034,-0.042,-0.031,-0.042
-0.022,-0.031,-0.022,-0.034,-0.042,-0.031,-0.042
-0.021,-0.031,-0.021,-0.034,-0.042,-0.031,-0.042
-0.021,-0.031,-0.021,-0.034,-0.042,-0.031,-0.042
-0.02,-0.031,-0.02,-0.033,-0.042,-0.031,-0.042
-0.02,-0.031,-0.02,-0.033,-0.041,-0.031,-0.041
-0.02,-0.031,-0.02,-0.033,-0.041,-0.031,-0.041
-0.019,-0.031,-0.019,-0.032,-0.041,-0.031,-0.041
-0.019,-0.031,-0.019,-0.032,-0.041,-0.031,-0.041
-0.019,-0.031,-0.019,-0.031,-0.04,-0.031,-0.04
-0.019,-0.031,-0.019,-0.03,-0.04,-0.031,-0.04
-0.018,-0.031,-0.018,-0.029,-0.04,-0.031,-0.04
-0.018,-0.031,-0.018,-0.029,-0.039,-0.031,-0.039
-0.018,-0.03,-0.018,-0.028,-0.039,-0.03,-0.039
-0.018,-0.03,-0.018,-0.027,-0.038,-0.03,-0.038
-0.018,-0.03,-0.018,-0.026,-0.037,-0.03,-0.037
-0.018,-0.03,-0.018,-0.025,-0.037,-0.03,-0.037
-0.018,-0.03,-0.018,-0.024,-0.036,-0.03,-0.036
-0.018,-0.03,-0.018,-0.023,-0.035,-0.03,-0.035
-0.018,-0.03,-0.018,-0.023,-0.035,-0.03,-0.035
-0.018,-0.03,-0.018,-0.022,-0.034,-0.03,-0.034
-0.018,-0.03,-0.018,-0.021,-0.033,-0.03,-0.033
-0.018,-0.03,-0.018,-0.021,-0.032,-0.03,-0.032
-0.019,-0.03,-0.019,-0.02,-0.032,-0.03,-0.032
-0.019,-0.03,-0.019,-0.02,-0.031,-0.03,-0.031
-0.019,-0.03,-0.019,-0.019,-0.03,-0.03,-0.03
-0.019,-0.031,-0.019,-0.019,-0.03,-0.031,-0.03
-0.02,-0.031,-0.02,-0.019,-0.029,-0.031,-0.029
-0.02,-0.031,-0.02,-0.019,-0.029,-0.031,-0.029
-0.02,-0.032,-0.02,-0.019,-0.029,-0.032,-0.029
-0.02,-0.032,-0.02,-0.02,-0.029,-0.032,-0.029
-0.02,-0.032,-0.02,-0.02,-0.029,-0.032,-0.029
-0.021,-0.033,-0.021,-0.021,-0.029,-0.033,-0.029
-0.021,-0.033,-0.021,-0.021,-0.029,-0.033,-0.029
-0.021,-0.033,-0.021,-0.022,-0.029,-0.033,-0.029
-0.021,-0.034,-0.021,-0.023,-0.03,-0.034,-0.03
-0.021,-0.034,-0.021,-0.024,-0.03,-0.034,-0.03
-0.021,-0.034,-0.021,-0.025,-0.031,-0.034,-0.031
-0.021,-0.034,-0.021,-0.026,-0.032,-0.034,-0.032
-0.021,-0.035,-0.021,-0.026,-0.033,-0.035,-0.033
-0.021,-0.035,-0.021,-0.027,-0.034,-0.035,-0.034
-0.021,-0.035,-0.021,-0.028,-0.035,-0.035,-0.035
-0.021,-0.035,-0.021,-0.029,-0.036,-0.035,-0.036
-0.021,-0.035,-0.021,-0.03,-0.037,-0.035,-0.037
-0.021,-0.035,-0.021,-0.03,-0.037,-0.035,-0.037
-0.02,-0.035,-0.02,-0.031,-0.038,-0.035,-0.038
-0.02,-0.035,-0.02,-0.032,-0.039,-0.035,-0.039
-0.02,-0.035,-0.02,-0.032,-0.04,-0.035,-0.04
-0.02,-0.035,-0.02,-0.032,-0.041,-0.035,-0.041
-0.02,-0.035,-0.02,-0.033,-0.041,-0.035,-0.041
-0.02,-0.034,-0.02,-0.033,-0.042,-0.034,-0.042
-0.02,-0.034,-0.02,-0.033,-0.042,-0.034,-0.042
-0.02,-0.034,-0.02,-0.033,-0.042,-0.034,-0.042
-0.02,-0.034,-0.02,-0.032,-0.043,-0.034,-0.043
-0.02,-0.034,-0.02,-0.032,-0.043,-0.034,-0.043
-0.021,-0.034,-0.021,-0.032,-0.042,-0.034,-0.042
-0.021,-0.034,-0.021,-0.031,-0.042,-0.034,-0.042
-0.021,-0.034,-0.021,-0.031,-0.042,-0.034,-0.042
-0.022,-0.034,-0.022,-0.031,-0.042,-0.034,-0.042
-0.022,-0.034,-0.022,-0.03,-0.041,-0.034,-0.041
-0.023,-0.034,-0.023,-0.03,-0.041,-0.034,-0.041
-0.023,-0.034,-0.023,-0.029,-0.04,-0.034,-0.04
-0.024,-0.035,-0.024,-0.029,-0.04,-0.035,-0.04
-0.025,-0.035,-0.025,-0.029,-0.039,-0.035,-0.039
-0.026,-0.035,-0.026,-0.028,-0.038,-0.035,-0.038
-0.027,-0.036,-0.027,-0.028,-0.038,-0.036,-0.038
-0.028,-0.036,-0.028,-0.028,-0.037,-0.036,-0.037
-0.029,-0.037,-0.029,-0.028,-0.037,-0.037,-0.037
-0.03,-0.037,-0.03,-0.028,-0.036,-0.037,-0.036
-0.031,-0.038,-0.031,-0.028,-0.036,-0.038,-0.036
-0.032,-0.039,-0.032,-0.028,-0.035,-0.039,-0.035
-0.033,-0.039,-0.033,-0.029,-0.035,-0.039,-0.035
-0.034,-0.04,-0.034,-0.029,-0.035,-0.04,-0.035
-0.035,-0.04,-0.035,-0.03,-0.034,-0.04,-0.034
-0.036,-0.041,-0.036,-0.03,-0.034,-0.041,-0.034
-0.037,-0.042,-0.037,-0.031,-0.034,-0.042,-0.034
-0.038,-0.042,-0.038,-0.031,-0.034,-0.042,-0.034
-0.038,-0.042,-0.038,-0.032,-0.034,-0.042,-0.034
-0.039,-0.042,-0.039,-0.033,-0.033,-0.042,-0.033
-0.039,-0.043,-0.039,-0.034,-0.033,-0.043,-0.033
-0.039,-0.042,-0.039,-0.035,-0.033,-0.042,-0.033
-0.039,-0.042,-0.039,-0.035,-0.033,-0.042,-0.033
-0.039,-0.042,-0.039,-0.036,-0.033,-0.042,-0.033
-0.038,-0.041,-0.038,-0.037,-0.032,-0.041,-0.032
-0.038,-0.041,-0.038,-0.037,-0.032,-0.041,-0.032
-0.037,-0.04,-0.037,-0.038,-0.032,-0.04,-0.032
-0.036,-0.038,-0.036,-0.038,-0.032,-0.038,-0.032
-0.034,-0.037,-0.034,-0.039,-0.032,-0.037,-0.032
-0.033,-0.036,-0.033,-0.039,-0.031,-0.036,-0.031
-0.031,-0.034,-0.031,-0.039,-0.031,-0.034,-0.031
-0.03,-0.032,-0.03,-0.039,-0.031,-0.032,-0.031
-0.028,-0.031,-0.028,-0.039,-0.03,-0.031,-0.03
-0.026,-0.029,-0.026,-0.038,-0.03,-0.029,-0.03
-0.024,-0.027,-0.024,-0.038,-0.03,-0.027,-0.03
-0.022,-0.025,-0.022,-0.037,-0.029,-0.025,-0.029
-0.02,-0.023,-0.02,-0.036,-0.029,-0.023,-0.029
-0.018,-0.021,-0.018,-0.035,-0.028,-0.021,-0.028
-0.015,-0.019,-0.015,-0.034,-0.028,-0.019,-0.028
-0.013,-0.017,-0.013,-0.033,-0.027,-0.017,-0.027
-0.011,-0.015,-0.011,-0.031,-0.026,-0.015,-0.026
-0.009,-0.013,-0.009,-0.03,-0.026,-0.013,-0.026
-0.008,-0.012,-0.008,-0.028,-0.025,-0.012,-0.025
-0.006,-0.01,-0.006,-0.026,-0.024,-0.01,-0.024
-0.004,-0.009,-0.004,-0.025,-0.023,-0.009,-0.023
-0.002,-0.008,-0.002,-0.023,-0.022,-0.008,-0.022
-0.001,-0.007,-0.001,-0.021,-0.021,-0.007,-0.021
0,-0.006,0,-0.019,-0.02,-0.006,-0.02
0.002,-0.006,0.002,-0.017,-0.019,-0.006,-0.019
0.003,-0.005,0.003,-0.015,-0.017,-0.005,-0.017
0.004,-0.005,0.004,-0.013,-0.016,-0.005,-0.016
0.005,-0.005,0.005,-0.011,-0.014,-0.005,-0.014
0.006,-0.005,0.006,-0.009,-0.013,-0.005,-0.013
0.007,-0.005,0.007,-0.007,-0.011,-0.005,-0.011
0.007,-0.005,0.007,-0.005,-0.01,-0.005,-0.01
0.008,-0.005,0.008,-0.004,-0.008,-0.005,-0.008
0.009,-0.006,0.009,-0.002,-0.007,-0.006,-0.007
0.009,-0.006,0.009,0,-0.005,-0.006,-0.005
0.01,-0.006,0.01,0.001,-0.004,-0.006,-0.004
0.011,-0.007,0.011,0.003,-0.002,-0.007,-0.002
0.011,-0.007,0.011,0.004,-0.001,-0.007,-0.001
0.012,-0.007,0.012,0.005,0.001,-0.007,0.001
0.012,-0.008,0.012,0.007,0.002,-0.008,0.002
0.013,-0.008,0.013,0.008,0.003,-0.008,0.003
0.014,-0.008,0.014,0.009,0.004,-0.008,0.004
0.014,-0.008,0.014,0.01,0.005,-0.008,0.005
0.015,-0.008,0.015,0.011,0.006,-0.008,0.006
0.016,-0.008,0.016,0.012,0.006,-0.008,0.006
0.017,-0.007,0.017,0.013,0.007,-0.007,0.007
0.017,-0.007,0.017,0.013,0.007,-0.007,0.007
0.018,-0.006,0.018,0.014,0.008,-0.006,0.008
0.019,-0.005,0.019,0.015,0.008,-0.005,0.008
0.02,-0.004,0.02,0.016,0.008,-0.004,0.008
0.02,-0.003,0.02,0.016,0.008,-0.003,0.008
0.021,-0.002,0.021,0.017,0.008,-0.002,0.008
0.022,0,0.022,0.017,0.008,0,0.008
0.023,0.001,0.023,0.018,0.008,0.001,0.008
0.024,0.003,0.024,0.018,0.008,0.003,0.008
0.024,0.005,0.024,0.018,0.008,0.005,0.008
0.025,0.007,0.025,0.019,0.008,0.007,0.008
0.026,0.009,0.026,0.019,0.008,0.009,0.008
0.027,0.012,0.027,0.019,0.008,0.012,0.008
0.028,0.014,0.028,0.019,0.009,0.014,0.009
0.029,0.016,0.029,0.019,0.009,0.016,0.009
0.03,0.019,0.03,0.019,0.009,0.019,0.009
0.032,0.021,0.032,0.019,0.009,0.021,0.009
0.033,0.023,0.033,0.019,0.01,0.023,0.01
0.034,0.026,0.034,0.019,0.01,0.026,0.01
0.035,0.028,0.035,0.019,0.011,0.028,0.011
0.037,0.03,0.037,0.019,0.011,0.03,0.011
0.038,0.031,0.038,0.019,0.012,0.031,0.012
0.039,0.033,0.039,0.019,0.013,0.033,0.013
0.04,0.034,0.04,0.018,0.013,0.034,0.013
0.042,0.036,0.042,0.018,0.014,0.036,0.014
0.043,0.037,0.043,0.018,0.015,0.037,0.015
0.044,0.037,0.044,0.018,0.016,0.037,0.016
0.045,0.038,0.045,0.018,0.017,0.038,0.017
0.046,0.038,0.046,0.018,0.018,0.038,0.018
0.047,0.039,0.047,0.018,0.018,0.039,0.018
0.047,0.039,0.047,0.019,0.019,0.039,0.019
0.048,0.038,0.048,0.019,0.02,0.038,0.02
0.048,0.038,0.048,0.019,0.021,0.038,0.021
0.049,0.037,0.049,0.02,0.021,0.037,0.021
0.049,0.036,0.049,0.02,0.022,0.036,0.022
0.049,0.036,0.049,0.02,0.022,0.036,0.022
0.049,0.034,0.049,0.021,0.022,0.034,0.022
0.048,0.033,0.048,0.021,0.023,0.033,0.023
0.048,0.032,0.048,0.022,0.023,0.032,0.023
0.047,0.031,0.047,0.023,0.023,0.031,0.023
0.046,0.029,0.046,0.023,0.023,0.029,0.023
0.046,0.028,0.046,0.024,0.022,0.028,0.022
0.045,0.027,0.045,0.024,0.022,0.027,0.022
0.043,0.025,0.043,0.025,0.022,0.025,0.022
0.042,0.024,0.042,0.026,0.022,0.024,0.022
0.041,0.023,0.041,0.026,0.021,0.023,0.021
0.04,0.021,0.04,0.027,0.021,0.021,0.021
0.039,0.02,0.039,0.027,0.02,0.02,0.02
0.037,0.019,0.037,0.028,0.02,0.019,0.02
0.036,0.018,0.036,0.028,0.02,0.018,0.02
0.035,0.018,0.035,0.028,0.019,0.018,0.019
0.034,0.017,0.034,0.029,0.019,0.017,0.019
0.032,0.017,0.032,0.029,0.019,0.017,0.019
0.031,0.016,0.031,0.029,0.019,0.016,0.019
0.03,0.016,0.03,0.029,0.018,0.016,0.018
0.03,0.016,0.03,0.029,0.018,0.016,0.018
0.029,0.016,0.029,0.029,0.018,0.016,0.018
0.028,0.016,0.028,0.028,0.018,0.016,0.018
0.028,0.017,0.028,0.028,0.018,0.017,0.018
0.027,0.017,0.027,0.027,0.018,0.017,0.018
0.027,0.018,0.027,0.027,0.018,0.018,0.018
0.027,0.018,0.027,0.026,0.018,0.018,0.018
0.027,0.019,0.027,0.026,0.019,0.019,0.019
0.027,0.02,0.027,0.025,0.019,0.02,0.019
0.027,0.02,0.027,0.024,0.019,0.02,0.019
0.028,0.021,0.028,0.023,0.019,0.021,0.019
0.028,0.022,0.028,0.022,0.02,0.022,0.02
0.029,0.022,0.029,0.021,0.02,0.022,0.02
0.029,0.023,0.029,0.02,0.02,0.023,0.02
0.03,0.023,0.03,0.019,0.02,0.023,0.02
0.03,0.023,0.03,0.018,0.02,0.023,0.02
0.031,0.024,0.031,0.016,0.02,0.024,0.02
0.032,0.024,0.032,0.015,0.021,0.024,0.021
0.032,0.024,0.032,0.014,0.021,0.024,0.021
0.033,0.023,0.033,0.013,0.021,0.023,0.021
0.033,0.023,0.033,0.012,0.021,0.023,0.021
0.034,0.023,0.034,0.011,0.02,0.023,0.02
0.034,0.022,0.034,0.009,0.02,0.022,0.02
0.035,0.021,0.035,0.008,0.02,0.021,0.02
0.035,0.021,0.035,0.007,0.02,0.021,0.02
0.035,0.02,0.035,0.006,0.019,0.02,0.019
0.035,0.019,0.035,0.005,0.019,0.019,0.019
0.035,0.017,0.035,0.004,0.019,0.017,0.019
0.034,0.016,0.034,0.003,0.018,0.016,0.018
0.034,0.015,0.034,0.002,0.017,0.015,0.017
0.033,0.013,0.033,0.001,0.017,0.013,0.017
0.032,0.012,0.032,0.001,0.016,0.012,0.016
0.031,0.01,0.031,0,0.015,0.01,0.015
0.03,0.009,0.03,-0.001,0.014,0.009,0.014
0.029,0.007,0.029,-0.002,0.013,0.007,0.013
0.027,0.006,0.027,-0.003,0.011,0.006,0.011
0.026,0.004,0.026,-0.003,0.01,0.004,0.01
0.024,0.003,0.024,-0.004,0.009,0.003,0.009
0.022,0.001,0.022,-0.005,0.007,0.001,0.007
0.02,0,0.02,-0.006,0.006,0,0.006
0.018,-0.002,0.018,-0.006,0.004,-0.002,0.004
0.016,-0.004,0.016,-0.007,0.002,-0.004,0.002
0.014,-0.005,0.014,-0.008,0.001,-0.005,0.001
0.011,-0.006,0.011,-0.009,-0.001,-0.006,-0.001
0.009,-0.008,0.009,-0.01,-0.003,-0.008,-0.003
0.007,-0.009,0.007,-0.01,-0.005,-0.009,-0.005
0.004,-0.01,0.004,-0.011,-0.006,-0.01,-0.006
0.002,-0.012,0.002,-0.012,-0.008,-0.012,-0.008
-0.001,-0.013,-0.001,-0.014,-0.01,-0.013,-0.01
-0.003,-0.014,-0.003,-0.015,-0.012,-0.014,-0.012
-0.005,-0.015,-0.005,-0.016,-0.014,-0.015,-0.014
-0.008,-0.016,-0.008,-0.017,-0.015,-0.016,-0.015
-0.01,-0.017,-0.01,-0.019,-0.017,-0.017,-0.017
-0.012,-0.018,-0.012,-0.02,-0.019,-0.018,-0.019
-0.014,-0.019,-0.014,-0.022,-0.02,-0.019,-0.02
-0.016,-0.02,-0.016,-0.024,-0.022,-0.02,-0.022
-0.018,-0.021,-0.018,-0.025,-0.023,-0.021,-0.023
-0.019,-0.022,-0.019,-0.027,-0.025,-0.022,-0.025
-0.021,-0.022,-0.021,-0.029,-0.026,-0.022,-0.026
-0.023,-0.023,-0.023,-0.03,-0.027,-0.023,-0.027
-0.024,-0.024,-0.024,-0.032,-0.029,-0.024,-0.029
-0.025,-0.025,-0.025,-0.034,-0.03,-0.025,-0.03
-0.026,-0.026,-0.026,-0.035,-0.031,-0.026,-0.031
-0.028,-0.027,-0.028,-0.037,-0.032,-0.027,-0.032
-0.028,-0.028,-0.028,-0.038,-0.033,-0.028,-0.033
-0.029,-0.029,-0.029,-0.039,-0.033,-0.029,-0.033
-0.03,-0.03,-0.03,-0.04,-0.034,-0.03,-0.034
-0.031,-0.031,-0.031,-0.041,-0.035,-0.031,-0.035
-0.031,-0.032,-0.031,-0.041,-0.035,-0.032,-0.035
-0.031,-0.033,-0.031,-0.042,-0.035,-0.033,-0.035
-0.032,-0.034,-0.032,-0.042,-0.036,-0.034,-0.036
-0.032,-0.035,-0.032,-0.042,-0.036,-0.035,-0.036
-0.032,-0.036,-0.032,-0.041,-0.036,-0.036,-0.036
-0.031,-0.038,-0.031,-0.041,-0.036,-0.038,-0.036
-0.031,-0.039,-0.031,-0.04,-0.036,-0.039,-0.036
-0.031,-0.04,-0.031,-0.039,-0.036,-0.04,-0.036
-0.03,-0.041,-0.03,-0.038,-0.035,-0.041,-0.035
-0.03,-0.042,-0.03,-0.036,-0.035,-0.042,-0.035
-0.029,-0.043,-0.029,-0.035,-0.034,-0.043,-0.034
-0.028,-0.044,-0.028,-0.033,-0.034,-0.044,-0.034
-0.027,-0.044,-0.027,-0.032,-0.033,-0.044,-0.033
-0.026,-0.045,-0.026,-0.03,-0.032,-0.045,-0.032
-0.025,-0.046,-0.025,-0.028,-0.031,-0.046,-0.031
-0.024,-0.046,-0.024,-0.026,-0.03,-0.046,-0.03
-0.023,-0.047,-0.023,-0.024,-0.029,-0.047,-0.029
-0.022,-0.047,-0.022,-0.022,-0.028,-0.047,-0.028
-0.02,-0.047,-0.02,-0.02,-0.027,-0.047,-0.027
-0.019,-0.047,-0.019,-0.018,-0.026,-0.047,-0.026
-0.018,-0.046,-0.018,-0.016,-0.024,-0.046,-0.024
-0.016,-0.046,-0.016,-0.014,-0.023,-0.046,-0.023
-0.015,-0.045,-0.015,-0.012,-0.022,-0.045,-0.022
-0.014,-0.044,-0.014,-0.01,-0.02,-0.044,-0.02
-0.012,-0.043,-0.012,-0.008,-0.019,-0.043,-0.019
-0.011,-0.042,-0.011,-0.007,-0.017,-0.042,-0.017
-0.01,-0.04,-0.01,-0.005,-0.016,-0.04,-0.016
-0.009,-0.038,-0.009,-0.003,-0.015,-0.038,-0.015
-0.008,-0.037,-0.008,-0.001,-0.014,-0.037,-0.014
-0.007,-0.035,-0.007,0,-0.013,-0.035,-0.013
-0.006,-0.033,-0.006,0.002,-0.012,-0.033,-0.012
-0.005,-0.031,-0.005,0.003,-0.011,-0.031,-0.011
-0.005,-0.029,-0.005,0.004,-0.01,-0.029,-0.01
-0.004,-0.026,-0.004,0.006,-0.01,-0.026,-0.01
-0.004,-0.024,-0.004,0.007,-0.009,-0.024,-0.009
-0.004,-0.022,-0.004,0.008,-0.009,-0.022,-0.009
-0.004,-0.021,-0.004,0.008,-0.009,-0.021,-0.009
-0.004,-0.019,-0.004,0.009,-0.009,-0.019,-0.009
-0.004,-0.017,-0.004,0.009,-0.009,-0.017,-0.009
-0.004,-0.016,-0.004,0.01,-0.009,-0.016,-0.009
-0.005,-0.015,-0.005,0.01,-0.01,-0.015,-0.01
-0.005,-0.014,-0.005,0.01,-0.01,-0.014,-0.01
-0.006,-0.014,-0.006,0.01,-0.01,-0.014,-0.01
-0.006,-0.013,-0.006,0.01,-0.011,-0.013,-0.011
-0.007,-0.013,-0.007,0.009,-0.011,-0.013,-0.011
-0.008,-0.013,-0.008,0.009,-0.012,-0.013,-0.012
-0.008,-0.014,-0.008,0.008,-0.012,-0.014,-0.012
-0.009,-0.014,-0.009,0.008,-0.012,-0.014,-0.012
-0.009,-0.015,-0.009,0.007,-0.013,-0.015,-0.013
-0.01,-0.016,-0.01,0.006,-0.013,-0.016,-0.013
-0.01,-0.017,-0.01,0.005,-0.013,-0.017,-0.013
-0.01,-0.018,-0.01,0.004,-0.013,-0.018,-0.013
-0.011,-0.019,-0.011,0.003,-0.013,-0.019,-0.013
-0.011,-0.02,-0.011,0.002,-0.013,-0.02,-0.013
-0.01,-0.021,-0.01,0.001,-0.012,-0.021,-0.012
-0.01,-0.022,-0.01,0,-0.012,-0.022,-0.012
-0.01,-0.022,-0.01,-0.001,-0.011,-0.022,-0.011
-0.009,-0.023,-0.009,-0.002,-0.011,-0.023,-0.011
-0.009,-0.024,-0.009,-0.003,-0.01,-0.024,-0.01
-0.008,-0.024,-0.008,-0.004,-0.01,-0.024,-0.01
-0.008,-0.024,-0.008,-0.005,-0.009,-0.024,-0.009
-0.007,-0.024,-0.007,-0.006,-0.008,-0.024,-0.008
-0.006,-0.024,-0.006,-0.007,-0.008,-0.024,-0.008
-0.005,-0.023,-0.005,-0.008,-0.007,-0.023,-0.007
-0.004,-0.023,-0.004,-0.009,-0.007,-0.023,-0.007
-0.004,-0.022,-0.004,-0.01,-0.006,-0.022,-0.006
-0.003,-0.021,-0.003,-0.011,-0.006,-0.021,-0.006
-0.002,-0.02,-0.002,-0.012,-0.006,-0.02,-0.006
-0.002,-0.019,-0.002,-0.013,-0.006,-0.019,-0.006
-0.001,-0.018,-0.001,-0.014,-0.006,-0.018,-0.006
-0.001,-0.017,-0.001,-0.015,-0.006,-0.017,-0.006
-0.001,-0.015,-0.001,-0.016,-0.006,-0.015,-0.006
-0.001,-0.014,-0.001,-0.016,-0.007,-0.014,-0.007
-0.001,-0.013,-0.001,-0.017,-0.007,-0.013,-0.007
-0.001,-0.012,-0.001,-0.017,-0.008,-0.012,-0.008
-0.001,-0.011,-0.001,-0.018,-0.009,-0.011,-0.009
-0.002,-0.011,-0.002,-0.019,-0.01,-0.011,-0.01
-0.003,-0.01,-0.003,-0.019,-0.011,-0.01,-0.011
-0.003,-0.01,-0.003,-0.019,-0.012,-0.01,-0.012
-0.004,-0.009,-0.004,-0.02,-0.013,-0.009,-0.013
-0.005,-0.009,-0.005,-0.02,-0.014,-0.009,-0.014
-0.006,-0.01,-0.006,-0.02,-0.015,-0.01,-0.015
-0.008,-0.01,-0.008,-0.02,-0.015,-0.01,-0.015
-0.009,-0.01,-0.009,-0.02,-0.016,-0.01,-0.016
-0.01,-0.011,-0.01,-0.02,-0.017,-0.011,-0.017
-0.012,-0.012,-0.012,-0.02,-0.017,-0.012,-0.017
-0.013,-0.013,-0.013,-0.019,-0.018,-0.013,-0.018
-0.015,-0.014,-0.015,-0.019,-0.018,-0.014,-0.018
-0.016,-0.015,-0.016,-0.019,-0.018,-0.015,-0.018
-0.018,-0.016,-0.018,-0.018,-0.018,-0.016,-0.018
-0.019,-0.018,-0.019,-0.018,-0.017,-0.018,-0.017
-0.021,-0.019,-0.021,-0.017,-0.017,-0.019,-0.017
-0.022,-0.02,-0.022,-0.017,-0.016,-0.02,-0.016
-0.023,-0.021,-0.023,-0.016,-0.015,-0.021,-0.015
-0.025,-0.022,-0.025,-0.016,-0.014,-0.022,-0.014
-0.026,-0.024,-0.026,-0.015,-0.013,-0.024,-0.013
-0.027,-0.025,-0.027,-0.015,-0.011,-0.025,-0.011
-0.028,-0.026,-0.028,-0.014,-0.01,-0.026,-0.01
-0.029,-0.026,-0.029,-0.013,-0.008,-0.026,-0.008
-0.029,-0.027,-0.029,-0.013,-0.007,-0.027,-0.007
-0.03,-0.028,-0.03,-0.012,-0.005,-0.028,-0.005
-0.03,-0.028,-0.03,-0.012,-0.004,-0.028,-0.004
-0.03,-0.029,-0.03,-0.011,-0.002,-0.029,-0.002
-0.031,-0.029,-0.031,-0.011,-0.001,-0.029,-0.001
-0.03,-0.029,-0.03,-0.01,0,-0.029,0
-0.03,-0.029,-0.03,-0.01,0.002,-0.029,0.002
-0.03,-0.028,-0.03,-0.009,0.003,-0.028,0.003
-0.029,-0.028,-0.029,-0.009,0.004,-0.028,0.004
-0.028,-0.028,-0.028,-0.009,0.006,-0.028,0.006
-0.028,-0.027,-0.028,-0.009,0.007,-0.027,0.007
-0.027,-0.027,-0.027,-0.008,0.008,-0.027,0.008
-0.026,-0.026,-0.026,-0.008,0.009,-0.026,0.009
-0.025,-0.025,-0.025,-0.008,0.01,-0.025,0.01
-0.024,-0.024,-0.024,-0.008,0.011,-0.024,0.011
-0.023,-0.024,-0.023,-0.008,0.011,-0.024,0.011
-0.022,-0.023,-0.022,-0.008,0.012,-0.023,0.012
-0.021,-0.022,-0.021,-0.008,0.013,-0.022,0.013
-0.02,-0.021,-0.02,-0.008,0.014,-0.021,0.014
-0.019,-0.02,-0.019,-0.008,0.015,-0.02,0.015
-0.018,-0.02,-0.018,-0.008,0.016,-0.02,0.016
-0.017,-0.019,-0.017,-0.008,0.017,-0.019,0.017
-0.016,-0.018,-0.016,-0.008,0.018,-0.018,0.018
-0.015,-0.018,-0.015,-0.007,0.019,-0.018,0.019
-0.014,-0.017,-0.014,-0.007,0.02,-0.017,0.02
-0.014,-0.017,-0.014,-0.007,0.021,-0.017,0.021
-0.013,-0.016,-0.013,-0.007,0.022,-0.016,0.022
-0.013,-0.016,-0.013,-0.006,0.023,-0.016,0.023
-0.012,-0.016,-0.012,-0.006,0.024,-0.016,0.024
-0.012,-0.015,-0.012,-0.006,0.025,-0.015,0.025
-0.012,-0.015,-0.012,-0.005,0.026,-0.015,0.026
-0.011,-0.015,-0.011,-0.005,0.027,-0.015,0.027
-0.011,-0.015,-0.011,-0.005,0.028,-0.015,0.028
-0.011,-0.015,-0.011,-0.004,0.029,-0.015,0.029
-0.011,-0.015,-0.011,-0.004,0.029,-0.015,0.029
-0.011,-0.015,-0.011,-0.004,0.03,-0.015,0.03
-0.011,-0.015,-0.011,-0.003,0.031,-0.015,0.031
-0.011,-0.015,-0.011,-0.003,0.031,-0.015,0.031
-0.011,-0.015,-0.011,-0.003,0.031,-0.015,0.031
-0.011,-0.015,-0.011,-0.003,0.032,-0.015,0.032
-0.011,-0.016,-0.011,-0.002,0.032,-0.016,0.032
-0.011,-0.016,-0.011,-0.002,0.031,-0.016,0.031
-0.012,-0.016,-0.012,-0.002,0.031,-0.016,0.031
-0.012,-0.016,-0.012,-0.002,0.03,-0.016,0.03
-0.012,-0.016,-0.012,-0.001,0.03,-0.016,0.03
-0.012,-0.016,-0.012,-0.001,0.029,-0.016,0.029
-0.012,-0.016,-0.012,-0.001,0.028,-0.016,0.028
-0.013,-0.016,-0.013,0,0.027,-0.016,0.027
-0.013,-0.016,-0.013,0,0.025,-0.016,0.025
-0.013,-0.016,-0.013,0.001,0.024,-0.016,0.024
-0.013,-0.016,-0.013,0.001,0.022,-0.016,0.022
-0.013,-0.016,-0.013,0.002,0.021,-0.016,0.021
-0.013,-0.016,-0.013,0.003,0.019,-0.016,0.019
-0.013,-0.016,-0.013,0.004,0.018,-0.016,0.018
-0.013,-0.016,-0.013,0.004,0.016,-0.016,0.016
-0.013,-0.016,-0.013,0.005,0.015,-0.016,0.015
-0.013,-0.015,-0.013,0.007,0.014,-0.015,0.014
-0.014,-0.015,-0.014,0.008,0.013,-0.015,0.013
-0.014,-0.015,-0.014,0.009,0.012,-0.015,0.012
-0.014,-0.014,-0.014,0.01,0.011,-0.014,0.011
-0.014,-0.014,-0.014,0.011,0.01,-0.014,0.01
-0.014,-0.013,-0.014,0.013,0.009,-0.013,0.009
-0.014,-0.013,-0.014,0.014,0.009,-0.013,0.009
-0.014,-0.013,-0.014,0.015,0.009,-0.013,0.009
-0.014,-0.012,-0.014,0.016,0.009,-0.012,0.009
-0.014,-0.012,-0.014,0.018,0.009,-0.012,0.009
-0.014,-0.011,-0.014,0.019,0.009,-0.011,0.009
-0.014,-0.01,-0.014,0.02,0.01,-0.01,0.01
-0.014,-0.01,-0.014,0.021,0.01,-0.01,0.01
-0.014,-0.009,-0.014,0.021,0.011,-0.009,0.011
-0.014,-0.009,-0.014,0.022,0.012,-0.009,0.012
-0.015,-0.008,-0.015,0.023,0.012,-0.008,0.012
-0.015,-0.008,-0.015,0.023,0.013,-0.008,0.013
-0.015,-0.007,-0.015,0.024,0.014,-0.007,0.014
-0.015,-0.007,-0.015,0.024,0.015,-0.007,0.015
-0.015,-0.006,-0.015,0.024,0.016,-0.006,0.016
-0.016,-0.006,-0.016,0.024,0.017,-0.006,0.017
-0.016,-0.006,-0.016,0.024,0.017,-0.006,0.017
-0.016,-0.005,-0.016,0.023,0.018,-0.005,0.018
-0.016,-0.005,-0.016,0.023,0.019,-0.005,0.019
-0.016,-0.005,-0.016,0.023,0.019,-0.005,0.019
-0.017,-0.005,-0.017,0.022,0.019,-0.005,0.019
-0.017,-0.005,-0.017,0.021,0.02,-0.005,0.02
-0.017,-0.004,-0.017,0.021,0.02,-0.004,0.02
-0.017,-0.004,-0.017,0.02,0.02,-0.004,0.02
-0.017,-0.004,-0.017,0.019,0.019,-0.004,0.019
-0.017,-0.004,-0.017,0.018,0.019,-0.004,0.019
-0.017,-0.004,-0.017,0.017,0.019,-0.004,0.019
-0.017,-0.004,-0.017,0.016,0.018,-0.004,0.018
-0.017,-0.004,-0.017,0.015,0.018,-0.004,0.018
-0.017,-0.004,-0.017,0.014,0.017,-0.004,0.017
-0.017,-0.005,-0.017,0.013,0.017,-0.005,0.017
-0.017,-0.005,-0.017,0.012,0.016,-0.005,0.016
-0.017,-0.005,-0.017,0.011,0.015,-0.005,0.015
-0.017,-0.005,-0.017,0.01,0.015,-0.005,0.015
-0.016,-0.005,-0.016,0.009,0.014,-0.005,0.014
-0.016,-0.005,-0.016,0.008,0.014,-0.005,0.014
-0.016,-0.005,-0.016,0.007,0.013,-0.005,0.013
-0.015,-0.005,-0.015,0.006,0.013,-0.005,0.013
-0.015,-0.005,-0.015,0.005,0.012,-0.005,0.012
-0.015,-0.005,-0.015,0.004,0.012,-0.005,0.012
-0.014,-0.005,-0.014,0.003,0.012,-0.005,0.012
-0.014,-0.005,-0.014,0.003,0.012,-0.005,0.012
-0.013,-0.004,-0.013,0.002,0.012,-0.004,0.012
-0.013,-0.004,-0.013,0.002,0.012,-0.004,0.012
-0.013,-0.004,-0.013,0.001,0.012,-0.004,0.012
-0.012,-0.004,-0.012,0.001,0.012,-0.004,0.012
-0.012,-0.003,-0.012,0.001,0.013,-0.003,0.013
-0.012,-0.003,-0.012,0.001,0.013,-0.003,0.013
-0.012,-0.003,-0.012,0.001,0.014,-0.003,0.014
-0.011,-0.002,-0.011,0.001,0.014,-0.002,0.014
-0.011,-0.002,-0.011,0.001,0.015,-0.002,0.015
-0.011,-0.001,-0.011,0.002,0.015,-0.001,0.015
-0.011,-0.001,-0.011,0.002,0.016,-0.001,0.016
-0.011,0,-0.011,0.003,0.016,0,0.016
-0.012,0,-0.012,0.004,0.017,0,0.017
-0.012,0.001,-0.012,0.004,0.017,0.001,0.017
-0.012,0.001,-0.012,0.005,0.018,0.001,0.018
-0.012,0.002,-0.012,0.006,0.018,0.002,0.018
-0.013,0.002,-0.013,0.007,0.018,0.002,0.018
-0.013,0.003,-0.013,0.008,0.018,0.003,0.018
-0.013,0.003,-0.013,0.009,0.018,0.003,0.018
-0.014,0.004,-0.014,0.01,0.018,0.004,0.018
-0.014,0.004,-0.014,0.011,0.018,0.004,0.018
-0.014,0.004,-0.014,0.012,0.018,0.004,0.018
-0.014,0.005,-0.014,0.012,0.018,0.005,0.018
-0.015,0.005,-0.015,0.013,0.018,0.005,0.018
-0.015,0.005,-0.015,0.014,0.017,0.005,0.017
-0.015,0.005,-0.015,0.015,0.017,0.005,0.017
-0.015,0.005,-0.015,0.015,0.016,0.005,0.016
-0.015,0.005,-0.015,0.016,0.016,0.005,0.016
-0.015,0.005,-0.015,0.016,0.015,0.005,0.015
-0.015,0.005,-0.015,0.017,0.014,0.005,0.014
-0.015,0.005,-0.015,0.017,0.014,0.005,0.014
-0.015,0.005,-0.015,0.017,0.013,0.005,0.013
-0.014,0.004,-0.014,0.017,0.012,0.004,0.012
-0.014,0.004,-0.014,0.017,0.011,0.004,0.011
-0.014,0.004,-0.014,0.017,0.01,0.004,0.01
-0.013,0.003,-0.013,0.017,0.009,0.003,0.009
-0.013,0.003,-0.013,0.016,0.009,0.003,0.009
-0.012,0.003,-0.012,0.016,0.008,0.003,0.008
-0.012,0.002,-0.012,0.015,0.007,0.002,0.007
-0.011,0.002,-0.011,0.015,0.006,0.002,0.006
-0.011,0.002,-0.011,0.014,0.005,0.002,0.005
-0.011,0.002,-0.011,0.014,0.005,0.002,0.005
-0.01,0.002,-0.01,0.013,0.004,0.002,0.004
-0.01,0.002,-0.01,0.013,0.004,0.002,0.004
-0.01,0.002,-0.01,0.012,0.003,0.002,0.003
-0.01,0.002,-0.01,0.011,0.003,0.002,0.003
-0.01,0.002,-0.01,0.011,0.003,0.002,0.003
-0.009,0.003,-0.009,0.01,0.002,0.003,0.002
-0.01,0.003,-0.01,0.009,0.002,0.003,0.002
-0.01,0.004,-0.01,0.009,0.002,0.004,0.002
-0.01,0.004,-0.01,0.008,0.003,0.004,0.003
-0.01,0.005,-0.01,0.008,0.003,0.005,0.003
-0.011,0.006,-0.011,0.007,0.003,0.006,0.003
-0.011,0.007,-0.011,0.007,0.004,0.007,0.004
-0.011,0.007,-0.011,0.007,0.004,0.007,0.004
-0.012,0.008,-0.012,0.006,0.004,0.008,0.004
-0.012,0.009,-0.012,0.006,0.005,0.009,0.005
-0.013,0.01,-0.013,0.006,0.005,0.01,0.005
-0.014,0.011,-0.014,0.006,0.006,0.011,0.006
-0.014,0.012,-0.014,0.006,0.006,0.012,0.006
-0.015,0.012,-0.015,0.006,0.006,0.012,0.006
-0.016,0.013,-0.016,0.007,0.007,0.013,0.007
-0.016,0.014,-0.016,0.007,0.007,0.014,0.007
-0.017,0.014,-0.017,0.007,0.007,0.014,0.007
-0.017,0.015,-0.017,0.008,0.008,0.015,0.008
-0.017,0.015,-0.017,0.008,0.008,0.015,0.008
-0.018,0.016,-0.018,0.009,0.008,0.016,0.008
-0.018,0.016,-0.018,0.01,0.008,0.016,0.008
-0.018,0.016,-0.018,0.011,0.008,0.016,0.008
-0.018,0.017,-0.018,0.012,0.008,0.017,0.008
-0.018,0.017,-0.018,0.013,0.008,0.017,0.008
-0.017,0.017,-0.017,0.014,0.009,0.017,0.009
-0.017,0.018,-0.017,0.016,0.009,0.018,0.009
-0.016,0.018,-0.016,0.018,0.009,0.018,0.009
-0.015,0.019,-0.015,0.02,0.01,0.019,0.01
-0.014,0.02,-0.014,0.022,0.01,0.02,0.01
-0.013,0.021,-0.013,0.024,0.011,0.021,0.011
-0.011,0.022,-0.011,0.027,0.012,0.022,0.012
-0.009,0.023,-0.009,0.03,0.013,0.023,0.013
-0.008,0.024,-0.008,0.033,0.015,0.024,0.015
-0.006,0.026,-0.006,0.036,0.016,0.026,0.016
-0.004,0.027,-0.004,0.04,0.018,0.027,0.018
-0.001,0.029,-0.001,0.043,0.02,0.029,0.02
0.001,0.031,0.001,0.047,0.022,0.031,0.022
0.004,0.033,0.004,0.051,0.024,0.033,0.024
0.006,0.035,0.006,0.055,0.026,0.035,0.026
0.009,0.037,0.009,0.059,0.028,0.037,0.028
0.011,0.039,0.011,0.063,0.031,0.039,0.031
0.014,0.041,0.014,0.067,0.033,0.041,0.033
0.016,0.043,0.016,0.071,0.036,0.043,0.036
0.019,0.045,0.019,0.075,0.038,0.045,0.038
0.021,0.047,0.021,0.079,0.04,0.047,0.04
0.023,0.048,0.023,0.082,0.042,0.048,0.042
0.025,0.049,0.025,0.085,0.044,0.049,0.044
0.026,0.05,0.026,0.088,0.046,0.05,0.046
0.027,0.051,0.027,0.09,0.047,0.051,0.047
0.028,0.051,0.028,0.092,0.048,0.051,0.048
0.029,0.051,0.029,0.094,0.049,0.051,0.049
0.029,0.05,0.029,0.095,0.049,0.05,0.049
0.028,0.049,0.028,0.095,0.048,0.049,0.048
0.027,0.047,0.027,0.095,0.048,0.047,0.048
0.026,0.045,0.026,0.095,0.046,0.045,0.046
0.024,0.042,0.024,0.094,0.045,0.042,0.045
0.022,0.039,0.022,0.093,0.042,0.039,0.042
0.02,0.036,0.02,0.091,0.04,0.036,0.04
0.017,0.032,0.017,0.088,0.037,0.032,0.037
0.014,0.028,0.014,0.085,0.033,0.028,0.033
0.01,0.023,0.01,0.082,0.029,0.023,0.029
0.007,0.018,0.007,0.079,0.025,0.018,0.025
0.003,0.014,0.003,0.075,0.021,0.014,0.021
-0.001,0.008,-0.001,0.071,0.016,0.008,0.016
-0.006,0.003,-0.006,0.066,0.011,0.003,0.011
-0.01,-0.002,-0.01,0.062,0.007,-0.002,0.007
-0.014,-0.007,-0.014,0.057,0.002,-0.007,0.002
-0.018,-0.012,-0.018,0.053,-0.003,-0.012,-0.003
-0.022,-0.016,-0.022,0.048,-0.008,-0.016,-0.008
-0.025,-0.021,-0.025,0.044,-0.012,-0.021,-0.012
-0.029,-0.025,-0.029,0.039,-0.016,-0.025,-0.016
-0.032,-0.029,-0.032,0.035,-0.02,-0.029,-0.02
-0.034,-0.032,-0.034,0.031,-0.024,-0.032,-0.024
-0.036,-0.035,-0.036,0.027,-0.027,-0.035,-0.027
-0.038,-0.038,-0.038,0.024,-0.029,-0.038,-0.029
-0.039,-0.04,-0.039,0.021,-0.031,-0.04,-0.031
-0.04,-0.041,-0.04,0.018,-0.033,-0.041,-0.033
-0.04,-0.042,-0.04,0.016,-0.034,-0.042,-0.034
-0.039,-0.042,-0.039,0.014,-0.034,-0.042,-0.034
-0.038,-0.042,-0.038,0.013,-0.033,-0.042,-0.033
-0.036,-0.041,-0.036,0.012,-0.032,-0.041,-0.032
-0.034,-0.039,-0.034,0.012,-0.031,-0.039,-0.031
-0.031,-0.037,-0.031,0.012,-0.028,-0.037,-0.028
-0.028,-0.034,-0.028,0.012,-0.025,-0.034,-0.025
-0.024,-0.031,-0.024,0.013,-0.021,-0.031,-0.021
-0.019,-0.027,-0.019,0.015,-0.017,-0.027,-0.017
-0.014,-0.022,-0.014,0.017,-0.012,-0.022,-0.012
-0.009,-0.017,-0.009,0.019,-0.007,-0.017,-0.007
-0.003,-0.012,-0.003,0.022,-0.001,-0.012,-0.001
0.003,-0.006,0.003,0.025,0.006,-0.006,0.006
0.01,0.001,0.01,0.028,0.013,0.001,0.013
0.017,0.007,0.017,0.032,0.021,0.007,0.021
0.024,0.015,0.024,0.036,0.029,0.015,0.029
0.031,0.022,0.031,0.04,0.037,0.022,0.037
0.038,0.029,0.038,0.044,0.046,0.029,0.046
0.045,0.037,0.045,0.048,0.054,0.037,0.054
0.052,0.045,0.052,0.052,0.063,0.045,0.063
0.059,0.052,0.059,0.056,0.072,0.052,0.072
0.065,0.06,0.065,0.06,0.081,0.06,0.081
0.071,0.067,0.071,0.064,0.09,0.067,0.09
0.077,0.074,0.077,0.067,0.098,0.074,0.098
0.082,0.08,0.082,0.069,0.106,0.08,0.106
0.087,0.086,0.087,0.071,0.114,0.086,0.114
0.09,0.092,0.09,0.072,0.121,0.092,0.121
0.093,0.096,0.093,0.072,0.127,0.096,0.127
0.095,0.1,0.095,0.071,0.132,0.1,0.132
0.095,0.102,0.095,0.069,0.136,0.102,0.136
0.095,0.104,0.095,0.065,0.139,0.104,0.139
0.093,0.104,0.093,0.061,0.141,0.104,0.141
0.09,0.103,0.09,0.055,0.141,0.103,0.141
0.085,0.1,0.085,0.048,0.14,0.1,0.14
0.078,0.096,0.078,0.039,0.137,0.096,0.137
0.07,0.09,0.07,0.029,0.133,0.09,0.133
0.061,0.083,0.061,0.017,0.127,0.083,0.127
0.049,0.074,0.049,0.004,0.119,0.074,0.119
0.036,0.064,0.036,-0.011,0.109,0.064,0.109
0.021,0.051,0.021,-0.028,0.098,0.051,0.098
0.004,0.037,0.004,-0.045,0.084,0.037,0.084
-0.015,0.021,-0.015,-0.064,0.069,0.021,0.069
-0.035,0.004,-0.035,-0.085,0.053,0.004,0.053
-0.057,-0.015,-0.057,-0.106,0.034,-0.015,0.034
-0.081,-0.036,-0.081,-0.129,0.014,-0.035,0.014
-0.106,-0.057,-0.106,-0.153,-0.008,-0.057,-0.008
-0.132,-0.081,-0.132,-0.177,-0.03,-0.081,-0.03
-0.16,-0.105,-0.16,-0.202,-0.055,-0.105,-0.055
-0.188,-0.13,-0.188,-0.228,-0.08,-0.13,-0.08
-0.218,-0.157,-0.218,-0.254,-0.106,-0.157,-0.106
-0.247,-0.184,-0.247,-0.279,-0.133,-0.183,-0.133
-0.277,-0.211,-0.277,-0.305,-0.16,-0.211,-0.16
-0.308,-0.238,-0.308,-0.33,-0.188,-0.238,-0.188
-0.337,-0.266,-0.337,-0.355,-0.216,-0.266,-0.216
-0.367,-0.293,-0.367,-0.379,-0.243,-0.293,-0.243
-0.395,-0.32,-0.395,-0.402,-0.27,-0.32,-0.27
-0.423,-0.347,-0.423,-0.424,-0.297,-0.347,-0.297
-0.449,-0.372,-0.449,-0.444,-0.323,-0.372,-0.323
-0.474,-0.397,-0.474,-0.463,-0.348,-0.397,-0.348
-0.497,-0.42,-0.497,-0.48,-0.372,-0.42,-0.372
-0.518,-0.442,-0.518,-0.495,-0.394,-0.441,-0.394
-0.537,-0.461,-0.537,-0.508,-0.415,-0.461,-0.415
-0.554,-0.48,-0.554,-0.519,-0.434,-0.479,-0.434
-0.568,-0.496,-0.568,-0.528,-0.451,-0.496,-0.451
-0.579,-0.51,-0.579,-0.534,-0.466,-0.51,-0.466
-0.588,-0.521,-0.588,-0.538,-0.479,-0.521,-0.479
-0.593,-0.531,-0.593,-0.54,-0.49,-0.531,-0.49
-0.596,-0.538,-0.596,-0.539,-0.498,-0.538,-0.498
-0.597,-0.542,-0.597,-0.535,-0.504,-0.542,-0.504
-0.594,-0.544,-0.594,-0.529,-0.508,-0.544,-0.508
-0.589,-0.543,-0.589,-0.521,-0.509,-0.543,-0.509
-0.581,-0.54,-0.581,-0.511,-0.508,-0.54,-0.508
-0.571,-0.535,-0.571,-0.499,-0.504,-0.535,-0.504
-0.558,-0.527,-0.558,-0.484,-0.497,-0.527,-0.497
-0.543,-0.516,-0.543,-0.468,-0.489,-0.516,-0.489
-0.525,-0.504,-0.525,-0.45,-0.478,-0.504,-0.478
-0.506,-0.489,-0.506,-0.431,-0.465,-0.489,-0.465
-0.486,-0.473,-0.486,-0.41,-0.45,-0.473,-0.45
-0.463,-0.454,-0.463,-0.388,-0.433,-0.454,-0.433
-0.44,-0.435,-0.44,-0.365,-0.415,-0.435,-0.415
-0.416,-0.413,-0.416,-0.342,-0.395,-0.413,-0.395
-0.39,-0.391,-0.39,-0.318,-0.373,-0.391,-0.373
-0.365,-0.368,-0.365,-0.294,-0.351,-0.368,-0.351
-0.338,-0.343,-0.338,-0.27,-0.328,-0.344,-0.328
-0.312,-0.319,-0.312,-0.246,-0.303,-0.319,-0.303
-0.286,-0.294,-0.286,-0.222,-0.279,-0.294,-0.279
-0.26,-0.269,-0.26,-0.199,-0.254,-0.269,-0.254
-0.235,-0.244,-0.235,-0.177,-0.229,-0.244,-0.229
-0.21,-0.22,-0.21,-0.156,-0.205,-0.22,-0.205
-0.186,-0.196,-0.186,-0.135,-0.18,-0.196,-0.18
-0.163,-0.173,-0.163,-0.116,-0.157,-0.173,-0.157
-0.141,-0.151,-0.141,-0.098,-0.134,-0.151,-0.134
-0.121,-0.129,-0.121,-0.082,-0.112,-0.129,-0.112
-0.101,-0.109,-0.101,-0.067,-0.091,-0.109,-0.091
-0.084,-0.091,-0.084,-0.053,-0.071,-0.091,-0.071
-0.067,-0.073,-0.067,-0.041,-0.053,-0.073,-0.053
-0.052,-0.057,-0.052,-0.031,-0.036,-0.057,-0.036
-0.038,-0.043,-0.038,-0.021,-0.021,-0.043,-0.021
-0.026,-0.03,-0.026,-0.013,-0.007,-0.03,-0.007
-0.015,-0.018,-0.015,-0.007,0.005,-0.018,0.005
-0.006,-0.008,-0.006,-0.001,0.016,-0.008,0.016
0.003,0.001,0.003,0.003,0.025,0.001,0.025
0.009,0.008,0.009,0.006,0.033,0.008,0.033
0.015,0.014,0.015,0.009,0.039,0.014,0.039
0.02,0.019,0.02,0.01,0.044,0.019,0.044
0.024,0.023,0.024,0.011,0.048,0.023,0.048
0.027,0.026,0.027,0.012,0.051,0.026,0.051
0.029,0.028,0.029,0.011,0.053,0.028,0.053
0.03,0.029,0.03,0.011,0.054,0.029,0.054
0.031,0.03,0.031,0.01,0.054,0.03,0.054
0.032,0.03,0.032,0.01,0.053,0.03,0.053
0.032,0.03,0.032,0.009,0.052,0.03,0.052
0.032,0.029,0.032,0.008,0.051,0.029,0.051
0.032,0.029,0.032,0.008,0.05,0.029,0.05
0.032,0.028,0.032,0.007,0.048,0.028,0.048
0.031,0.027,0.031,0.007,0.047,0.027,0.047
0.031,0.027,0.031,0.007,0.045,0.027,0.045
0.031,0.026,0.031,0.007,0.044,0.026,0.044
0.031,0.026,0.031,0.008,0.043,0.026,0.043
0.032,0.026,0.032,0.009,0.042,0.026,0.042
0.032,0.026,0.032,0.01,0.042,0.026,0.042
0.033,0.027,0.033,0.012,0.041,0.027,0.041
0.034,0.028,0.034,0.013,0.042,0.028,0.042
0.036,0.03,0.036,0.015,0.042,0.03,0.042
0.037,0.031,0.037,0.017,0.043,0.031,0.043
0.039,0.034,0.039,0.02,0.045,0.034,0.045
0.041,0.036,0.041,0.022,0.047,0.036,0.047
0.043,0.039,0.043,0.024,0.049,0.039,0.049
0.045,0.042,0.045,0.027,0.051,0.041,0.051
0.047,0.045,0.047,0.029,0.053,0.045,0.053
0.049,0.048,0.049,0.032,0.056,0.048,0.056
0.051,0.051,0.051,0.034,0.058,0.051,0.058
0.054,0.054,0.054,0.036,0.061,0.054,0.061
0.056,0.058,0.056,0.038,0.064,0.058,0.064
0.058,0.061,0.058,0.04,0.066,0.061,0.066
0.059,0.064,0.059,0.041,0.069,0.064,0.069
0.061,0.067,0.061,0.042,0.071,0.067,0.071
0.062,0.07,0.062,0.044,0.073,0.07,0.073
0.064,0.072,0.064,0.044,0.075,0.072,0.075
0.065,0.075,0.065,0.045,0.076,0.075,0.076
0.065,0.077,0.065,0.045,0.077,0.077,0.077
0.066,0.078,0.066,0.046,0.078,0.079,0.078
0.066,0.08,0.066,0.046,0.079,0.08,0.079
0.066,0.081,0.066,0.046,0.08,0.081,0.08
0.066,0.082,0.066,0.046,0.08,0.082,0.08
0.066,0.082,0.066,0.045,0.08,0.082,0.08
0.065,0.083,0.065,0.045,0.079,0.083,0.079
0.064,0.083,0.064,0.045,0.079,0.083,0.079
0.064,0.082,0.064,0.045,0.078,0.082,0.078
0.063,0.082,0.063,0.045,0.077,0.082,0.077
0.062,0.081,0.062,0.045,0.076,0.081,0.076
0.061,0.08,0.061,0.045,0.075,0.08,0.075
0.061,0.079,0.061,0.045,0.074,0.079,0.074
0.06,0.078,0.06,0.046,0.072,0.078,0.072
0.059,0.077,0.059,0.046,0.071,0.077,0.071
0.059,0.076,0.059,0.047,0.07,0.076,0.07
0.058,0.074,0.058,0.048,0.069,0.075,0.069
0.058,0.073,0.058,0.049,0.068,0.073,0.068
0.058,0.072,0.058,0.05,0.067,0.072,0.067
0.058,0.071,0.058,0.052,0.066,0.071,0.066
0.058,0.07,0.058,0.053,0.066,0.07,0.066
0.058,0.069,0.058,0.055,0.065,0.068,0.065
0.059,0.067,0.059,0.057,0.065,0.067,0.065
0.059,0.067,0.059,0.058,0.065,0.066,0.065
0.06,0.066,0.06,0.06,0.065,0.066,0.065
0.061,0.065,0.061,0.062,0.066,0.065,0.066
0.062,0.064,0.062,0.064,0.066,0.064,0.066
0.063,0.063,0.063,0.065,0.067,0.063,0.067
0.064,0.062,0.064,0.067,0.068,0.062,0.068
0.065,0.062,0.065,0.068,0.069,0.062,0.069
0.066,0.061,0.066,0.07,0.07,0.061,0.07
0.067,0.061,0.067,0.071,0.071,0.061,0.071
0.068,0.06,0.068,0.072,0.072,0.06,0.072
0.069,0.06,0.069,0.073,0.073,0.06,0.073
0.07,0.059,0.07,0.074,0.074,0.059,0.074
0.07,0.059,0.07,0.075,0.075,0.059,0.075
0.071,0.059,0.071,0.076,0.076,0.059,0.076
0.071,0.059,0.071,0.076,0.077,0.059,0.077
0.072,0.059,0.072,0.077,0.078,0.059,0.078
0.072,0.059,0.072,0.077,0.079,0.059,0.079
0.072,0.059,0.072,0.078,0.079,0.059,0.079
0.072,0.059,0.072,0.078,0.08,0.059,0.08
0.072,0.059,0.072,0.078,0.08,0.059,0.08
0.072,0.059,0.072,0.079,0.08,0.059,0.08
0.071,0.06,0.071,0.079,0.08,0.06,0.08
0.071,0.06,0.071,0.08,0.08,0.06,0.08
0.07,0.061,0.07,0.08,0.079,0.061,0.079
0.07,0.061,0.07,0.081,0.079,0.061,0.079
0.069,0.062,0.069,0.081,0.078,0.062,0.078
0.068,0.063,0.068,0.082,0.078,0.063,0.078
0.068,0.064,0.068,0.083,0.077,0.064,0.077
0.067,0.064,0.067,0.084,0.076,0.065,0.076
0.066,0.065,0.066,0.085,0.075,0.066,0.075
0.066,0.066,0.066,0.086,0.074,0.067,0.074
0.065,0.068,0.065,0.087,0.073,0.068,0.073
0.065,0.069,0.065,0.088,0.072,0.069,0.072
0.064,0.07,0.064,0.089,0.07,0.07,0.07
0.064,0.071,0.064,0.09,0.069,0.071,0.069
0.063,0.072,0.063,0.091,0.069,0.072,0.069
0.063,0.073,0.063,0.092,0.068,0.073,0.068
0.063,0.074,0.063,0.093,0.067,0.074,0.067
0.063,0.075,0.063,0.094,0.066,0.075,0.066
0.062,0.075,0.062,0.095,0.066,0.075,0.066
0.062,0.076,0.062,0.095,0.065,0.076,0.065
0.062,0.077,0.062,0.096,0.065,0.077,0.065
0.062,0.077,0.062,0.097,0.064,0.077,0.064
0.062,0.078,0.062,0.097,0.064,0.078,0.064
0.062,0.078,0.062,0.097,0.064,0.078,0.064
0.062,0.079,0.062,0.098,0.064,0.078,0.064
0.062,0.079,0.062,0.098,0.064,0.079,0.064
0.063,0.079,0.063,0.098,0.065,0.079,0.065
0.063,0.079,0.063,0.098,0.065,0.079,0.065
0.063,0.079,0.063,0.098,0.065,0.079,0.065
0.063,0.079,0.063,0.097,0.066,0.079,0.066
0.063,0.079,0.063,0.097,0.067,0.079,0.067
0.063,0.078,0.063,0.097,0.067,0.078,0.067
0.064,0.078,0.064,0.096,0.068,0.078,0.068
0.064,0.078,0.064,0.095,0.068,0.078,0.069
0.064,0.077,0.064,0.095,0.069,0.077,0.069
0.065,0.077,0.065,0.094,0.07,0.077,0.07
0.065,0.076,0.065,0.093,0.071,0.076,0.071
0.065,0.076,0.065,0.092,0.071,0.076,0.071
0.066,0.075,0.066,0.092,0.072,0.075,0.072
0.067,0.074,0.067,0.091,0.073,0.074,0.073
0.067,0.074,0.067,0.09,0.073,0.074,0.073
0.068,0.073,0.068,0.089,0.074,0.073,0.074
0.069,0.073,0.069,0.088,0.075,0.073,0.075
0.069,0.072,0.069,0.087,0.075,0.072,0.075
0.07,0.072,0.07,0.086,0.076,0.072,0.076
0.071,0.071,0.071,0.085,0.076,0.072,0.076
0.072,0.071,0.072,0.085,0.077,0.071,0.077
0.073,0.071,0.073,0.084,0.077,0.071,0.077
0.074,0.071,0.074,0.083,0.078,0.071,0.078
0.075,0.071,0.075,0.082,0.078,0.071,0.078
0.076,0.071,0.076,0.082,0.079,0.071,0.079
0.077,0.071,0.077,0.081,0.079,0.071,0.079
0.078,0.072,0.078,0.08,0.079,0.072,0.079
0.079,0.072,0.079,0.079,0.079,0.072,0.079
0.08,0.073,0.08,0.079,0.079,0.073,0.079
0.081,0.074,0.081,0.078,0.079,0.074,0.079
0.082,0.074,0.082,0.077,0.079,0.074,0.079
0.082,0.075,0.082,0.077,0.079,0.075,0.079
0.083,0.076,0.083,0.076,0.079,0.076,0.079
0.084,0.077,0.084,0.075,0.079,0.077,0.079
0.084,0.078,0.084,0.074,0.079,0.078,0.079
0.084,0.079,0.084,0.073,0.079,0.079,0.079
0.085,0.08,0.085,0.072,0.079,0.08,0.079
0.085,0.081,0.085,0.072,0.078,0.081,0.078
0.085,0.082,0.085,0.071,0.078,0.082,0.078
0.085,0.083,0.085,0.07,0.078,0.083,0.078
0.085,0.084,0.085,0.069,0.077,0.084,0.077
0.085,0.084,0.085,0.068,0.077,0.084,0.077
0.085,0.085,0.085,0.067,0.077,0.085,0.077
0.085,0.085,0.085,0.066,0.076,0.085,0.076
0.085,0.086,0.085,0.065,0.076,0.086,0.076
0.085,0.086,0.085,0.064,0.076,0.086,0.076
0.085,0.086,0.085,0.063,0.076,0.086,0.076
0.085,0.086,0.085,0.062,0.075,0.086,0.075
0.084,0.086,0.084,0.061,0.075,0.086,0.075
0.084,0.086,0.084,0.06,0.075,0.086,0.075
0.084,0.086,0.084,0.059,0.075,0.086,0.075
0.084,0.086,0.084,0.059,0.075,0.086,0.075
0.084,0.085,0.084,0.058,0.075,0.085,0.075
0.084,0.085,0.084,0.057,0.075,0.085,0.075
0.084,0.084,0.084,0.057,0.075,0.084,0.075
0.084,0.084,0.084,0.056,0.075,0.084,0.075
0.084,0.083,0.084,0.056,0.076,0.083,0.076
0.084,0.082,0.084,0.055,0.076,0.083,0.076
0.084,0.082,0.084,0.055,0.076,0.082,0.076
0.084,0.081,0.084,0.054,0.077,0.081,0.077
0.084,0.081,0.084,0.054,0.077,0.081,0.077
0.084,0.08,0.084,0.054,0.078,0.08,0.078
0.084,0.08,0.084,0.054,0.078,0.08,0.078
0.084,0.079,0.084,0.053,0.079,0.079,0.079
0.084,0.079,0.084,0.053,0.079,0.079,0.079
0.084,0.078,0.084,0.053,0.08,0.078,0.08
0.084,0.078,0.084,0.053,0.081,0.078,0.081
0.084,0.078,0.084,0.053,0.081,0.078,0.081
0.084,0.078,0.084,0.053,0.082,0.078,0.082
0.084,0.078,0.084,0.053,0.082,0.078,0.082
0.084,0.078,0.084,0.053,0.083,0.078,0.083
0.084,0.078,0.084,0.052,0.084,0.078,0.084
0.083,0.078,0.083,0.052,0.084,0.078,0.084
0.083,0.078,0.083,0.052,0.085,0.078,0.084
0.083,0.078,0.083,0.052,0.085,0.078,0.085
0.083,0.078,0.083,0.052,0.085,0.078,0.085
0.082,0.078,0.082,0.052,0.086,0.078,0.086
0.082,0.078,0.082,0.052,0.086,0.078,0.086
0.082,0.078,0.082,0.052,0.086,0.078,0.086
0.082,0.078,0.082,0.052,0.086,0.078,0.086
0.081,0.078,0.081,0.052,0.086,0.078,0.086
0.081,0.078,0.081,0.052,0.086,0.078,0.086
0.081,0.078,0.081,0.052,0.086,0.078,0.086
0.081,0.078,0.081,0.052,0.086,0.078,0.086
0.081,0.078,0.081,0.051,0.086,0.078,0.086
0.081,0.078,0.081,0.051,0.086,0.078,0.086
0.081,0.078,0.081,0.051,0.086,0.078,0.086
0.081,0.078,0.081,0.051,0.085,0.078,0.085
0.081,0.078,0.081,0.051,0.085,0.078,0.085
0.081,0.077,0.081,0.051,0.085,0.077,0.085
0.081,0.077,0.081,0.05,0.084,0.077,0.084
0.081,0.077,0.081,0.05,0.084,0.077,0.084
0.081,0.077,0.081,0.049,0.083,0.077,0.083
0.081,0.077,0.081,0.049,0.083,0.077,0.083
0.081,0.076,0.081,0.048,0.082,0.076,0.082
0.081,0.076,0.081,0.048,0.081,0.076,0.081
0.081,0.076,0.081,0.047,0.081,0.076,0.081
0.081,0.076,0.081,0.046,0.08,0.076,0.08
0.08,0.076,0.08,0.046,0.079,0.076,0.079
0.08,0.076,0.08,0.045,0.079,0.076,0.079
0.08,0.076,0.08,0.044,0.078,0.076,0.078
0.08,0.076,0.08,0.043,0.078,0.076,0.078
0.08,0.076,0.08,0.042,0.077,0.076,0.077
0.08,0.076,0.08,0.041,0.077,0.076,0.077
0.079,0.076,0.079,0.04,0.076,0.076,0.076
0.079,0.076,0.079,0.039,0.076,0.076,0.076
0.079,0.077,0.079,0.038,0.076,0.077,0.076
0.079,0.077,0.079,0.036,0.075,0.077,0.075
0.078,0.077,0.078,0.035,0.075,0.077,0.075
0.078,0.078,0.078,0.034,0.075,0.078,0.075
0.078,0.078,0.078,0.033,0.075,0.078,0.075
0.078,0.079,0.078,0.032,0.075,0.078,0.075
0.077,0.079,0.077,0.031,0.076,0.079,0.076
0.077,0.079,0.077,0.03,0.076,0.079,0.076
0.077,0.08,0.077,0.029,0.076,0.08,0.076
0.077,0.081,0.077,0.028,0.077,0.081,0.077
0.077,0.081,0.077,0.027,0.077,0.081,0.077
0.077,0.082,0.077,0.027,0.078,0.082,0.078
0.077,0.082,0.077,0.026,0.078,0.082,0.078
0.077,0.083,0.077,0.025,0.079,0.083,0.079
0.077,0.083,0.077,0.025,0.079,0.083,0.079
0.077,0.084,0.077,0.024,0.08,0.084,0.08
0.078,0.084,0.078,0.024,0.081,0.084,0.081
0.078,0.085,0.078,0.024,0.081,0.085,0.081
0.078,0.085,0.078,0.024,0.082,0.085,0.082
0.079,0.086,0.079,0.023,0.083,0.086,0.083
0.079,0.086,0.079,0.023,0.083,0.086,0.083
0.08,0.087,0.08,0.023,0.084,0.087,0.084
0.08,0.087,0.08,0.023,0.084,0.087,0.084
0.081,0.088,0.081,0.023,0.084,0.088,0.084
0.081,0.088,0.081,0.023,0.085,0.088,0.085
0.082,0.089,0.082,0.023,0.085,0.089,0.085
0.082,0.089,0.082,0.023,0.085,0.089,0.085
0.083,0.089,0.083,0.023,0.085,0.089,0.085
0.083,0.09,0.083,0.024,0.085,0.09,0.085
0.083,0.09,0.083,0.024,0.085,0.09,0.085
0.083,0.09,0.083,0.024,0.085,0.09,0.085
0.084,0.091,0.084,0.024,0.084,0.091,0.084
0.084,0.091,0.084,0.024,0.084,0.091,0.084
0.083,0.091,0.083,0.024,0.084,0.091,0.084
0.083,0.091,0.083,0.025,0.083,0.091,0.083
0.083,0.091,0.083,0.025,0.083,0.092,0.083
0.082,0.092,0.082,0.025,0.082,0.092,0.082
0.082,0.092,0.082,0.026,0.082,0.092,0.082
0.081,0.092,0.081,0.026,0.081,0.092,0.081
0.08,0.091,0.08,0.027,0.081,0.091,0.081
0.08,0.091,0.08,0.027,0.08,0.091,0.08
0.079,0.091,0.079,0.028,0.08,0.091,0.08
0.078,0.091,0.078,0.028,0.079,0.091,0.079
0.077,0.09,0.077,0.029,0.079,0.09,0.079
0.076,0.09,0.076,0.03,0.078,0.09,0.078
0.075,0.089,0.075,0.031,0.078,0.089,0.078
0.074,0.089,0.074,0.032,0.078,0.089,0.077
0.074,0.088,0.074,0.033,0.077,0.088,0.077
0.073,0.088,0.073,0.034,0.077,0.088,0.077
0.073,0.087,0.073,0.035,0.077,0.087,0.077
0.072,0.086,0.072,0.037,0.076,0.086,0.076
0.072,0.086,0.072,0.038,0.076,0.086,0.076
0.072,0.085,0.072,0.04,0.076,0.085,0.076
0.073,0.085,0.073,0.041,0.076,0.085,0.076
0.073,0.084,0.073,0.043,0.076,0.084,0.076
0.074,0.084,0.074,0.045,0.076,0.084,0.076
0.075,0.084,0.075,0.046,0.076,0.084,0.076
0.076,0.083,0.076,0.048,0.075,0.083,0.075
0.077,0.083,0.077,0.05,0.075,0.083,0.075
0.078,0.084,0.078,0.052,0.075,0.083,0.075
0.08,0.084,0.08,0.054,0.075,0.084,0.075
0.082,0.084,0.082,0.056,0.075,0.084,0.075
0.083,0.085,0.083,0.058,0.075,0.085,0.075
0.085,0.085,0.085,0.06,0.075,0.085,0.075
0.087,0.086,0.087,0.062,0.075,0.086,0.075
0.089,0.087,0.089,0.063,0.075,0.087,0.075
0.091,0.088,0.091,0.065,0.076,0.088,0.076
0.093,0.088,0.093,0.067,0.076,0.088,0.076
0.094,0.09,0.094,0.068,0.076,0.09,0.076
0.096,0.091,0.096,0.07,0.077,0.091,0.077
0.097,0.092,0.097,0.071,0.077,0.092,0.077
0.099,0.093,0.099,0.072,0.078,0.093,0.078
0.1,0.094,0.1,0.073,0.078,0.094,0.078
0.101,0.095,0.101,0.073,0.079,0.095,0.079
0.101,0.096,0.101,0.074,0.08,0.096,0.08
0.102,0.097,0.102,0.074,0.08,0.097,0.08
0.102,0.098,0.102,0.075,0.081,0.098,0.081
0.102,0.098,0.102,0.075,0.082,0.098,0.082
0.102,0.099,0.102,0.075,0.083,0.099,0.083
0.101,0.099,0.101,0.074,0.084,0.099,0.084
0.101,0.1,0.101,0.074,0.085,0.1,0.085
0.1,0.1,0.1,0.074,0.086,0.1,0.086
0.099,0.1,0.099,0.073,0.087,0.1,0.087
0.098,0.1,0.098,0.072,0.088,0.1,0.088
0.097,0.099,0.097,0.072,0.089,0.099,0.089
0.096,0.099,0.096,0.071,0.09,0.099,0.09
0.095,0.099,0.095,0.07,0.091,0.099,0.091
0.094,0.098,0.094,0.069,0.092,0.098,0.092
0.094,0.097,0.094,0.069,0.093,0.097,0.093
0.093,0.097,0.093,0.068,0.094,0.097,0.094
0.092,0.096,0.092,0.067,0.095,0.096,0.095
0.092,0.095,0.092,0.067,0.096,0.095,0.096
0.091,0.095,0.091,0.067,0.097,0.095,0.097
0.091,0.094,0.091,0.066,0.098,0.094,0.098
0.091,0.094,0.091,0.066,0.098,0.094,0.098
0.091,0.093,0.091,0.066,0.099,0.093,0.099
0.092,0.093,0.092,0.066,0.099,0.093,0.099
0.092,0.092,0.092,0.066,0.1,0.092,0.1
0.093,0.092,0.093,0.066,0.1,0.092,0.1
0.094,0.092,0.094,0.067,0.101,0.092,0.101
0.095,0.092,0.095,0.067,0.101,0.092,0.101
0.097,0.092,0.097,0.068,0.102,0.092,0.102
0.098,0.093,0.098,0.069,0.102,0.093,0.102
0.1,0.093,0.1,0.069,0.102,0.093,0.102
0.102,0.094,0.102,0.07,0.103,0.094,0.103
0.104,0.094,0.104,0.071,0.103,0.094,0.103
0.106,0.095,0.106,0.072,0.103,0.095,0.103
0.108,0.096,0.108,0.073,0.104,0.096,0.104
0.11,0.097,0.11,0.074,0.104,0.097,0.104
0.112,0.098,0.112,0.076,0.104,0.098,0.104
0.115,0.099,0.115,0.077,0.105,0.099,0.105
0.117,0.1,0.117,0.077,0.105,0.1,0.105
0.119,0.101,0.119,0.078,0.105,0.101,0.105
0.121,0.102,0.121,0.079,0.106,0.102,0.106
0.123,0.103,0.123,0.08,0.106,0.104,0.106
0.125,0.105,0.125,0.081,0.107,0.105,0.107
0.127,0.106,0.127,0.081,0.107,0.106,0.107
0.129,0.107,0.129,0.082,0.108,0.107,0.108
0.13,0.108,0.13,0.082,0.108,0.108,0.108
0.132,0.109,0.132,0.082,0.109,0.109,0.109
0.133,0.11,0.133,0.082,0.11,0.11,0.11
0.134,0.11,0.134,0.082,0.11,0.11,0.11
0.135,0.111,0.135,0.082,0.111,0.111,0.111
0.136,0.112,0.136,0.081,0.112,0.112,0.112
0.137,0.113,0.137,0.081,0.112,0.113,0.112
0.138,0.114,0.138,0.08,0.113,0.114,0.113
0.138,0.115,0.138,0.08,0.114,0.115,0.114
0.139,0.115,0.139,0.079,0.115,0.115,0.115
0.139,0.116,0.139,0.079,0.115,0.116,0.115
0.14,0.117,0.14,0.078,0.116,0.117,0.116
0.14,0.118,0.14,0.077,0.117,0.118,0.117
0.141,0.119,0.141,0.076,0.118,0.119,0.118
0.141,0.119,0.141,0.076,0.119,0.119,0.119
0.141,0.12,0.141,0.075,0.119,0.12,0.119
0.142,0.121,0.142,0.075,0.12,0.121,0.12
0.143,0.122,0.143,0.075,0.121,0.122,0.121
0.143,0.123,0.143,0.074,0.122,0.123,0.122
0.144,0.124,0.144,0.074,0.123,0.124,0.123
0.145,0.124,0.145,0.074,0.124,0.124,0.124
0.146,0.125,0.146,0.074,0.124,0.125,0.124
0.148,0.126,0.148,0.075,0.125,0.126,0.125
0.149,0.127,0.149,0.075,0.126,0.127,0.126
0.151,0.127,0.151,0.076,0.127,0.127,0.127
0.153,0.128,0.153,0.077,0.128,0.128,0.128
0.154,0.129,0.154,0.078,0.129,0.129,0.129
0.156,0.129,0.156,0.079,0.13,0.129,0.13
0.159,0.13,0.159,0.081,0.131,0.13,0.131
0.161,0.131,0.161,0.082,0.132,0.13,0.132
0.163,0.131,0.163,0.084,0.133,0.131,0.133
0.165,0.131,0.165,0.086,0.134,0.131,0.134
0.167,0.132,0.167,0.088,0.135,0.132,0.135
0.169,0.132,0.169,0.089,0.136,0.132,0.136
0.172,0.133,0.172,0.091,0.136,0.133,0.136
0.174,0.133,0.174,0.093,0.137,0.133,0.137
0.176,0.133,0.176,0.095,0.138,0.134,0.138
0.178,0.134,0.178,0.098,0.139,0.134,0.139
0.179,0.134,0.179,0.1,0.14,0.134,0.14
0.181,0.134,0.181,0.101,0.14,0.135,0.14
0.183,0.135,0.183,0.103,0.141,0.135,0.141
0.184,0.135,0.184,0.105,0.141,0.135,0.141
0.185,0.135,0.185,0.107,0.142,0.135,0.142
0.186,0.136,0.186,0.108,0.142,0.136,0.142
0.187,0.136,0.187,0.11,0.143,0.136,0.143
0.188,0.136,0.188,0.111,0.143,0.136,0.143
0.188,0.136,0.188,0.113,0.143,0.136,0.143
0.189,0.137,0.189,0.114,0.143,0.137,0.143
0.189,0.137,0.189,0.115,0.143,0.137,0.143
0.189,0.137,0.189,0.116,0.143,0.137,0.143
0.19,0.137,0.19,0.117,0.143,0.137,0.143
0.19,0.137,0.19,0.118,0.143,0.137,0.143
0.19,0.137,0.19,0.118,0.144,0.137,0.144
0.19,0.137,0.19,0.119,0.144,0.137,0.144
0.19,0.137,0.19,0.12,0.144,0.137,0.144
0.19,0.137,0.19,0.12,0.144,0.137,0.144
0.19,0.137,0.19,0.121,0.144,0.137,0.144
0.19,0.137,0.19,0.121,0.144,0.137,0.144
0.19,0.137,0.19,0.122,0.145,0.137,0.145
0.19,0.137,0.19,0.123,0.145,0.137,0.145
0.19,0.137,0.19,0.123,0.146,0.137,0.146
0.19,0.137,0.19,0.124,0.147,0.136,0.147
0.19,0.136,0.19,0.125,0.148,0.136,0.148
0.191,0.136,0.191,0.126,0.149,0.136,0.149
0.191,0.136,0.191,0.127,0.15,0.136,0.15
0.192,0.136,0.192,0.128,0.151,0.136,0.151
0.193,0.136,0.193,0.129,0.152,0.136,0.152
0.194,0.136,0.194,0.131,0.154,0.136,0.154
0.195,0.136,0.195,0.132,0.155,0.136,0.155
0.196,0.136,0.196,0.134,0.157,0.136,0.157
0.197,0.136,0.197,0.135,0.158,0.136,0.158
0.198,0.136,0.198,0.137,0.16,0.136,0.16
0.199,0.136,0.199,0.138,0.162,0.136,0.162
0.2,0.137,0.2,0.14,0.163,0.137,0.163
0.202,0.137,0.202,0.142,0.164,0.137,0.164
0.203,0.138,0.203,0.143,0.166,0.138,0.166
0.204,0.138,0.204,0.145,0.167,0.138,0.167
0.206,0.139,0.206,0.147,0.168,0.139,0.168
0.207,0.14,0.207,0.149,0.169,0.14,0.169
0.208,0.141,0.208,0.15,0.17,0.141,0.17
0.21,0.142,0.21,0.152,0.171,0.142,0.171
0.211,0.142,0.211,0.153,0.172,0.143,0.172
0.212,0.144,0.212,0.155,0.172,0.144,0.172
0.213,0.145,0.213,0.156,0.173,0.145,0.173
0.214,0.146,0.214,0.158,0.173,0.146,0.173
0.215,0.147,0.215,0.159,0.174,0.147,0.173
0.216,0.148,0.216,0.16,0.174,0.148,0.174
0.216,0.149,0.216,0.162,0.174,0.149,0.174
0.217,0.151,0.217,0.163,0.174,0.151,0.174
0.217,0.152,0.217,0.164,0.174,0.152,0.174
0.218,0.153,0.218,0.165,0.174,0.153,0.174
0.218,0.154,0.218,0.166,0.174,0.154,0.174
0.218,0.156,0.218,0.167,0.174,0.156,0.174
0.218,0.157,0.218,0.168,0.174,0.157,0.174
0.218,0.158,0.218,0.17,0.174,0.158,0.174
0.217,0.16,0.217,0.171,0.174,0.16,0.174
0.217,0.161,0.217,0.172,0.174,0.161,0.174
0.217,0.162,0.217,0.173,0.174,0.162,0.174
0.216,0.164,0.216,0.174,0.175,0.164,0.175
0.216,0.165,0.216,0.176,0.175,0.165,0.175
0.216,0.166,0.216,0.177,0.175,0.166,0.175
0.215,0.168,0.215,0.178,0.176,0.168,0.176
0.215,0.169,0.215,0.18,0.176,0.169,0.176
0.214,0.17,0.214,0.181,0.177,0.17,0.177
0.214,0.171,0.214,0.183,0.177,0.171,0.177
0.214,0.173,0.214,0.184,0.178,0.173,0.178
0.213,0.174,0.213,0.186,0.179,0.174,0.179
0.213,0.175,0.213,0.187,0.179,0.175,0.179
0.213,0.176,0.213,0.188,0.18,0.176,0.18
0.213,0.177,0.213,0.19,0.181,0.177,0.181
0.213,0.178,0.213,0.191,0.181,0.178,0.181
0.213,0.179,0.213,0.193,0.182,0.179,0.182
0.213,0.18,0.213,0.194,0.182,0.18,0.182
0.214,0.181,0.214,0.195,0.183,0.181,0.183
0.214,0.182,0.214,0.196,0.183,0.182,0.183
0.214,0.183,0.214,0.198,0.184,0.183,0.184
0.215,0.183,0.215,0.199,0.184,0.183,0.184
0.215,0.184,0.215,0.2,0.185,0.184,0.185
0.216,0.185,0.216,0.2,0.185,0.185,0.185
0.216,0.185,0.216,0.201,0.185,0.185,0.185
0.217,0.186,0.217,0.202,0.185,0.186,0.185
0.218,0.186,0.218,0.202,0.185,0.186,0.185
0.218,0.187,0.218,0.203,0.185,0.187,0.185
0.219,0.187,0.219,0.203,0.185,0.187,0.185
0.219,0.187,0.219,0.203,0.185,0.187,0.185
0.22,0.188,0.22,0.203,0.185,0.188,0.185
0.22,0.188,0.22,0.203,0.185,0.188,0.185
0.22,0.188,0.22,0.203,0.185,0.188,0.185
0.221,0.188,0.221,0.203,0.185,0.188,0.185
0.221,0.189,0.221,0.202,0.185,0.189,0.185
0.221,0.189,0.221,0.202,0.185,0.189,0.185
0.221,0.189,0.221,0.201,0.185,0.189,0.185
0.221,0.189,0.221,0.201,0.185,0.189,0.185
0.22,0.189,0.22,0.2,0.184,0.189,0.184
0.22,0.189,0.22,0.2,0.184,0.189,0.184
0.219,0.189,0.219,0.199,0.184,0.189,0.184
0.219,0.189,0.219,0.199,0.184,0.189,0.184
0.218,0.189,0.218,0.198,0.184,0.189,0.184
0.217,0.19,0.217,0.198,0.184,0.189,0.184
0.216,0.19,0.216,0.197,0.185,0.19,0.185
0.215,0.19,0.215,0.197,0.185,0.19,0.185
0.214,0.19,0.214,0.197,0.185,0.19,0.185
0.213,0.19,0.213,0.196,0.185,0.19,0.185
0.212,0.19,0.212,0.196,0.185,0.19,0.185
0.211,0.19,0.211,0.197,0.186,0.19,0.186
0.209,0.19,0.209,0.197,0.186,0.19,0.186
0.208,0.19,0.208,0.197,0.186,0.19,0.186
0.207,0.19,0.207,0.198,0.187,0.19,0.187
0.206,0.19,0.206,0.198,0.187,0.19,0.187
0.204,0.19,0.204,0.199,0.187,0.19,0.187
0.203,0.191,0.203,0.2,0.188,0.191,0.188
0.202,0.191,0.202,0.201,0.188,0.191,0.188
0.201,0.191,0.201,0.202,0.188,0.191,0.188
0.2,0.192,0.2,0.203,0.188,0.192,0.188
0.199,0.192,0.199,0.205,0.189,0.192,0.189
0.198,0.193,0.198,0.206,0.189,0.193,0.189
0.197,0.193,0.197,0.207,0.189,0.193,0.189
0.196,0.193,0.196,0.208,0.189,0.193,0.189
0.195,0.194,0.195,0.21,0.189,0.194,0.189
0.194,0.194,0.194,0.211,0.188,0.194,0.188
0.193,0.194,0.193,0.212,0.188,0.194,0.188
0.192,0.195,0.192,0.213,0.188,0.195,0.188
0.191,0.195,0.191,0.214,0.187,0.195,0.187
0.19,0.195,0.19,0.214,0.187,0.195,0.187
0.189,0.195,0.189,0.215,0.186,0.195,0.186
0.188,0.194,0.188,0.215,0.185,0.194,0.185
0.187,0.194,0.187,0.215,0.184,0.194,0.184
0.186,0.193,0.186,0.215,0.183,0.193,0.183
0.185,0.193,0.185,0.215,0.182,0.193,0.182
0.184,0.192,0.184,0.215,0.181,0.192,0.181
0.183,0.191,0.183,0.214,0.179,0.191,0.179
0.181,0.189,0.181,0.213,0.178,0.189,0.178
0.18,0.188,0.18,0.212,0.176,0.188,0.176
0.179,0.186,0.179,0.211,0.175,0.186,0.175
0.177,0.184,0.177,0.21,0.173,0.184,0.173
0.176,0.182,0.176,0.208,0.171,0.182,0.171
0.175,0.18,0.175,0.207,0.17,0.18,0.17
0.173,0.178,0.173,0.205,0.168,0.178,0.168
0.172,0.175,0.172,0.203,0.166,0.175,0.166
0.17,0.173,0.17,0.201,0.164,0.173,0.164
0.169,0.17,0.169,0.199,0.163,0.17,0.163
0.168,0.168,0.168,0.197,0.161,0.168,0.161
0.166,0.165,0.166,0.195,0.159,0.165,0.159
0.165,0.162,0.165,0.193,0.157,0.162,0.157
0.164,0.159,0.164,0.192,0.156,0.159,0.156
0.162,0.157,0.162,0.19,0.154,0.157,0.154
0.161,0.154,0.161,0.188,0.152,0.154,0.152
0.16,0.152,0.16,0.186,0.151,0.152,0.151
0.159,0.149,0.159,0.185,0.15,0.149,0.15
0.158,0.147,0.158,0.184,0.148,0.147,0.148
0.157,0.145,0.157,0.182,0.147,0.145,0.147
0.156,0.143,0.156,0.181,0.146,0.143,0.146
0.155,0.141,0.155,0.18,0.144,0.141,0.144
0.154,0.139,0.154,0.179,0.143,0.139,0.143
0.153,0.137,0.153,0.178,0.142,0.137,0.142
0.152,0.135,0.152,0.178,0.141,0.135,0.141
0.152,0.134,0.152,0.177,0.14,0.134,0.14
0.151,0.133,0.151,0.176,0.139,0.133,0.139
0.15,0.131,0.15,0.176,0.137,0.131,0.137
0.149,0.13,0.149,0.175,0.136,0.13,0.136
0.148,0.129,0.148,0.175,0.135,0.129,0.135
0.147,0.128,0.147,0.174,0.134,0.128,0.134
0.146,0.127,0.146,0.174,0.133,0.127,0.133
0.144,0.125,0.144,0.173,0.131,0.126,0.131
0.143,0.124,0.143,0.173,0.13,0.124,0.13
0.142,0.123,0.142,0.172,0.128,0.123,0.128
0.14,0.122,0.14,0.171,0.127,0.122,0.127
0.139,0.12,0.139,0.17,0.125,0.12,0.125
0.137,0.119,0.137,0.169,0.123,0.119,0.123
0.135,0.117,0.135,0.168,0.121,0.117,0.121
0.133,0.115,0.133,0.166,0.119,0.115,0.119
0.131,0.113,0.131,0.165,0.117,0.113,0.117
0.129,0.111,0.129,0.163,0.115,0.111,0.115
0.127,0.109,0.127,0.162,0.112,0.109,0.112
0.125,0.106,0.125,0.16,0.11,0.106,0.11
0.123,0.104,0.123,0.158,0.107,0.104,0.107
0.12,0.101,0.12,0.156,0.104,0.101,0.104
0.118,0.098,0.118,0.154,0.101,0.098,0.101
0.115,0.095,0.115,0.152,0.099,0.095,0.099
0.113,0.092,0.113,0.15,0.096,0.092,0.096
0.11,0.089,0.11,0.147,0.093,0.089,0.093
0.108,0.085,0.108,0.145,0.09,0.085,0.09
0.105,0.082,0.105,0.143,0.087,0.082,0.087
0.103,0.078,0.103,0.14,0.084,0.078,0.084
0.101,0.075,0.101,0.138,0.081,0.075,0.081
0.098,0.071,0.098,0.136,0.078,0.071,0.078
0.096,0.068,0.096,0.134,0.075,0.068,0.075
0.094,0.064,0.094,0.131,0.073,0.064,0.073
0.091,0.061,0.091,0.129,0.07,0.061,0.07
0.089,0.058,0.089,0.127,0.067,0.058,0.067
0.087,0.054,0.087,0.125,0.065,0.054,0.065
0.085,0.051,0.085,0.123,0.063,0.051,0.063
0.083,0.048,0.083,0.121,0.06,0.048,0.06
0.081,0.045,0.081,0.119,0.058,0.045,0.058
0.079,0.043,0.079,0.117,0.056,0.043,0.056
0.078,0.04,0.078,0.115,0.054,0.04,0.054
0.076,0.037,0.076,0.113,0.053,0.037,0.053
0.074,0.035,0.074,0.111,0.051,0.035,0.051
0.072,0.033,0.072,0.109,0.049,0.033,0.049
0.07,0.031,0.07,0.107,0.048,0.031,0.048
0.068,0.029,0.068,0.105,0.046,0.029,0.046
0.066,0.027,0.066,0.103,0.045,0.027,0.045
0.064,0.025,0.064,0.101,0.043,0.025,0.043
0.062,0.023,0.062,0.098,0.042,0.023,0.042
0.06,0.022,0.06,0.096,0.04,0.022,0.04
0.057,0.02,0.057,0.094,0.039,0.02,0.039
0.055,0.018,0.055,0.091,0.037,0.019,0.037
0.053,0.017,0.053,0.088,0.035,0.017,0.035
0.05,0.015,0.05,0.085,0.034,0.015,0.034
0.048,0.014,0.048,0.083,0.032,0.014,0.032
0.045,0.012,0.045,0.08,0.03,0.012,0.03
0.042,0.01,0.042,0.077,0.028,0.01,0.028
0.04,0.009,0.04,0.073,0.026,0.009,0.026
0.037,0.007,0.037,0.07,0.024,0.007,0.024
0.035,0.005,0.035,0.067,0.022,0.005,0.022
0.032,0.003,0.032,0.064,0.019,0.003,0.019
0.029,0.001,0.029,0.06,0.017,0.001,0.017
0.027,0,0.027,0.057,0.014,-0.001,0.014
0.024,-0.002,0.024,0.054,0.012,-0.002,0.012
0.022,-0.004,0.022,0.05,0.009,-0.004,0.009
0.019,-0.006,0.019,0.047,0.006,-0.006,0.006
0.017,-0.008,0.017,0.044,0.004,-0.008,0.004
0.014,-0.01,0.014,0.041,0.001,-0.01,0.001
0.012,-0.012,0.012,0.038,-0.002,-0.012,-0.002
0.01,-0.014,0.01,0.035,-0.005,-0.014,-0.005
0.008,-0.016,0.008,0.032,-0.007,-0.016,-0.007
0.006,-0.018,0.006,0.03,-0.01,-0.018,-0.01
0.004,-0.019,0.004,0.027,-0.013,-0.019,-0.013
0.002,-0.021,0.002,0.025,-0.015,-0.021,-0.015
0,-0.023,0,0.022,-0.018,-0.023,-0.018
-0.002,-0.024,-0.002,0.02,-0.02,-0.024,-0.02
-0.004,-0.026,-0.004,0.018,-0.022,-0.026,-0.022
-0.006,-0.027,-0.006,0.016,-0.025,-0.027,-0.025
-0.008,-0.029,-0.008,0.014,-0.027,-0.029,-0.027
-0.01,-0.03,-0.01,0.013,-0.029,-0.03,-0.029
-0.012,-0.031,-0.012,0.011,-0.03,-0.031,-0.03
-0.014,-0.032,-0.014,0.009,-0.032,-0.032,-0.032
-0.016,-0.033,-0.016,0.008,-0.034,-0.033,-0.034
-0.017,-0.034,-0.017,0.006,-0.035,-0.034,-0.035
-0.019,-0.035,-0.019,0.005,-0.037,-0.035,-0.037
-0.021,-0.035,-0.021,0.003,-0.038,-0.035,-0.038
-0.023,-0.036,-0.023,0.002,-0.039,-0.036,-0.039
-0.025,-0.037,-0.025,0,-0.04,-0.037,-0.04
-0.027,-0.037,-0.027,-0.001,-0.041,-0.037,-0.041
-0.028,-0.038,-0.028,-0.002,-0.042,-0.038,-0.042
-0.03,-0.038,-0.03,-0.004,-0.043,-0.038,-0.043
-0.032,-0.039,-0.032,-0.005,-0.044,-0.039,-0.044
-0.034,-0.039,-0.034,-0.007,-0.045,-0.039,-0.045
-0.035,-0.04,-0.035,-0.008,-0.046,-0.04,-0.046
-0.037,-0.04,-0.037,-0.01,-0.047,-0.04,-0.047
-0.039,-0.041,-0.039,-0.012,-0.048,-0.041,-0.048
-0.04,-0.041,-0.04,-0.013,-0.049,-0.041,-0.049
-0.042,-0.041,-0.042,-0.015,-0.05,-0.041,-0.05
-0.043,-0.042,-0.043,-0.016,-0.051,-0.042,-0.051
-0.045,-0.042,-0.045,-0.018,-0.052,-0.042,-0.052
-0.046,-0.043,-0.046,-0.02,-0.053,-0.043,-0.053
-0.048,-0.043,-0.048,-0.022,-0.055,-0.043,-0.055
-0.049,-0.044,-0.049,-0.023,-0.056,-0.044,-0.056
-0.051,-0.044,-0.051,-0.025,-0.057,-0.044,-0.057
-0.052,-0.045,-0.052,-0.027,-0.058,-0.045,-0.058
-0.053,-0.045,-0.053,-0.028,-0.06,-0.045,-0.06
-0.055,-0.046,-0.055,-0.03,-0.061,-0.046,-0.061
-0.056,-0.046,-0.056,-0.031,-0.062,-0.046,-0.062
-0.057,-0.047,-0.057,-0.033,-0.064,-0.047,-0.064
-0.059,-0.048,-0.059,-0.034,-0.065,-0.048,-0.065
-0.06,-0.048,-0.06,-0.035,-0.067,-0.048,-0.067
-0.061,-0.049,-0.061,-0.036,-0.068,-0.049,-0.068
-0.062,-0.049,-0.062,-0.038,-0.07,-0.049,-0.07
-0.063,-0.05,-0.063,-0.039,-0.071,-0.05,-0.071
-0.064,-0.051,-0.064,-0.04,-0.073,-0.051,-0.073
-0.065,-0.051,-0.065,-0.04,-0.074,-0.051,-0.074
-0.066,-0.052,-0.066,-0.041,-0.076,-0.052,-0.076
-0.067,-0.052,-0.067,-0.042,-0.077,-0.052,-0.077
-0.067,-0.053,-0.067,-0.043,-0.078,-0.053,-0.078
-0.068,-0.053,-0.068,-0.043,-0.08,-0.053,-0.08
-0.068,-0.054,-0.068,-0.044,-0.081,-0.054,-0.081
-0.069,-0.054,-0.069,-0.044,-0.082,-0.054,-0.082
-0.069,-0.055,-0.069,-0.045,-0.083,-0.055,-0.083
-0.069,-0.055,-0.069,-0.045,-0.084,-0.055,-0.084
-0.069,-0.055,-0.069,-0.046,-0.085,-0.055,-0.085
-0.069,-0.056,-0.069,-0.046,-0.086,-0.056,-0.086
-0.069,-0.056,-0.069,-0.046,-0.087,-0.056,-0.087
-0.069,-0.056,-0.069,-0.047,-0.088,-0.056,-0.088
-0.068,-0.056,-0.068,-0.047,-0.089,-0.056,-0.089
-0.068,-0.056,-0.068,-0.048,-0.089,-0.056,-0.089
-0.068,-0.056,-0.068,-0.048,-0.09,-0.056,-0.09
-0.068,-0.056,-0.068,-0.049,-0.09,-0.056,-0.09
-0.067,-0.056,-0.067,-0.05,-0.09,-0.056,-0.09
-0.067,-0.056,-0.067,-0.05,-0.091,-0.056,-0.091
-0.067,-0.056,-0.067,-0.051,-0.091,-0.056,-0.091
-0.067,-0.056,-0.067,-0.051,-0.091,-0.056,-0.091
-0.067,-0.056,-0.067,-0.052,-0.091,-0.056,-0.091
-0.068,-0.056,-0.068,-0.053,-0.091,-0.056,-0.091
-0.068,-0.056,-0.068,-0.054,-0.091,-0.056,-0.091
-0.068,-0.056,-0.068,-0.054,-0.091,-0.056,-0.091
-0.069,-0.056,-0.069,-0.055,-0.09,-0.056,-0.09
-0.07,-0.056,-0.07,-0.056,-0.09,-0.056,-0.09
-0.071,-0.056,-0.071,-0.056,-0.09,-0.056,-0.09
-0.072,-0.056,-0.072,-0.057,-0.09,-0.056,-0.09
-0.073,-0.056,-0.073,-0.058,-0.09,-0.056,-0.09
-0.074,-0.056,-0.074,-0.058,-0.09,-0.056,-0.09
-0.075,-0.056,-0.075,-0.059,-0.09,-0.056,-0.09
-0.076,-0.056,-0.076,-0.059,-0.09,-0.056,-0.09
-0.078,-0.057,-0.078,-0.06,-0.09,-0.057,-0.09
-0.079,-0.057,-0.079,-0.06,-0.09,-0.057,-0.09
-0.081,-0.058,-0.081,-0.061,-0.09,-0.058,-0.09
-0.082,-0.059,-0.082,-0.061,-0.09,-0.059,-0.09
-0.084,-0.06,-0.084,-0.061,-0.09,-0.06,-0.09
-0.085,-0.061,-0.085,-0.062,-0.091,-0.061,-0.091
-0.086,-0.062,-0.086,-0.062,-0.091,-0.062,-0.091
-0.088,-0.063,-0.088,-0.062,-0.091,-0.063,-0.091
-0.089,-0.064,-0.089,-0.062,-0.091,-0.064,-0.091
-0.09,-0.066,-0.09,-0.063,-0.092,-0.066,-0.092
-0.091,-0.067,-0.091,-0.063,-0.092,-0.067,-0.092
-0.092,-0.068,-0.092,-0.064,-0.092,-0.068,-0.092
-0.093,-0.07,-0.093,-0.064,-0.092,-0.07,-0.092
-0.094,-0.071,-0.094,-0.064,-0.093,-0.071,-0.093
-0.094,-0.073,-0.094,-0.065,-0.093,-0.073,-0.093
-0.095,-0.074,-0.095,-0.066,-0.093,-0.074,-0.093
-0.095,-0.076,-0.095,-0.066,-0.093,-0.076,-0.093
-0.095,-0.077,-0.095,-0.067,-0.093,-0.077,-0.093
-0.095,-0.078,-0.095,-0.068,-0.093,-0.078,-0.093
-0.095,-0.08,-0.095,-0.069,-0.093,-0.08,-0.093
-0.095,-0.081,-0.095,-0.07,-0.092,-0.081,-0.092
-0.095,-0.082,-0.095,-0.071,-0.092,-0.081,-0.092
-0.095,-0.082,-0.095,-0.072,-0.092,-0.082,-0.092
-0.094,-0.083,-0.094,-0.073,-0.091,-0.083,-0.091
-0.094,-0.083,-0.094,-0.074,-0.091,-0.083,-0.091
-0.094,-0.083,-0.094,-0.075,-0.091,-0.083,-0.091
-0.093,-0.084,-0.093,-0.076,-0.09,-0.084,-0.09
-0.093,-0.084,-0.093,-0.077,-0.09,-0.084,-0.09
-0.092,-0.083,-0.092,-0.078,-0.089,-0.083,-0.089
-0.092,-0.083,-0.092,-0.079,-0.089,-0.083,-0.089
-0.091,-0.082,-0.091,-0.08,-0.089,-0.082,-0.089
-0.091,-0.082,-0.091,-0.081,-0.088,-0.082,-0.088
-0.091,-0.081,-0.091,-0.081,-0.088,-0.081,-0.088
-0.09,-0.081,-0.09,-0.081,-0.088,-0.081,-0.088
-0.09,-0.08,-0.09,-0.082,-0.088,-0.08,-0.088
-0.09,-0.079,-0.09,-0.082,-0.088,-0.079,-0.088
-0.09,-0.078,-0.09,-0.082,-0.088,-0.078,-0.088
-0.09,-0.077,-0.09,-0.081,-0.088,-0.077,-0.088
-0.09,-0.076,-0.09,-0.081,-0.088,-0.076,-0.088
-0.09,-0.076,-0.09,-0.08,-0.088,-0.076,-0.088
-0.091,-0.075,-0.091,-0.08,-0.088,-0.075,-0.088
-0.091,-0.074,-0.091,-0.079,-0.089,-0.074,-0.089
-0.091,-0.074,-0.091,-0.078,-0.089,-0.074,-0.089
-0.092,-0.073,-0.092,-0.077,-0.089,-0.073,-0.089
-0.092,-0.073,-0.092,-0.075,-0.09,-0.073,-0.09
-0.092,-0.072,-0.092,-0.074,-0.09,-0.072,-0.09
-0.093,-0.072,-0.093,-0.073,-0.091,-0.072,-0.091
-0.093,-0.072,-0.093,-0.071,-0.091,-0.072,-0.091
-0.094,-0.071,-0.094,-0.07,-0.092,-0.071,-0.092
-0.094,-0.071,-0.094,-0.068,-0.092,-0.071,-0.092
-0.095,-0.071,-0.095,-0.067,-0.093,-0.071,-0.093
-0.095,-0.071,-0.095,-0.065,-0.093,-0.071,-0.093
-0.096,-0.071,-0.096,-0.064,-0.094,-0.071,-0.094
-0.096,-0.071,-0.096,-0.062,-0.094,-0.071,-0.094
-0.096,-0.071,-0.096,-0.061,-0.094,-0.071,-0.094
-0.097,-0.071,-0.097,-0.059,-0.094,-0.071,-0.094
-0.097,-0.071,-0.097,-0.058,-0.094,-0.071,-0.094
-0.097,-0.072,-0.097,-0.057,-0.094,-0.072,-0.094
-0.097,-0.072,-0.097,-0.056,-0.094,-0.072,-0.094
-0.097,-0.072,-0.097,-0.055,-0.094,-0.072,-0.094
-0.097,-0.072,-0.097,-0.055,-0.094,-0.072,-0.094
-0.096,-0.072,-0.096,-0.054,-0.094,-0.072,-0.094
-0.096,-0.073,-0.096,-0.054,-0.094,-0.073,-0.094
-0.096,-0.073,-0.096,-0.053,-0.093,-0.073,-0.093
-0.095,-0.073,-0.095,-0.053,-0.093,-0.073,-0.093
-0.095,-0.074,-0.095,-0.054,-0.092,-0.074,-0.092
-0.094,-0.074,-0.094,-0.054,-0.092,-0.074,-0.092
-0.093,-0.074,-0.093,-0.054,-0.091,-0.074,-0.091
-0.092,-0.075,-0.092,-0.055,-0.091,-0.075,-0.091
-0.091,-0.075,-0.091,-0.056,-0.091,-0.075,-0.091
-0.09,-0.075,-0.09,-0.057,-0.09,-0.075,-0.09
-0.089,-0.076,-0.089,-0.058,-0.09,-0.076,-0.09
-0.088,-0.076,-0.088,-0.059,-0.09,-0.076,-0.09
-0.087,-0.076,-0.087,-0.06,-0.09,-0.076,-0.09
-0.086,-0.076,-0.086,-0.061,-0.09,-0.076,-0.09
-0.085,-0.076,-0.085,-0.063,-0.09,-0.076,-0.09
-0.084,-0.076,-0.084,-0.064,-0.09,-0.076,-0.09
-0.083,-0.076,-0.083,-0.066,-0.09,-0.076,-0.09
-0.082,-0.076,-0.082,-0.067,-0.09,-0.076,-0.09
-0.081,-0.075,-0.081,-0.069,-0.09,-0.075,-0.09
-0.08,-0.075,-0.08,-0.07,-0.09,-0.075,-0.09
-0.079,-0.074,-0.079,-0.071,-0.091,-0.074,-0.091
-0.078,-0.074,-0.078,-0.073,-0.091,-0.074,-0.091
-0.077,-0.073,-0.077,-0.074,-0.091,-0.073,-0.091
-0.076,-0.073,-0.076,-0.075,-0.091,-0.073,-0.091
-0.075,-0.072,-0.075,-0.076,-0.092,-0.072,-0.092
-0.074,-0.071,-0.074,-0.077,-0.092,-0.071,-0.092
-0.073,-0.07,-0.073,-0.077,-0.092,-0.07,-0.092
-0.072,-0.069,-0.072,-0.078,-0.092,-0.069,-0.092
-0.072,-0.068,-0.072,-0.078,-0.092,-0.068,-0.092
-0.071,-0.067,-0.071,-0.078,-0.092,-0.067,-0.092
-0.07,-0.066,-0.07,-0.078,-0.092,-0.066,-0.092
-0.07,-0.066,-0.07,-0.077,-0.091,-0.066,-0.091
-0.069,-0.065,-0.069,-0.077,-0.091,-0.065,-0.091
-0.069,-0.064,-0.069,-0.076,-0.09,-0.064,-0.09
-0.068,-0.063,-0.068,-0.075,-0.09,-0.063,-0.09
-0.068,-0.063,-0.068,-0.074,-0.089,-0.063,-0.089
-0.067,-0.062,-0.067,-0.073,-0.088,-0.062,-0.088
-0.067,-0.062,-0.067,-0.072,-0.088,-0.062,-0.088
-0.066,-0.061,-0.066,-0.071,-0.087,-0.061,-0.087
-0.066,-0.061,-0.066,-0.069,-0.086,-0.061,-0.086
-0.066,-0.061,-0.066,-0.068,-0.085,-0.061,-0.085
-0.065,-0.061,-0.065,-0.067,-0.084,-0.061,-0.084
-0.065,-0.061,-0.065,-0.065,-0.084,-0.061,-0.084
-0.064,-0.061,-0.064,-0.064,-0.083,-0.061,-0.083
-0.064,-0.062,-0.064,-0.063,-0.082,-0.062,-0.082
-0.064,-0.062,-0.064,-0.062,-0.082,-0.062,-0.082
-0.063,-0.063,-0.063,-0.061,-0.081,-0.063,-0.081
-0.063,-0.063,-0.063,-0.06,-0.08,-0.063,-0.08
-0.063,-0.064,-0.063,-0.059,-0.08,-0.064,-0.08
-0.062,-0.065,-0.062,-0.059,-0.08,-0.065,-0.08
-0.062,-0.066,-0.062,-0.058,-0.079,-0.066,-0.079
-0.062,-0.067,-0.062,-0.058,-0.079,-0.067,-0.079
-0.061,-0.068,-0.061,-0.058,-0.079,-0.068,-0.079
-0.061,-0.068,-0.061,-0.058,-0.079,-0.068,-0.079
-0.06,-0.069,-0.06,-0.058,-0.079,-0.069,-0.079
-0.06,-0.07,-0.06,-0.059,-0.08,-0.07,-0.08
-0.059,-0.071,-0.059,-0.059,-0.08,-0.071,-0.08
-0.059,-0.071,-0.059,-0.06,-0.08,-0.071,-0.08
-0.058,-0.072,-0.058,-0.06,-0.08,-0.072,-0.08
-0.058,-0.072,-0.058,-0.061,-0.081,-0.072,-0.081
-0.057,-0.072,-0.057,-0.061,-0.081,-0.072,-0.081
-0.057,-0.072,-0.057,-0.062,-0.081,-0.072,-0.081
-0.057,-0.072,-0.057,-0.063,-0.082,-0.072,-0.082
-0.056,-0.072,-0.056,-0.063,-0.082,-0.072,-0.082
-0.056,-0.072,-0.056,-0.064,-0.082,-0.072,-0.082
-0.056,-0.071,-0.056,-0.064,-0.083,-0.071,-0.083
-0.055,-0.071,-0.055,-0.064,-0.083,-0.071,-0.083
-0.055,-0.07,-0.055,-0.065,-0.083,-0.07,-0.083
-0.055,-0.069,-0.055,-0.065,-0.083,-0.069,-0.083
-0.055,-0.068,-0.055,-0.065,-0.083,-0.068,-0.083
-0.055,-0.067,-0.055,-0.065,-0.084,-0.067,-0.084
-0.056,-0.066,-0.056,-0.065,-0.084,-0.066,-0.084
-0.056,-0.065,-0.056,-0.064,-0.083,-0.065,-0.083
-0.056,-0.063,-0.056,-0.064,-0.083,-0.063,-0.083
-0.056,-0.062,-0.056,-0.063,-0.083,-0.062,-0.083
-0.057,-0.061,-0.057,-0.063,-0.083,-0.061,-0.083
-0.057,-0.059,-0.057,-0.062,-0.083,-0.059,-0.083
-0.057,-0.058,-0.057,-0.062,-0.083,-0.058,-0.083
-0.058,-0.057,-0.058,-0.061,-0.082,-0.057,-0.082
-0.058,-0.055,-0.058,-0.06,-0.082,-0.055,-0.082
-0.058,-0.054,-0.058,-0.06,-0.082,-0.054,-0.082
-0.058,-0.053,-0.058,-0.059,-0.082,-0.053,-0.082
-0.059,-0.052,-0.059,-0.058,-0.082,-0.052,-0.082
-0.059,-0.052,-0.059,-0.058,-0.081,-0.052,-0.081
-0.059,-0.051,-0.059,-0.057,-0.081,-0.051,-0.081
-0.059,-0.051,-0.059,-0.057,-0.081,-0.051,-0.081
-0.059,-0.05,-0.059,-0.057,-0.081,-0.05,-0.081
-0.059,-0.05,-0.059,-0.057,-0.081,-0.05,-0.081
-0.059,-0.05,-0.059,-0.057,-0.081,-0.05,-0.081
-0.059,-0.05,-0.059,-0.057,-0.081,-0.05,-0.081
-0.059,-0.05,-0.059,-0.057,-0.081,-0.05,-0.081
-0.058,-0.05,-0.058,-0.057,-0.08,-0.05,-0.08
-0.058,-0.051,-0.058,-0.057,-0.08,-0.051,-0.08
-0.058,-0.051,-0.058,-0.058,-0.08,-0.051,-0.08
-0.058,-0.052,-0.058,-0.058,-0.08,-0.052,-0.08
-0.058,-0.052,-0.058,-0.059,-0.08,-0.052,-0.08
-0.058,-0.053,-0.058,-0.059,-0.08,-0.053,-0.08
-0.058,-0.054,-0.058,-0.06,-0.08,-0.054,-0.08
-0.058,-0.055,-0.058,-0.06,-0.081,-0.055,-0.081
-0.058,-0.055,-0.058,-0.061,-0.081,-0.055,-0.081
-0.058,-0.056,-0.058,-0.062,-0.081,-0.056,-0.081
-0.058,-0.057,-0.058,-0.062,-0.081,-0.057,-0.081
-0.058,-0.057,-0.058,-0.063,-0.081,-0.057,-0.081
-0.058,-0.058,-0.058,-0.063,-0.081,-0.058,-0.081
-0.058,-0.059,-0.058,-0.063,-0.081,-0.059,-0.081
-0.059,-0.059,-0.059,-0.064,-0.081,-0.059,-0.081
-0.059,-0.059,-0.059,-0.064,-0.08,-0.059,-0.08
-0.059,-0.06,-0.059,-0.064,-0.08,-0.06,-0.08
-0.06,-0.06,-0.06,-0.064,-0.08,-0.06,-0.08
-0.06,-0.06,-0.06,-0.064,-0.08,-0.06,-0.08
-0.06,-0.06,-0.06,-0.064,-0.08,-0.06,-0.08
-0.061,-0.06,-0.061,-0.064,-0.08,-0.06,-0.08
-0.061,-0.06,-0.061,-0.064,-0.079,-0.06,-0.079
-0.062,-0.059,-0.062,-0.063,-0.079,-0.059,-0.079
-0.062,-0.059,-0.062,-0.063,-0.079,-0.059,-0.079
-0.063,-0.058,-0.063,-0.062,-0.078,-0.058,-0.078
-0.063,-0.058,-0.063,-0.061,-0.078,-0.058,-0.078
-0.064,-0.057,-0.064,-0.061,-0.077,-0.057,-0.077
-0.064,-0.056,-0.064,-0.06,-0.077,-0.056,-0.077
-0.065,-0.054,-0.065,-0.059,-0.076,-0.054,-0.076
-0.066,-0.053,-0.066,-0.058,-0.076,-0.053,-0.076
-0.066,-0.052,-0.066,-0.057,-0.075,-0.052,-0.075
-0.067,-0.051,-0.067,-0.056,-0.075,-0.051,-0.075
-0.068,-0.049,-0.068,-0.055,-0.074,-0.049,-0.074
-0.068,-0.048,-0.068,-0.055,-0.074,-0.048,-0.074
-0.069,-0.046,-0.069,-0.054,-0.073,-0.046,-0.073
-0.07,-0.045,-0.07,-0.053,-0.073,-0.045,-0.073
-0.07,-0.043,-0.07,-0.052,-0.072,-0.043,-0.072
-0.071,-0.042,-0.071,-0.051,-0.072,-0.042,-0.072
-0.072,-0.04,-0.072,-0.05,-0.071,-0.04,-0.071
-0.073,-0.039,-0.073,-0.049,-0.071,-0.039,-0.071
-0.073,-0.037,-0.073,-0.048,-0.071,-0.037,-0.071
-0.074,-0.036,-0.074,-0.048,-0.071,-0.036,-0.071
-0.075,-0.035,-0.075,-0.047,-0.071,-0.035,-0.071
-0.076,-0.034,-0.076,-0.046,-0.07,-0.034,-0.07
-0.077,-0.034,-0.077,-0.045,-0.07,-0.034,-0.07
-0.078,-0.033,-0.078,-0.045,-0.07,-0.033,-0.07
-0.079,-0.033,-0.079,-0.044,-0.07,-0.033,-0.07
-0.08,-0.032,-0.08,-0.044,-0.07,-0.032,-0.07
-0.081,-0.032,-0.081,-0.043,-0.07,-0.032,-0.07
-0.082,-0.032,-0.082,-0.043,-0.071,-0.032,-0.071
-0.083,-0.033,-0.083,-0.042,-0.071,-0.033,-0.071
-0.084,-0.033,-0.084,-0.042,-0.071,-0.033,-0.071
-0.085,-0.034,-0.085,-0.041,-0.071,-0.034,-0.071
-0.086,-0.034,-0.086,-0.041,-0.071,-0.034,-0.071
-0.087,-0.035,-0.087,-0.04,-0.071,-0.035,-0.071
-0.088,-0.036,-0.088,-0.04,-0.071,-0.036,-0.071
-0.089,-0.037,-0.089,-0.039,-0.071,-0.037,-0.071
-0.089,-0.039,-0.089,-0.039,-0.071,-0.039,-0.071
-0.09,-0.04,-0.09,-0.038,-0.071,-0.04,-0.071
-0.09,-0.041,-0.09,-0.038,-0.07,-0.041,-0.07
-0.091,-0.043,-0.091,-0.037,-0.07,-0.043,-0.07
-0.091,-0.044,-0.091,-0.037,-0.07,-0.044,-0.07
-0.091,-0.045,-0.091,-0.036,-0.07,-0.045,-0.07
-0.091,-0.047,-0.091,-0.035,-0.069,-0.047,-0.069
-0.091,-0.048,-0.091,-0.035,-0.069,-0.048,-0.069
-0.09,-0.049,-0.09,-0.034,-0.069,-0.049,-0.069
-0.09,-0.051,-0.09,-0.033,-0.069,-0.051,-0.069
-0.089,-0.052,-0.089,-0.032,-0.068,-0.052,-0.068
-0.089,-0.052,-0.089,-0.031,-0.068,-0.052,-0.068
-0.088,-0.053,-0.088,-0.03,-0.068,-0.053,-0.068
-0.087,-0.054,-0.087,-0.029,-0.068,-0.054,-0.068
-0.086,-0.054,-0.086,-0.028,-0.067,-0.054,-0.067
-0.085,-0.055,-0.085,-0.027,-0.067,-0.055,-0.067
-0.084,-0.055,-0.084,-0.026,-0.067,-0.055,-0.067
-0.083,-0.055,-0.083,-0.025,-0.067,-0.055,-0.067
-0.082,-0.054,-0.082,-0.024,-0.067,-0.054,-0.067
-0.081,-0.054,-0.081,-0.023,-0.067,-0.054,-0.067
-0.08,-0.054,-0.08,-0.022,-0.067,-0.054,-0.067
-0.079,-0.053,-0.079,-0.021,-0.067,-0.053,-0.067
-0.078,-0.052,-0.078,-0.02,-0.067,-0.052,-0.067
-0.077,-0.052,-0.077,-0.019,-0.067,-0.052,-0.067
-0.076,-0.051,-0.076,-0.018,-0.067,-0.051,-0.067
-0.076,-0.05,-0.076,-0.017,-0.067,-0.05,-0.067
-0.075,-0.049,-0.075,-0.016,-0.067,-0.049,-0.067
-0.074,-0.048,-0.074,-0.015,-0.068,-0.048,-0.068
-0.074,-0.047,-0.074,-0.015,-0.068,-0.047,-0.068
-0.074,-0.046,-0.074,-0.014,-0.068,-0.046,-0.068
-0.073,-0.046,-0.073,-0.014,-0.068,-0.046,-0.068
-0.073,-0.045,-0.073,-0.014,-0.068,-0.045,-0.068
-0.073,-0.044,-0.073,-0.013,-0.069,-0.044,-0.069
-0.073,-0.044,-0.073,-0.013,-0.069,-0.044,-0.069
-0.073,-0.043,-0.073,-0.013,-0.069,-0.043,-0.069
-0.073,-0.043,-0.073,-0.013,-0.069,-0.043,-0.069
-0.073,-0.042,-0.073,-0.013,-0.069,-0.042,-0.069
-0.073,-0.042,-0.073,-0.013,-0.069,-0.042,-0.069
-0.073,-0.042,-0.073,-0.014,-0.069,-0.042,-0.069
-0.073,-0.042,-0.073,-0.014,-0.068,-0.042,-0.068
-0.074,-0.042,-0.074,-0.014,-0.068,-0.042,-0.068
-0.074,-0.042,-0.074,-0.015,-0.067,-0.042,-0.067
-0.074,-0.042,-0.074,-0.015,-0.067,-0.042,-0.067
-0.074,-0.042,-0.074,-0.015,-0.066,-0.042,-0.066
-0.075,-0.043,-0.075,-0.016,-0.065,-0.043,-0.065
-0.075,-0.043,-0.075,-0.016,-0.064,-0.043,-0.064
-0.075,-0.043,-0.075,-0.016,-0.063,-0.043,-0.063
-0.075,-0.044,-0.075,-0.016,-0.061,-0.044,-0.061
-0.075,-0.044,-0.075,-0.017,-0.06,-0.044,-0.06
-0.075,-0.045,-0.075,-0.017,-0.059,-0.045,-0.059
-0.076,-0.045,-0.076,-0.017,-0.057,-0.045,-0.057
-0.076,-0.046,-0.076,-0.017,-0.056,-0.046,-0.056
-0.076,-0.046,-0.076,-0.017,-0.055,-0.046,-0.055
-0.076,-0.046,-0.076,-0.017,-0.053,-0.046,-0.053
-0.076,-0.047,-0.076,-0.017,-0.052,-0.047,-0.052
-0.076,-0.047,-0.076,-0.016,-0.051,-0.047,-0.051
-0.075,-0.048,-0.075,-0.016,-0.05,-0.048,-0.05
-0.075,-0.048,-0.075,-0.016,-0.049,-0.048,-0.049
-0.075,-0.048,-0.075,-0.016,-0.049,-0.048,-0.049
-0.075,-0.049,-0.075,-0.016,-0.048,-0.049,-0.048
