-0.04,-0.04,-0.06,-0.059,-0.059
-0.04,-0.04,-0.06,-0.061,-0.061
-0.04,-0.04,-0.06,-0.063,-0.063
-0.041,-0.041,-0.061,-0.064,-0.064
-0.041,-0.041,-0.061,-0.066,-0.066
-0.041,-0.041,-0.061,-0.066,-0.066
-0.041,-0.041,-0.06,-0.067,-0.067
-0.041,-0.041,-0.06,-0.067,-0.067
-0.041,-0.041,-0.06,-0.067,-0.067
-0.041,-0.041,-0.06,-0.066,-0.066
-0.041,-0.041,-0.06,-0.065,-0.065
-0.041,-0.041,-0.059,-0.063,-0.063
-0.041,-0.041,-0.059,-0.061,-0.061
-0.041,-0.041,-0.058,-0.059,-0.059
-0.041,-0.041,-0.058,-0.057,-0.057
-0.041,-0.041,-0.057,-0.054,-0.054
-0.041,-0.041,-0.056,-0.051,-0.051
-0.041,-0.041,-0.056,-0.049,-0.049
-0.04,-0.04,-0.055,-0.046,-0.046
-0.04,-0.04,-0.054,-0.043,-0.043
-0.04,-0.04,-0.054,-0.041,-0.041
-0.04,-0.04,-0.053,-0.038,-0.038
-0.04,-0.04,-0.052,-0.036,-0.036
-0.039,-0.039,-0.052,-0.034,-0.034
-0.039,-0.039,-0.051,-0.033,-0.033
-0.039,-0.039,-0.051,-0.031,-0.031
-0.039,-0.039,-0.05,-0.03,-0.03
-0.039,-0.039,-0.049,-0.03,-0.03
-0.039,-0.039,-0.049,-0.03,-0.03
-0.039,-0.039,-0.049,-0.03,-0.03
-0.039,-0.039,-0.048,-0.031,-0.031
-0.038,-0.038,-0.048,-0.032,-0.032
-0.038,-0.038,-0.048,-0.034,-0.034
-0.038,-0.038,-0.047,-0.035,-0.035
-0.038,-0.038,-0.047,-0.037,-0.037
-0.038,-0.038,-0.047,-0.04,-0.04
-0.038,-0.038,-0.047,-0.042,-0.042
-0.038,-0.038,-0.047,-0.045,-0.045
-0.038,-0.038,-0.047,-0.047,-0.047
-0.038,-0.038,-0.047,-0.05,-0.05
-0.037,-0.037,-0.048,-0.052,-0.052
-0.037,-0.037,-0.048,-0.055,-0.055
-0.037,-0.037,-0.048,-0.057,-0.057
-0.037,-0.037,-0.048,-0.059,-0.059
-0.037,-0.037,-0.048,-0.06,-0.06
-0.037,-0.037,-0.049,-0.062,-0.062
-0.036,-0.036,-0.049,-0.063,-0.063
-0.036,-0.036,-0.049,-0.063,-0.063
-0.036,-0.036,-0.049,-0.063,-0.063
-0.036,-0.036,-0.05,-0.063,-0.063
-0.036,-0.036,-0.05,-0.063,-0.063
-0.036,-0.036,-0.05,-0.062,-0.062
-0.035,-0.035,-0.051,-0.061,-0.061
-0.035,-0.035,-0.051,-0.059,-0.059
-0.035,-0.035,-0.051,-0.057,-0.057
-0.035,-0.035,-0.051,-0.055,-0.055
-0.035,-0.035,-0.052,-0.053,-0.053
-0.035,-0.035,-0.052,-0.05,-0.05
-0.035,-0.035,-0.052,-0.048,-0.048
-0.035,-0.035,-0.052,-0.046,-0.046
-0.035,-0.035,-0.052,-0.043,-0.043
-0.035,-0.035,-0.053,-0.041,-0.041
-0.035,-0.035,-0.053,-0.039,-0.039
-0.035,-0.035,-0.053,-0.037,-0.037
-0.035,-0.035,-0.053,-0.035,-0.035
-0.035,-0.035,-0.053,-0.034,-0.034
-0.035,-0.035,-0.053,-0.033,-0.033
-0.035,-0.035,-0.053,-0.032,-0.032
-0.035,-0.035,-0.053,-0.032,-0.032
-0.036,-0.036,-0.053,-0.032,-0.032
-0.036,-0.036,-0.053,-0.032,-0.032
-0.036,-0.036,-0.053,-0.033,-0.033
-0.036,-0.036,-0.053,-0.034,-0.034
-0.036,-0.036,-0.053,-0.036,-0.036
-0.037,-0.037,-0.053,-0.037,-0.037
-0.037,-0.037,-0.053,-0.039,-0.039
-0.037,-0.037,-0.053,-0.041,-0.041
-0.038,-0.038,-0.053,-0.044,-0.044
-0.038,-0.038,-0.053,-0.046,-0.046
-0.038,-0.038,-0.053,-0.048,-0.048
-0.038,-0.038,-0.053,-0.051,-0.051
-0.039,-0.039,-0.053,-0.053,-0.053
-0.039,-0.039,-0.052,-0.055,-0.055
-0.039,-0.039,-0.052,-0.057,-0.057
-0.039,-0.039,-0.052,-0.059,-0.059
-0.04,-0.04,-0.052,-0.06,-0.06
-0.04,-0.04,-0.052,-0.061,-0.061
-0.04,-0.04,-0.051,-0.062,-0.062
-0.04,-0.04,-0.051,-0.063,-0.063
-0.041,-0.041,-0.051,-0.063,-0.063
-0.041,-0.041,-0.051,-0.063,-0.063
-0.041,-0.041,-0.05,-0.062,-0.062
-0.041,-0.041,-0.05,-0.061,-0.061
-0.041,-0.041,-0.05,-0.06,-0.06
-0.041,-0.041,-0.049,-0.059,-0.059
-0.041,-0.041,-0.049,-0.057,-0.057
-0.041,-0.041,-0.049,-0.055,-0.055
-0.041,-0.041,-0.048,-0.053,-0.053
-0.041,-0.041,-0.048,-0.051,-0.051
-0.041,-0.041,-0.048,-0.049,-0.049
-0.041,-0.041,-0.048,-0.047,-0.047
-0.041,-0.041,-0.047,-0.044,-0.044
-0.041,-0.041,-0.047,-0.042,-0.042
-0.04,-0.04,-0.047,-0.04,-0.04
-0.04,-0.04,-0.047,-0.038,-0.038
-0.04,-0.04,-0.046,-0.037,-0.037
-0.04,-0.04,-0.046,-0.036,-0.036
-0.04,-0.04,-0.046,-0.034,-0.034
-0.039,-0.039,-0.046,-0.034,-0.034
-0.039,-0.039,-0.046,-0.033,-0.033
-0.039,-0.039,-0.046,-0.033,-0.033
-0.039,-0.039,-0.046,-0.033,-0.033
-0.038,-0.038,-0.046,-0.034,-0.034
-0.038,-0.038,-0.045,-0.035,-0.035
-0.038,-0.038,-0.045,-0.036,-0.036
-0.037,-0.037,-0.045,-0.037,-0.037
-0.037,-0.037,-0.045,-0.039,-0.039
-0.037,-0.037,-0.045,-0.041,-0.041
-0.037,-0.037,-0.045,-0.042,-0.042
-0.036,-0.036,-0.045,-0.044,-0.044
-0.036,-0.036,-0.045,-0.046,-0.046
-0.036,-0.036,-0.045,-0.048,-0.048
-0.035,-0.035,-0.045,-0.05,-0.05
-0.035,-0.035,-0.045,-0.052,-0.052
-0.035,-0.035,-0.045,-0.053,-0.053
-0.035,-0.035,-0.045,-0.055,-0.055
-0.035,-0.035,-0.045,-0.056,-0.056
-0.034,-0.034,-0.045,-0.057,-0.057
-0.034,-0.034,-0.045,-0.057,-0.057
-0.034,-0.034,-0.045,-0.058,-0.058
-0.034,-0.034,-0.045,-0.058,-0.058
-0.034,-0.034,-0.045,-0.057,-0.057
-0.034,-0.034,-0.045,-0.057,-0.057
-0.034,-0.034,-0.045,-0.056,-0.056
-0.034,-0.034,-0.045,-0.055,-0.055
-0.034,-0.034,-0.045,-0.054,-0.054
-0.035,-0.035,-0.045,-0.052,-0.052
-0.035,-0.035,-0.045,-0.051,-0.051
-0.035,-0.035,-0.046,-0.049,-0.049
-0.035,-0.035,-0.046,-0.048,-0.048
-0.035,-0.035,-0.046,-0.046,-0.046
-0.035,-0.035,-0.046,-0.044,-0.044
-0.036,-0.036,-0.046,-0.043,-0.043
-0.036,-0.036,-0.046,-0.041,-0.041
-0.036,-0.036,-0.046,-0.04,-0.04
-0.036,-0.036,-0.046,-0.039,-0.039
-0.036,-0.036,-0.046,-0.038,-0.038
-0.037,-0.037,-0.046,-0.037,-0.037
-0.037,-0.037,-0.046,-0.037,-0.037
-0.037,-0.037,-0.046,-0.036,-0.036
-0.037,-0.037,-0.046,-0.036,-0.036
-0.037,-0.037,-0.046,-0.037,-0.037
-0.037,-0.037,-0.046,-0.037,-0.037
-0.037,-0.037,-0.046,-0.038,-0.038
-0.036,-0.036,-0.045,-0.039,-0.039
-0.036,-0.036,-0.045,-0.04,-0.04
-0.036,-0.036,-0.045,-0.041,-0.041
-0.036,-0.036,-0.045,-0.042,-0.042
-0.035,-0.035,-0.044,-0.044,-0.044
-0.035,-0.035,-0.044,-0.045,-0.045
-0.035,-0.035,-0.044,-0.046,-0.046
-0.034,-0.034,-0.043,-0.048,-0.048
-0.034,-0.034,-0.043,-0.049,-0.049
-0.033,-0.033,-0.043,-0.05,-0.05
-0.033,-0.033,-0.042,-0.051,-0.051
-0.032,-0.032,-0.042,-0.052,-0.052
-0.032,-0.032,-0.042,-0.052,-0.052
-0.031,-0.031,-0.041,-0.053,-0.053
-0.031,-0.031,-0.041,-0.053,-0.053
-0.031,-0.031,-0.041,-0.053,-0.053
-0.03,-0.03,-0.041,-0.053,-0.053
-0.03,-0.03,-0.041,-0.052,-0.052
-0.03,-0.03,-0.04,-0.052,-0.052
-0.03,-0.03,-0.04,-0.051,-0.051
-0.03,-0.03,-0.04,-0.05,-0.05
-0.03,-0.03,-0.041,-0.049,-0.049
-0.03,-0.03,-0.041,-0.048,-0.048
-0.03,-0.03,-0.041,-0.046,-0.046
-0.03,-0.03,-0.041,-0.045,-0.045
-0.03,-0.03,-0.041,-0.043,-0.043
-0.03,-0.03,-0.042,-0.042,-0.042
-0.031,-0.031,-0.042,-0.041,-0.041
-0.031,-0.031,-0.042,-0.039,-0.039
-0.031,-0.031,-0.043,-0.038,-0.038
-0.032,-0.032,-0.043,-0.037,-0.037
-0.032,-0.032,-0.044,-0.036,-0.036
-0.033,-0.033,-0.044,-0.035,-0.035
-0.033,-0.033,-0.045,-0.035,-0.035
-0.033,-0.033,-0.045,-0.034,-0.034
-0.034,-0.034,-0.046,-0.034,-0.034
-0.034,-0.034,-0.046,-0.034,-0.034
-0.034,-0.034,-0.047,-0.034,-0.034
-0.035,-0.035,-0.047,-0.034,-0.034
-0.035,-0.035,-0.048,-0.035,-0.035
-0.035,-0.035,-0.048,-0.036,-0.036
-0.035,-0.035,-0.049,-0.036,-0.036
-0.035,-0.035,-0.049,-0.037,-0.037
-0.035,-0.035,-0.05,-0.038,-0.038
-0.035,-0.035,-0.05,-0.04,-0.04
-0.035,-0.035,-0.05,-0.041,-0.041
-0.035,-0.035,-0.051,-0.042,-0.042
-0.034,-0.034,-0.051,-0.043,-0.043
-0.034,-0.034,-0.051,-0.045,-0.045
-0.034,-0.034,-0.052,-0.046,-0.046
-0.034,-0.034,-0.052,-0.047,-0.047
-0.033,-0.033,-0.052,-0.048,-0.048
-0.033,-0.033,-0.052,-0.049,-0.049
-0.033,-0.033,-0.052,-0.05,-0.05
-0.032,-0.032,-0.052,-0.05,-0.05
-0.032,-0.032,-0.052,-0.051,-0.051
-0.032,-0.032,-0.052,-0.051,-0.051
-0.032,-0.032,-0.052,-0.051,-0.051
-0.031,-0.031,-0.052,-0.051,-0.051
-0.031,-0.031,-0.052,-0.051,-0.051
-0.031,-0.031,-0.051,-0.051,-0.051
-0.031,-0.031,-0.051,-0.05,-0.05
-0.031,-0.031,-0.051,-0.05,-0.05
-0.031,-0.031,-0.051,-0.049,-0.049
-0.031,-0.031,-0.05,-0.048,-0.048
-0.031,-0.031,-0.05,-0.047,-0.047
-0.031,-0.031,-0.049,-0.046,-0.046
-0.031,-0.031,-0.049,-0.045,-0.045
-0.031,-0.031,-0.049,-0.044,-0.044
-0.031,-0.031,-0.048,-0.043,-0.043
-0.031,-0.031,-0.048,-0.042,-0.042
-0.031,-0.031,-0.047,-0.042,-0.042
-0.031,-0.031,-0.047,-0.041,-0.041
-0.031,-0.031,-0.046,-0.04,-0.04
-0.031,-0.031,-0.046,-0.039,-0.039
-0.031,-0.031,-0.045,-0.039,-0.039
-0.031,-0.031,-0.045,-0.039,-0.039
-0.031,-0.031,-0.044,-0.038,-0.038
-0.031,-0.031,-0.044,-0.038,-0.038
-0.031,-0.031,-0.043,-0.039,-0.039
-0.031,-0.031,-0.043,-0.039,-0.039
-0.031,-0.031,-0.043,-0.039,-0.039
-0.031,-0.031,-0.042,-0.04,-0.04
-0.031,-0.031,-0.042,-0.04,-0.04
-0.031,-0.031,-0.042,-0.041,-0.041
-0.031,-0.031,-0.042,-0.042,-0.042
-0.03,-0.03,-0.042,-0.043,-0.043
-0.03,-0.03,-0.042,-0.043,-0.043
-0.03,-0.03,-0.042,-0.044,-0.044
-0.03,-0.03,-0.041,-0.045,-0.045
-0.03,-0.03,-0.041,-0.046,-0.046
-0.029,-0.029,-0.041,-0.046,-0.046
-0.029,-0.029,-0.041,-0.047,-0.047
-0.029,-0.029,-0.041,-0.047,-0.047
-0.029,-0.029,-0.041,-0.047,-0.047
-0.029,-0.029,-0.041,-0.047,-0.047
-0.028,-0.028,-0.041,-0.047,-0.047
-0.028,-0.028,-0.041,-0.047,-0.047
-0.028,-0.028,-0.041,-0.047,-0.047
-0.028,-0.028,-0.041,-0.046,-0.046
-0.028,-0.028,-0.04,-0.045,-0.045
-0.027,-0.027,-0.04,-0.044,-0.044
-0.027,-0.027,-0.04,-0.043,-0.043
-0.027,-0.027,-0.04,-0.042,-0.042
-0.027,-0.027,-0.04,-0.041,-0.041
-0.027,-0.027,-0.039,-0.04,-0.04
-0.027,-0.027,-0.039,-0.038,-0.038
-0.026,-0.026,-0.039,-0.037,-0.037
-0.026,-0.026,-0.039,-0.036,-0.036
-0.026,-0.026,-0.039,-0.034,-0.034
-0.026,-0.026,-0.039,-0.033,-0.033
-0.026,-0.026,-0.039,-0.032,-0.032
-0.026,-0.026,-0.039,-0.031,-0.031
-0.026,-0.026,-0.039,-0.03,-0.03
-0.025,-0.025,-0.039,-0.029,-0.029
-0.025,-0.025,-0.039,-0.028,-0.028
-0.025,-0.025,-0.039,-0.028,-0.028
-0.025,-0.025,-0.04,-0.028,-0.028
-0.025,-0.025,-0.04,-0.027,-0.027
-0.025,-0.025,-0.041,-0.027,-0.027
-0.025,-0.025,-0.041,-0.028,-0.028
-0.025,-0.025,-0.042,-0.028,-0.028
-0.025,-0.025,-0.042,-0.029,-0.029
-0.025,-0.025,-0.043,-0.029,-0.029
-0.025,-0.025,-0.043,-0.03,-0.03
-0.025,-0.025,-0.044,-0.031,-0.031
-0.025,-0.025,-0.045,-0.032,-0.032
-0.025,-0.025,-0.045,-0.033,-0.033
-0.025,-0.025,-0.046,-0.034,-0.034
-0.025,-0.025,-0.046,-0.035,-0.035
-0.025,-0.025,-0.047,-0.036,-0.036
-0.025,-0.025,-0.047,-0.037,-0.037
-0.025,-0.025,-0.048,-0.038,-0.038
-0.025,-0.025,-0.048,-0.038,-0.038
-0.026,-0.026,-0.048,-0.039,-0.039
-0.026,-0.026,-0.049,-0.039,-0.039
-0.026,-0.026,-0.049,-0.04,-0.04
-0.026,-0.026,-0.049,-0.04,-0.04
-0.027,-0.027,-0.049,-0.04,-0.04
-0.027,-0.027,-0.048,-0.04,-0.04
-0.027,-0.027,-0.048,-0.039,-0.039
-0.027,-0.027,-0.048,-0.039,-0.039
-0.028,-0.028,-0.048,-0.038,-0.038
-0.028,-0.028,-0.047,-0.037,-0.037
-0.028,-0.028,-0.047,-0.036,-0.036
-0.028,-0.028,-0.046,-0.035,-0.035
-0.029,-0.029,-0.045,-0.034,-0.034
-0.029,-0.029,-0.045,-0.033,-0.033
-0.029,-0.029,-0.044,-0.032,-0.032
-0.029,-0.029,-0.043,-0.031,-0.031
-0.029,-0.029,-0.043,-0.029,-0.029
-0.029,-0.029,-0.042,-0.028,-0.028
-0.029,-0.029,-0.041,-0.027,-0.027
-0.029,-0.029,-0.04,-0.026,-0.026
-0.029,-0.029,-0.04,-0.025,-0.025
-0.029,-0.029,-0.039,-0.025,-0.025
-0.029,-0.029,-0.038,-0.024,-0.024
-0.029,-0.029,-0.038,-0.023,-0.023
-0.029,-0.029,-0.037,-0.023,-0.023
-0.029,-0.029,-0.036,-0.023,-0.023
-0.029,-0.029,-0.036,-0.023,-0.023
-0.028,-0.028,-0.036,-0.023,-0.023
-0.028,-0.028,-0.035,-0.023,-0.023
-0.028,-0.028,-0.035,-0.023,-0.023
-0.028,-0.028,-0.035,-0.023,-0.023
-0.027,-0.027,-0.034,-0.024,-0.024
-0.027,-0.027,-0.034,-0.024,-0.024
-0.027,-0.027,-0.034,-0.025,-0.025
-0.027,-0.027,-0.034,-0.025,-0.025
-0.026,-0.026,-0.034,-0.026,-0.026
-0.026,-0.026,-0.034,-0.027,-0.027
-0.026,-0.026,-0.034,-0.027,-0.027
-0.025,-0.025,-0.034,-0.028,-0.028
-0.025,-0.025,-0.034,-0.028,-0.028
-0.025,-0.025,-0.035,-0.029,-0.029
-0.024,-0.024,-0.035,-0.029,-0.029
-0.024,-0.024,-0.035,-0.029,-0.029
-0.024,-0.024,-0.035,-0.03,-0.03
-0.024,-0.024,-0.036,-0.03,-0.03
-0.023,-0.023,-0.036,-0.03,-0.03
-0.023,-0.023,-0.036,-0.03,-0.03
-0.023,-0.023,-0.036,-0.03,-0.03
-0.023,-0.023,-0.036,-0.029,-0.029
-0.023,-0.023,-0.037,-0.029,-0.029
-0.023,-0.023,-0.037,-0.029,-0.029
-0.022,-0.022,-0.037,-0.028,-0.028
-0.022,-0.022,-0.037,-0.028,-0.028
-0.022,-0.022,-0.037,-0.028,-0.028
-0.022,-0.022,-0.037,-0.027,-0.027
-0.022,-0.022,-0.037,-0.027,-0.027
-0.022,-0.022,-0.037,-0.026,-0.026
-0.022,-0.022,-0.037,-0.026,-0.026
-0.022,-0.022,-0.037,-0.025,-0.025
-0.023,-0.023,-0.036,-0.025,-0.025
-0.023,-0.023,-0.036,-0.025,-0.025
-0.023,-0.023,-0.036,-0.025,-0.025
-0.023,-0.023,-0.036,-0.025,-0.025
-0.023,-0.023,-0.036,-0.025,-0.025
-0.023,-0.023,-0.036,-0.025,-0.025
-0.023,-0.023,-0.036,-0.025,-0.025
-0.023,-0.023,-0.035,-0.025,-0.025
-0.023,-0.023,-0.035,-0.025,-0.025
-0.023,-0.023,-0.035,-0.026,-0.026
-0.023,-0.023,-0.035,-0.026,-0.026
-0.023,-0.023,-0.035,-0.027,-0.027
-0.023,-0.023,-0.035,-0.027,-0.027
-0.023,-0.023,-0.035,-0.028,-0.028
-0.023,-0.023,-0.035,-0.028,-0.028
-0.022,-0.022,-0.035,-0.028,-0.028
-0.022,-0.022,-0.035,-0.029,-0.029
-0.022,-0.022,-0.035,-0.029,-0.029
-0.022,-0.022,-0.035,-0.03,-0.03
-0.022,-0.022,-0.036,-0.03,-0.03
-0.021,-0.021,-0.036,-0.03,-0.03
-0.021,-0.021,-0.036,-0.03,-0.03
-0.021,-0.021,-0.036,-0.03,-0.03
-0.02,-0.02,-0.036,-0.03,-0.03
-0.02,-0.02,-0.037,-0.03,-0.03
-0.02,-0.02,-0.037,-0.029,-0.029
-0.019,-0.019,-0.037,-0.029,-0.029
-0.019,-0.019,-0.037,-0.028,-0.028
-0.019,-0.019,-0.037,-0.027,-0.027
-0.018,-0.018,-0.037,-0.026,-0.026
-0.018,-0.018,-0.038,-0.026,-0.026
-0.018,-0.018,-0.038,-0.025,-0.025
-0.017,-0.017,-0.038,-0.024,-0.024
-0.017,-0.017,-0.037,-0.022,-0.022
-0.017,-0.017,-0.037,-0.021,-0.021
-0.017,-0.017,-0.037,-0.02,-0.02
-0.017,-0.017,-0.037,-0.019,-0.019
-0.016,-0.016,-0.036,-0.018,-0.018
-0.016,-0.016,-0.036,-0.017,-0.017
-0.016,-0.016,-0.036,-0.016,-0.016
-0.016,-0.016,-0.035,-0.015,-0.015
-0.016,-0.016,-0.035,-0.015,-0.015
-0.016,-0.016,-0.034,-0.014,-0.014
-0.016,-0.016,-0.034,-0.014,-0.014
-0.016,-0.016,-0.033,-0.013,-0.013
-0.016,-0.016,-0.033,-0.013,-0.013
-0.016,-0.016,-0.032,-0.013,-0.013
-0.016,-0.016,-0.032,-0.013,-0.013
-0.016,-0.016,-0.031,-0.013,-0.013
-0.017,-0.017,-0.031,-0.013,-0.013
-0.017,-0.017,-0.031,-0.013,-0.013
-0.017,-0.017,-0.03,-0.014,-0.014
-0.017,-0.017,-0.03,-0.014,-0.014
-0.017,-0.017,-0.03,-0.015,-0.015
-0.017,-0.017,-0.03,-0.015,-0.015
-0.017,-0.017,-0.03,-0.016,-0.016
-0.017,-0.017,-0.03,-0.016,-0.016
-0.017,-0.017,-0.03,-0.017,-0.017
-0.017,-0.017,-0.03,-0.017,-0.017
-0.017,-0.017,-0.03,-0.018,-0.018
-0.017,-0.017,-0.03,-0.018,-0.018
-0.018,-0.018,-0.03,-0.018,-0.018
-0.018,-0.018,-0.031,-0.018,-0.018
-0.018,-0.018,-0.031,-0.019,-0.019
-0.018,-0.018,-0.031,-0.019,-0.019
-0.018,-0.018,-0.032,-0.019,-0.019
-0.018,-0.018,-0.032,-0.018,-0.018
-0.018,-0.018,-0.033,-0.018,-0.018
-0.018,-0.018,-0.033,-0.018,-0.018
-0.018,-0.018,-0.034,-0.017,-0.017
-0.018,-0.018,-0.034,-0.017,-0.017
-0.018,-0.018,-0.035,-0.016,-0.016
-0.018,-0.018,-0.035,-0.016,-0.016
-0.018,-0.018,-0.036,-0.015,-0.015
-0.018,-0.018,-0.036,-0.015,-0.015
-0.018,-0.018,-0.037,-0.014,-0.014
-0.019,-0.019,-0.037,-0.013,-0.013
-0.019,-0.019,-0.038,-0.013,-0.013
-0.019,-0.019,-0.038,-0.012,-0.012
-0.019,-0.019,-0.039,-0.012,-0.012
-0.019,-0.019,-0.039,-0.012,-0.012
-0.019,-0.019,-0.039,-0.011,-0.011
-0.02,-0.02,-0.04,-0.011,-0.011
-0.02,-0.02,-0.04,-0.011,-0.011
-0.02,-0.02,-0.04,-0.011,-0.011
-0.02,-0.02,-0.04,-0.011,-0.011
-0.02,-0.02,-0.041,-0.011,-0.011
-0.021,-0.021,-0.041,-0.011,-0.011
-0.021,-0.021,-0.041,-0.011,-0.011
-0.021,-0.021,-0.041,-0.012,-0.012
-0.021,-0.021,-0.041,-0.012,-0.012
-0.021,-0.021,-0.041,-0.013,-0.013
-0.021,-0.021,-0.041,-0.013,-0.013
-0.021,-0.021,-0.041,-0.014,-0.014
-0.021,-0.021,-0.041,-0.015,-0.015
-0.021,-0.021,-0.041,-0.015,-0.015
-0.021,-0.021,-0.041,-0.016,-0.016
-0.021,-0.021,-0.041,-0.017,-0.017
-0.021,-0.021,-0.041,-0.017,-0.017
-0.021,-0.021,-0.041,-0.018,-0.018
-0.021,-0.021,-0.041,-0.018,-0.018
-0.021,-0.021,-0.04,-0.019,-0.019
-0.02,-0.02,-0.04,-0.019,-0.019
-0.02,-0.02,-0.04,-0.02,-0.02
-0.02,-0.02,-0.04,-0.02,-0.02
-0.02,-0.02,-0.04,-0.02,-0.02
-0.02,-0.02,-0.04,-0.02,-0.02
-0.019,-0.019,-0.039,-0.021,-0.021
-0.019,-0.019,-0.039,-0.021,-0.021
-0.019,-0.019,-0.039,-0.021,-0.021
-0.019,-0.019,-0.039,-0.02,-0.02
-0.019,-0.019,-0.038,-0.02,-0.02
-0.019,-0.019,-0.038,-0.02,-0.02
-0.018,-0.018,-0.038,-0.02,-0.02
-0.018,-0.018,-0.037,-0.02,-0.02
-0.018,-0.018,-0.037,-0.02,-0.02
-0.018,-0.018,-0.037,-0.02,-0.02
-0.018,-0.018,-0.036,-0.019,-0.019
-0.018,-0.018,-0.036,-0.019,-0.019
-0.018,-0.018,-0.036,-0.019,-0.019
-0.018,-0.018,-0.035,-0.019,-0.019
-0.018,-0.018,-0.035,-0.019,-0.019
-0.018,-0.018,-0.035,-0.019,-0.019
-0.018,-0.018,-0.034,-0.019,-0.019
-0.018,-0.018,-0.034,-0.02,-0.02
-0.018,-0.018,-0.033,-0.02,-0.02
-0.018,-0.018,-0.033,-0.02,-0.02
-0.018,-0.018,-0.033,-0.02,-0.02
-0.018,-0.018,-0.032,-0.021,-0.021
-0.018,-0.018,-0.032,-0.021,-0.021
-0.018,-0.018,-0.032,-0.021,-0.021
-0.018,-0.018,-0.031,-0.021,-0.021
-0.018,-0.018,-0.031,-0.022,-0.022
-0.018,-0.018,-0.031,-0.022,-0.022
-0.018,-0.018,-0.03,-0.022,-0.022
-0.018,-0.018,-0.03,-0.022,-0.022
-0.018,-0.018,-0.03,-0.023,-0.023
-0.018,-0.018,-0.03,-0.023,-0.023
-0.018,-0.018,-0.03,-0.023,-0.023
-0.017,-0.017,-0.03,-0.022,-0.022
-0.017,-0.017,-0.03,-0.022,-0.022
-0.017,-0.017,-0.03,-0.022,-0.022
-0.017,-0.017,-0.03,-0.022,-0.022
-0.017,-0.017,-0.03,-0.021,-0.021
-0.016,-0.016,-0.03,-0.021,-0.021
-0.016,-0.016,-0.03,-0.02,-0.02
-0.016,-0.016,-0.031,-0.02,-0.02
-0.016,-0.016,-0.031,-0.019,-0.019
-0.016,-0.016,-0.031,-0.019,-0.019
-0.015,-0.015,-0.031,-0.018,-0.018
-0.015,-0.015,-0.032,-0.017,-0.017
-0.015,-0.015,-0.032,-0.017,-0.017
-0.015,-0.015,-0.032,-0.016,-0.016
-0.014,-0.014,-0.032,-0.015,-0.015
-0.014,-0.014,-0.032,-0.015,-0.015
-0.014,-0.014,-0.032,-0.014,-0.014
-0.014,-0.014,-0.032,-0.014,-0.014
-0.014,-0.014,-0.032,-0.013,-0.013
-0.013,-0.013,-0.032,-0.013,-0.013
-0.013,-0.013,-0.032,-0.012,-0.012
-0.013,-0.013,-0.031,-0.012,-0.012
-0.012,-0.012,-0.031,-0.012,-0.012
-0.012,-0.012,-0.031,-0.011,-0.011
-0.012,-0.012,-0.03,-0.011,-0.011
-0.011,-0.011,-0.029,-0.011,-0.011
-0.011,-0.011,-0.029,-0.011,-0.011
-0.01,-0.01,-0.028,-0.011,-0.011
-0.009,-0.009,-0.027,-0.011,-0.011
-0.009,-0.009,-0.026,-0.011,-0.011
-0.008,-0.008,-0.025,-0.011,-0.011
-0.007,-0.007,-0.024,-0.011,-0.011
-0.006,-0.006,-0.023,-0.011,-0.011
-0.006,-0.006,-0.022,-0.011,-0.011
-0.005,-0.005,-0.021,-0.011,-0.011
-0.004,-0.004,-0.02,-0.011,-0.011
-0.003,-0.003,-0.019,-0.011,-0.011
-0.002,-0.002,-0.018,-0.01,-0.01
-0.001,-0.001,-0.017,-0.01,-0.01
0,0,-0.016,-0.01,-0.01
0.001,0.001,-0.015,-0.009,-0.009
0.002,0.002,-0.014,-0.009,-0.009
0.003,0.003,-0.013,-0.008,-0.008
0.004,0.004,-0.013,-0.007,-0.007
0.005,0.005,-0.012,-0.006,-0.006
0.007,0.007,-0.011,-0.005,-0.005
0.008,0.008,-0.01,-0.004,-0.004
0.009,0.009,-0.01,-0.003,-0.003
0.01,0.01,-0.009,-0.001,-0.001
0.011,0.011,-0.009,0.001,0.001
0.012,0.012,-0.008,0.002,0.002
0.013,0.013,-0.008,0.004,0.004
0.015,0.015,-0.007,0.006,0.006
0.016,0.016,-0.007,0.009,0.009
0.017,0.017,-0.007,0.011,0.011
0.018,0.018,-0.006,0.013,0.013
0.02,0.02,-0.006,0.015,0.015
0.021,0.021,-0.005,0.018,0.018
0.022,0.022,-0.005,0.02,0.02
0.024,0.024,-0.004,0.023,0.023
0.025,0.025,-0.004,0.025,0.025
0.026,0.026,-0.003,0.027,0.027
0.028,0.028,-0.003,0.029,0.029
0.029,0.029,-0.002,0.031,0.031
0.03,0.03,-0.001,0.033,0.033
0.031,0.031,0,0.035,0.035
0.033,0.033,0,0.037,0.037
0.034,0.034,0.001,0.039,0.039
0.035,0.035,0.002,0.04,0.04
0.036,0.036,0.003,0.041,0.041
0.037,0.037,0.004,0.042,0.042
0.038,0.038,0.005,0.043,0.043
0.039,0.039,0.006,0.043,0.043
0.04,0.04,0.007,0.044,0.044
0.041,0.041,0.008,0.044,0.044
0.042,0.042,0.009,0.044,0.044
0.043,0.043,0.01,0.044,0.044
0.043,0.043,0.011,0.043,0.043
0.044,0.044,0.012,0.043,0.043
0.045,0.045,0.013,0.042,0.042
0.045,0.045,0.014,0.041,0.041
0.046,0.046,0.015,0.04,0.04
0.046,0.046,0.015,0.039,0.039
0.047,0.047,0.016,0.038,0.038
0.047,0.047,0.016,0.037,0.037
0.048,0.048,0.017,0.036,0.036
0.048,0.048,0.017,0.035,0.035
0.049,0.049,0.017,0.034,0.034
0.049,0.049,0.017,0.033,0.033
0.049,0.049,0.018,0.031,0.031
0.05,0.05,0.018,0.03,0.03
0.05,0.05,0.017,0.029,0.029
0.05,0.05,0.017,0.028,0.028
0.051,0.051,0.017,0.027,0.027
0.051,0.051,0.017,0.026,0.026
0.051,0.051,0.016,0.026,0.026
0.051,0.051,0.016,0.025,0.025
0.051,0.051,0.016,0.024,0.024
0.052,0.052,0.015,0.024,0.024
0.052,0.052,0.015,0.023,0.023
0.052,0.052,0.014,0.023,0.023
0.052,0.052,0.014,0.023,0.023
0.052,0.052,0.013,0.022,0.022
0.052,0.052,0.013,0.022,0.022
0.052,0.052,0.012,0.022,0.022
0.052,0.052,0.012,0.022,0.022
0.052,0.052,0.012,0.022,0.022
0.052,0.052,0.012,0.022,0.022
0.052,0.052,0.011,0.022,0.022
0.052,0.052,0.011,0.022,0.022
0.052,0.052,0.011,0.022,0.022
0.052,0.052,0.011,0.022,0.022
0.052,0.052,0.012,0.022,0.022
0.052,0.052,0.012,0.022,0.022
0.051,0.051,0.012,0.022,0.022
0.051,0.051,0.012,0.022,0.022
0.051,0.051,0.013,0.022,0.022
0.05,0.05,0.013,0.022,0.022
0.05,0.05,0.014,0.022,0.022
0.049,0.049,0.014,0.022,0.022
0.049,0.049,0.015,0.021,0.021
0.048,0.048,0.016,0.021,0.021
0.047,0.047,0.016,0.021,0.021
0.047,0.047,0.017,0.021,0.021
0.046,0.046,0.017,0.02,0.02
0.045,0.045,0.018,0.02,0.02
0.044,0.044,0.018,0.019,0.019
0.043,0.043,0.018,0.019,0.019
0.042,0.042,0.019,0.018,0.018
0.041,0.041,0.019,0.017,0.017
0.04,0.04,0.019,0.016,0.016
0.039,0.039,0.019,0.016,0.016
0.038,0.038,0.019,0.015,0.015
0.037,0.037,0.018,0.014,0.014
0.036,0.036,0.018,0.013,0.013
0.035,0.035,0.017,0.011,0.011
0.034,0.034,0.016,0.01,0.01
0.033,0.033,0.016,0.009,0.009
0.032,0.032,0.015,0.007,0.007
0.032,0.032,0.013,0.005,0.005
0.031,0.031,0.012,0.004,0.004
0.03,0.03,0.011,0.002,0.002
0.03,0.03,0.009,0,0
0.029,0.029,0.007,-0.002,-0.002
0.029,0.029,0.005,-0.004,-0.004
0.028,0.028,0.003,-0.007,-0.007
0.028,0.028,0.001,-0.009,-0.009
0.027,0.027,-0.001,-0.011,-0.011
0.027,0.027,-0.003,-0.014,-0.014
0.026,0.026,-0.005,-0.016,-0.016
0.026,0.026,-0.008,-0.019,-0.019
0.026,0.026,-0.01,-0.021,-0.021
0.025,0.025,-0.013,-0.024,-0.024
0.025,0.025,-0.015,-0.026,-0.026
0.024,0.024,-0.018,-0.029,-0.029
0.023,0.023,-0.02,-0.031,-0.031
0.023,0.023,-0.023,-0.034,-0.034
0.022,0.022,-0.025,-0.036,-0.036
0.021,0.021,-0.028,-0.038,-0.038
0.02,0.02,-0.03,-0.04,-0.04
0.019,0.019,-0.033,-0.042,-0.042
0.018,0.018,-0.035,-0.044,-0.044
0.017,0.017,-0.037,-0.046,-0.046
0.016,0.016,-0.039,-0.048,-0.048
0.015,0.015,-0.041,-0.049,-0.049
0.013,0.013,-0.043,-0.05,-0.05
0.012,0.012,-0.044,-0.051,-0.051
0.01,0.01,-0.046,-0.052,-0.052
0.009,0.009,-0.047,-0.053,-0.053
0.007,0.007,-0.049,-0.053,-0.053
0.005,0.005,-0.05,-0.054,-0.054
0.004,0.004,-0.05,-0.054,-0.054
0.002,0.002,-0.051,-0.054,-0.054
0,0,-0.052,-0.054,-0.054
-0.001,-0.001,-0.052,-0.054,-0.054
-0.003,-0.003,-0.053,-0.054,-0.054
-0.004,-0.004,-0.053,-0.053,-0.053
-0.006,-0.006,-0.053,-0.053,-0.053
-0.007,-0.007,-0.053,-0.052,-0.052
-0.009,-0.009,-0.052,-0.051,-0.051
-0.01,-0.01,-0.052,-0.051,-0.051
-0.011,-0.011,-0.052,-0.05,-0.05
-0.012,-0.012,-0.051,-0.049,-0.049
-0.013,-0.013,-0.051,-0.048,-0.048
-0.014,-0.014,-0.05,-0.048,-0.048
-0.014,-0.014,-0.049,-0.047,-0.047
-0.015,-0.015,-0.049,-0.046,-0.046
-0.015,-0.015,-0.048,-0.045,-0.045
-0.015,-0.015,-0.047,-0.044,-0.044
-0.015,-0.015,-0.046,-0.043,-0.043
-0.015,-0.015,-0.046,-0.042,-0.042
-0.015,-0.015,-0.045,-0.041,-0.041
-0.014,-0.014,-0.044,-0.041,-0.041
-0.014,-0.014,-0.044,-0.04,-0.04
-0.013,-0.013,-0.043,-0.039,-0.039
-0.012,-0.012,-0.042,-0.038,-0.038
-0.012,-0.012,-0.042,-0.037,-0.037
-0.011,-0.011,-0.041,-0.036,-0.036
-0.01,-0.01,-0.04,-0.035,-0.035
-0.009,-0.009,-0.04,-0.034,-0.034
-0.008,-0.008,-0.039,-0.033,-0.033
-0.006,-0.006,-0.038,-0.031,-0.031
-0.005,-0.005,-0.037,-0.03,-0.03
-0.004,-0.004,-0.037,-0.029,-0.029
-0.003,-0.003,-0.036,-0.028,-0.028
-0.002,-0.002,-0.035,-0.027,-0.027
-0.001,-0.001,-0.034,-0.025,-0.025
0.001,0.001,-0.033,-0.024,-0.024
0.002,0.002,-0.032,-0.023,-0.023
0.003,0.003,-0.031,-0.021,-0.021
0.004,0.004,-0.03,-0.02,-0.02
0.005,0.005,-0.029,-0.019,-0.019
0.006,0.006,-0.028,-0.018,-0.018
0.007,0.007,-0.027,-0.017,-0.017
0.008,0.008,-0.026,-0.016,-0.016
0.008,0.008,-0.025,-0.015,-0.015
0.009,0.009,-0.024,-0.014,-0.014
0.01,0.01,-0.023,-0.013,-0.013
0.01,0.01,-0.022,-0.012,-0.012
0.01,0.01,-0.021,-0.011,-0.011
0.011,0.011,-0.02,-0.011,-0.011
0.011,0.011,-0.019,-0.011,-0.011
0.011,0.011,-0.019,-0.01,-0.01
0.011,0.011,-0.018,-0.01,-0.01
0.011,0.011,-0.018,-0.01,-0.01
0.011,0.011,-0.017,-0.01,-0.01
0.011,0.011,-0.017,-0.011,-0.011
0.01,0.01,-0.017,-0.011,-0.011
0.01,0.01,-0.017,-0.011,-0.011
0.01,0.01,-0.017,-0.012,-0.012
0.009,0.009,-0.017,-0.012,-0.012
0.009,0.009,-0.017,-0.013,-0.013
0.008,0.008,-0.017,-0.014,-0.014
0.008,0.008,-0.018,-0.014,-0.014
0.007,0.007,-0.018,-0.015,-0.015
0.007,0.007,-0.018,-0.016,-0.016
0.007,0.007,-0.019,-0.016,-0.016
0.006,0.006,-0.019,-0.017,-0.017
0.006,0.006,-0.019,-0.017,-0.017
0.006,0.006,-0.02,-0.018,-0.018
0.006,0.006,-0.02,-0.018,-0.018
0.006,0.006,-0.02,-0.019,-0.019
0.005,0.005,-0.02,-0.019,-0.019
0.005,0.005,-0.02,-0.02,-0.02
0.005,0.005,-0.02,-0.02,-0.02
0.005,0.005,-0.02,-0.02,-0.02
0.005,0.005,-0.02,-0.02,-0.02
0.005,0.005,-0.02,-0.02,-0.02
0.005,0.005,-0.02,-0.021,-0.021
0.005,0.005,-0.02,-0.021,-0.021
0.005,0.005,-0.02,-0.021,-0.021
0.005,0.005,-0.02,-0.021,-0.021
0.005,0.005,-0.02,-0.021,-0.021
0.005,0.005,-0.019,-0.021,-0.021
0.005,0.005,-0.019,-0.021,-0.021
0.004,0.004,-0.019,-0.021,-0.021
0.004,0.004,-0.019,-0.021,-0.021
0.003,0.003,-0.019,-0.021,-0.021
0.003,0.003,-0.019,-0.021,-0.021
0.002,0.002,-0.02,-0.021,-0.021
0.001,0.001,-0.02,-0.021,-0.021
0,0,-0.02,-0.021,-0.021
-0.001,-0.001,-0.021,-0.021,-0.021
-0.002,-0.002,-0.021,-0.021,-0.021
-0.003,-0.003,-0.022,-0.021,-0.021
-0.004,-0.004,-0.023,-0.021,-0.021
-0.006,-0.006,-0.023,-0.021,-0.021
-0.007,-0.007,-0.024,-0.022,-0.022
-0.008,-0.008,-0.025,-0.022,-0.022
-0.01,-0.01,-0.026,-0.022,-0.022
-0.011,-0.011,-0.027,-0.022,-0.022
-0.012,-0.012,-0.027,-0.022,-0.022
-0.013,-0.013,-0.028,-0.022,-0.022
-0.015,-0.015,-0.029,-0.022,-0.022
-0.016,-0.016,-0.03,-0.022,-0.022
-0.017,-0.017,-0.031,-0.022,-0.022
-0.018,-0.018,-0.032,-0.022,-0.022
-0.018,-0.018,-0.032,-0.022,-0.022
-0.019,-0.019,-0.033,-0.022,-0.022
-0.02,-0.02,-0.034,-0.022,-0.022
-0.02,-0.02,-0.034,-0.022,-0.022
-0.021,-0.021,-0.034,-0.022,-0.022
-0.021,-0.021,-0.035,-0.021,-0.021
-0.021,-0.021,-0.035,-0.021,-0.021
-0.021,-0.021,-0.035,-0.021,-0.021
-0.021,-0.021,-0.035,-0.02,-0.02
-0.02,-0.02,-0.035,-0.02,-0.02
-0.02,-0.02,-0.035,-0.02,-0.02
-0.019,-0.019,-0.035,-0.019,-0.019
-0.019,-0.019,-0.035,-0.019,-0.019
-0.018,-0.018,-0.034,-0.019,-0.019
-0.018,-0.018,-0.034,-0.018,-0.018
-0.017,-0.017,-0.034,-0.018,-0.018
-0.016,-0.016,-0.033,-0.017,-0.017
-0.015,-0.015,-0.033,-0.017,-0.017
-0.014,-0.014,-0.032,-0.017,-0.017
-0.014,-0.014,-0.031,-0.017,-0.017
-0.013,-0.013,-0.031,-0.016,-0.016
-0.012,-0.012,-0.03,-0.016,-0.016
-0.011,-0.011,-0.03,-0.016,-0.016
-0.011,-0.011,-0.029,-0.016,-0.016
-0.01,-0.01,-0.028,-0.016,-0.016
-0.009,-0.009,-0.028,-0.016,-0.016
-0.009,-0.009,-0.027,-0.016,-0.016
-0.008,-0.008,-0.026,-0.016,-0.016
-0.008,-0.008,-0.026,-0.016,-0.016
-0.008,-0.008,-0.025,-0.017,-0.017
-0.008,-0.008,-0.025,-0.017,-0.017
-0.008,-0.008,-0.024,-0.017,-0.017
-0.008,-0.008,-0.023,-0.017,-0.017
-0.008,-0.008,-0.023,-0.018,-0.018
-0.008,-0.008,-0.022,-0.018,-0.018
-0.008,-0.008,-0.022,-0.018,-0.018
-0.008,-0.008,-0.021,-0.018,-0.018
-0.008,-0.008,-0.021,-0.018,-0.018
-0.009,-0.009,-0.02,-0.018,-0.018
-0.009,-0.009,-0.02,-0.019,-0.019
-0.009,-0.009,-0.019,-0.019,-0.019
-0.01,-0.01,-0.019,-0.018,-0.018
-0.01,-0.01,-0.018,-0.018,-0.018
-0.01,-0.01,-0.018,-0.018,-0.018
-0.011,-0.011,-0.017,-0.018,-0.018
-0.011,-0.011,-0.017,-0.018,-0.018
-0.011,-0.011,-0.016,-0.017,-0.017
-0.011,-0.011,-0.016,-0.017,-0.017
-0.012,-0.012,-0.015,-0.016,-0.016
-0.012,-0.012,-0.015,-0.015,-0.015
-0.012,-0.012,-0.014,-0.015,-0.015
-0.012,-0.012,-0.014,-0.014,-0.014
-0.012,-0.012,-0.013,-0.013,-0.013
-0.011,-0.011,-0.013,-0.013,-0.013
-0.011,-0.011,-0.012,-0.012,-0.012
-0.011,-0.011,-0.012,-0.011,-0.011
-0.011,-0.011,-0.012,-0.011,-0.011
-0.01,-0.01,-0.011,-0.01,-0.01
-0.01,-0.01,-0.011,-0.009,-0.009
-0.01,-0.01,-0.011,-0.009,-0.009
-0.009,-0.009,-0.01,-0.008,-0.008
-0.009,-0.009,-0.01,-0.008,-0.008
-0.008,-0.008,-0.01,-0.008,-0.008
-0.008,-0.008,-0.009,-0.007,-0.007
-0.008,-0.008,-0.009,-0.007,-0.007
-0.007,-0.007,-0.009,-0.007,-0.007
-0.007,-0.007,-0.008,-0.007,-0.007
-0.006,-0.006,-0.008,-0.008,-0.008
-0.006,-0.006,-0.008,-0.008,-0.008
-0.006,-0.006,-0.007,-0.008,-0.008
-0.005,-0.005,-0.007,-0.008,-0.008
-0.005,-0.005,-0.007,-0.009,-0.009
-0.005,-0.005,-0.006,-0.009,-0.009
-0.004,-0.004,-0.006,-0.01,-0.01
-0.004,-0.004,-0.006,-0.01,-0.01
-0.004,-0.004,-0.005,-0.011,-0.011
-0.004,-0.004,-0.005,-0.011,-0.011
-0.004,-0.004,-0.004,-0.012,-0.012
-0.003,-0.003,-0.004,-0.012,-0.012
-0.003,-0.003,-0.003,-0.012,-0.012
-0.003,-0.003,-0.003,-0.013,-0.013
-0.003,-0.003,-0.003,-0.013,-0.013
-0.003,-0.003,-0.002,-0.013,-0.013
-0.003,-0.003,-0.002,-0.013,-0.013
-0.003,-0.003,-0.001,-0.013,-0.013
-0.003,-0.003,-0.001,-0.013,-0.013
-0.003,-0.003,-0.001,-0.013,-0.013
-0.003,-0.003,0,-0.012,-0.012
-0.003,-0.003,0,-0.012,-0.012
-0.003,-0.003,0,-0.012,-0.012
-0.003,-0.003,0,-0.012,-0.012
-0.003,-0.003,0,-0.011,-0.011
-0.003,-0.003,0.001,-0.011,-0.011
-0.003,-0.003,0.001,-0.011,-0.011
-0.003,-0.003,0,-0.01,-0.01
-0.003,-0.003,0,-0.01,-0.01
-0.003,-0.003,0,-0.01,-0.01
-0.002,-0.002,0,-0.01,-0.01
-0.002,-0.002,0,-0.01,-0.01
-0.002,-0.002,-0.001,-0.01,-0.01
-0.002,-0.002,-0.001,-0.01,-0.01
-0.002,-0.002,-0.001,-0.01,-0.01
-0.001,-0.001,-0.002,-0.01,-0.01
-0.001,-0.001,-0.002,-0.01,-0.01
-0.001,-0.001,-0.003,-0.011,-0.011
-0.001,-0.001,-0.003,-0.011,-0.011
0,0,-0.004,-0.011,-0.011
0,0,-0.004,-0.012,-0.012
0,0,-0.004,-0.012,-0.012
0.001,0.001,-0.005,-0.013,-0.013
0.001,0.001,-0.005,-0.013,-0.013
0.001,0.001,-0.005,-0.014,-0.014
0.001,0.001,-0.005,-0.014,-0.014
0.002,0.002,-0.006,-0.015,-0.015
0.002,0.002,-0.006,-0.015,-0.015
0.002,0.002,-0.006,-0.016,-0.016
0.002,0.002,-0.006,-0.016,-0.016
0.002,0.002,-0.005,-0.016,-0.016
0.002,0.002,-0.005,-0.016,-0.016
0.003,0.003,-0.005,-0.017,-0.017
0.003,0.003,-0.005,-0.017,-0.017
0.003,0.003,-0.004,-0.017,-0.017
0.003,0.003,-0.004,-0.017,-0.017
0.003,0.003,-0.003,-0.017,-0.017
0.003,0.003,-0.003,-0.016,-0.016
0.003,0.003,-0.003,-0.016,-0.016
0.002,0.002,-0.002,-0.016,-0.016
0.002,0.002,-0.002,-0.016,-0.016
0.002,0.002,-0.001,-0.015,-0.015
0.002,0.002,-0.001,-0.015,-0.015
0.002,0.002,0,-0.014,-0.014
0.002,0.002,0,-0.014,-0.014
0.002,0.002,0,-0.013,-0.013
0.002,0.002,0.001,-0.012,-0.012
0.001,0.001,0.001,-0.012,-0.012
0.001,0.001,0.001,-0.011,-0.011
0.001,0.001,0.001,-0.011,-0.011
0.001,0.001,0.001,-0.01,-0.01
0.001,0.001,0.001,-0.009,-0.009
0.001,0.001,0.001,-0.009,-0.009
0.001,0.001,0,-0.008,-0.008
0,0,0,-0.008,-0.008
0,0,0,-0.007,-0.007
0,0,0,-0.007,-0.007
0,0,-0.001,-0.006,-0.006
0,0,-0.001,-0.006,-0.006
0,0,-0.002,-0.006,-0.006
0,0,-0.002,-0.005,-0.005
0,0,-0.002,-0.005,-0.005
0,0,-0.003,-0.005,-0.005
0,0,-0.003,-0.005,-0.005
0,0,-0.003,-0.005,-0.005
0,0,-0.003,-0.005,-0.005
0,0,-0.003,-0.005,-0.005
0.001,0.001,-0.003,-0.005,-0.005
0.001,0.001,-0.003,-0.006,-0.006
0.001,0.001,-0.003,-0.006,-0.006
0.001,0.001,-0.003,-0.006,-0.006
0.001,0.001,-0.002,-0.007,-0.007
0.001,0.001,-0.002,-0.007,-0.007
0.001,0.001,-0.001,-0.007,-0.007
0.002,0.002,-0.001,-0.008,-0.008
0.002,0.002,0,-0.008,-0.008
0.002,0.002,0.001,-0.009,-0.009
0.002,0.002,0.002,-0.009,-0.009
0.003,0.003,0.002,-0.01,-0.01
0.003,0.003,0.003,-0.01,-0.01
0.003,0.003,0.004,-0.011,-0.011
0.004,0.004,0.005,-0.011,-0.011
0.004,0.004,0.006,-0.011,-0.011
0.005,0.005,0.007,-0.011,-0.011
0.005,0.005,0.008,-0.011,-0.011
0.006,0.006,0.01,-0.01,-0.01
0.007,0.007,0.011,-0.01,-0.01
0.008,0.008,0.012,-0.009,-0.009
0.009,0.009,0.013,-0.008,-0.008
0.01,0.01,0.014,-0.007,-0.007
0.011,0.011,0.016,-0.005,-0.005
0.013,0.013,0.017,-0.003,-0.003
0.015,0.015,0.018,-0.001,-0.001
0.017,0.017,0.02,0.001,0.001
0.019,0.019,0.021,0.003,0.003
0.021,0.021,0.022,0.006,0.006
0.024,0.024,0.024,0.009,0.009
0.026,0.026,0.025,0.012,0.012
0.029,0.029,0.027,0.015,0.015
0.032,0.032,0.029,0.018,0.018
0.035,0.035,0.03,0.021,0.021
0.037,0.037,0.032,0.025,0.025
0.04,0.04,0.033,0.028,0.028
0.043,0.043,0.034,0.031,0.031
0.046,0.046,0.036,0.034,0.034
0.048,0.048,0.037,0.037,0.037
0.051,0.051,0.038,0.04,0.04
0.053,0.053,0.038,0.042,0.042
0.055,0.055,0.039,0.044,0.044
0.056,0.056,0.039,0.046,0.046
0.058,0.058,0.039,0.047,0.047
0.058,0.058,0.039,0.048,0.048
0.059,0.059,0.039,0.048,0.048
0.059,0.059,0.038,0.048,0.048
0.058,0.058,0.037,0.048,0.048
0.058,0.058,0.035,0.047,0.047
0.056,0.056,0.034,0.045,0.045
0.055,0.055,0.031,0.043,0.043
0.053,0.053,0.029,0.041,0.041
0.05,0.05,0.026,0.038,0.038
0.047,0.047,0.023,0.035,0.035
0.044,0.044,0.02,0.031,0.031
0.041,0.041,0.017,0.027,0.027
0.037,0.037,0.013,0.023,0.023
0.034,0.034,0.01,0.019,0.019
0.03,0.03,0.006,0.015,0.015
0.026,0.026,0.002,0.011,0.011
0.022,0.022,-0.001,0.007,0.007
0.018,0.018,-0.005,0.002,0.002
0.015,0.015,-0.008,-0.001,-0.001
0.011,0.011,-0.012,-0.005,-0.005
0.008,0.008,-0.015,-0.009,-0.009
0.005,0.005,-0.018,-0.012,-0.012
0.002,0.002,-0.02,-0.014,-0.014
0,0,-0.022,-0.017,-0.017
-0.002,-0.002,-0.024,-0.019,-0.019
-0.003,-0.003,-0.025,-0.02,-0.02
-0.004,-0.004,-0.026,-0.021,-0.021
-0.004,-0.004,-0.026,-0.021,-0.021
-0.004,-0.004,-0.026,-0.021,-0.021
-0.003,-0.003,-0.026,-0.021,-0.021
-0.001,-0.001,-0.024,-0.019,-0.019
0.001,0.001,-0.023,-0.018,-0.018
0.003,0.003,-0.02,-0.016,-0.016
0.006,0.006,-0.017,-0.013,-0.013
0.01,0.01,-0.014,-0.01,-0.01
0.014,0.014,-0.01,-0.006,-0.006
0.019,0.019,-0.005,-0.003,-0.003
0.024,0.024,0,0.002,0.002
0.03,0.03,0.005,0.006,0.006
0.037,0.037,0.011,0.011,0.011
0.043,0.043,0.018,0.017,0.017
0.051,0.051,0.025,0.022,0.022
0.058,0.058,0.032,0.028,0.028
0.066,0.066,0.04,0.034,0.034
0.074,0.074,0.048,0.04,0.04
0.082,0.082,0.056,0.046,0.046
0.09,0.09,0.064,0.051,0.051
0.098,0.098,0.072,0.057,0.057
0.106,0.106,0.08,0.063,0.063
0.114,0.114,0.088,0.068,0.068
0.121,0.121,0.095,0.072,0.072
0.128,0.128,0.103,0.077,0.077
0.134,0.134,0.109,0.08,0.08
0.14,0.14,0.115,0.083,0.083
0.144,0.144,0.12,0.085,0.085
0.147,0.147,0.124,0.086,0.086
0.149,0.149,0.127,0.086,0.086
0.15,0.15,0.129,0.085,0.085
0.149,0.149,0.13,0.082,0.082
0.147,0.147,0.129,0.078,0.078
0.143,0.143,0.127,0.073,0.073
0.137,0.137,0.123,0.066,0.066
0.129,0.129,0.117,0.058,0.058
0.119,0.119,0.109,0.048,0.048
0.108,0.108,0.1,0.036,0.036
0.094,0.094,0.089,0.023,0.023
0.078,0.078,0.076,0.008,0.008
0.06,0.06,0.061,-0.009,-0.009
0.04,0.04,0.045,-0.027,-0.027
0.018,0.018,0.027,-0.047,-0.047
-0.006,-0.006,0.007,-0.069,-0.069
-0.031,-0.031,-0.015,-0.092,-0.092
-0.058,-0.058,-0.038,-0.117,-0.117
-0.087,-0.087,-0.062,-0.143,-0.143
-0.117,-0.117,-0.087,-0.169,-0.169
-0.148,-0.148,-0.114,-0.197,-0.197
-0.18,-0.18,-0.141,-0.225,-0.225
-0.212,-0.212,-0.169,-0.254,-0.254
-0.245,-0.245,-0.197,-0.284,-0.284
-0.278,-0.278,-0.226,-0.313,-0.313
-0.311,-0.311,-0.254,-0.342,-0.342
-0.344,-0.344,-0.282,-0.37,-0.37
-0.375,-0.375,-0.31,-0.398,-0.398
-0.406,-0.406,-0.337,-0.425,-0.425
-0.435,-0.435,-0.363,-0.45,-0.45
-0.463,-0.463,-0.388,-0.475,-0.475
-0.489,-0.489,-0.411,-0.497,-0.497
-0.513,-0.513,-0.433,-0.518,-0.518
-0.535,-0.535,-0.454,-0.537,-0.537
-0.554,-0.554,-0.472,-0.553,-0.553
-0.571,-0.571,-0.488,-0.567,-0.567
-0.585,-0.585,-0.502,-0.578,-0.578
-0.596,-0.596,-0.514,-0.587,-0.587
-0.605,-0.605,-0.524,-0.594,-0.594
-0.61,-0.61,-0.531,-0.597,-0.597
-0.612,-0.612,-0.535,-0.598,-0.598
-0.612,-0.612,-0.537,-0.596,-0.596
-0.609,-0.609,-0.537,-0.591,-0.591
-0.602,-0.602,-0.534,-0.583,-0.583
-0.594,-0.594,-0.529,-0.573,-0.573
-0.582,-0.582,-0.521,-0.561,-0.561
-0.568,-0.568,-0.511,-0.546,-0.546
-0.552,-0.552,-0.499,-0.529,-0.529
-0.534,-0.534,-0.486,-0.51,-0.51
-0.514,-0.514,-0.47,-0.49,-0.49
-0.492,-0.492,-0.452,-0.468,-0.468
-0.469,-0.469,-0.433,-0.444,-0.444
-0.445,-0.445,-0.413,-0.419,-0.419
-0.42,-0.42,-0.392,-0.394,-0.394
-0.394,-0.394,-0.369,-0.368,-0.368
-0.368,-0.368,-0.346,-0.341,-0.341
-0.341,-0.341,-0.323,-0.314,-0.314
-0.315,-0.315,-0.299,-0.288,-0.288
-0.288,-0.288,-0.275,-0.262,-0.262
-0.262,-0.262,-0.251,-0.236,-0.236
-0.237,-0.237,-0.228,-0.211,-0.211
-0.212,-0.212,-0.205,-0.187,-0.187
-0.188,-0.188,-0.182,-0.164,-0.164
-0.166,-0.166,-0.161,-0.142,-0.142
-0.144,-0.144,-0.14,-0.122,-0.122
-0.124,-0.124,-0.12,-0.103,-0.103
-0.104,-0.104,-0.102,-0.085,-0.085
-0.087,-0.087,-0.085,-0.069,-0.069
-0.07,-0.07,-0.069,-0.055,-0.055
-0.055,-0.055,-0.054,-0.042,-0.042
-0.042,-0.042,-0.04,-0.031,-0.031
-0.03,-0.03,-0.028,-0.021,-0.021
-0.019,-0.019,-0.018,-0.013,-0.013
-0.009,-0.009,-0.008,-0.006,-0.006
-0.001,-0.001,0,0,0
0.006,0.006,0.007,0.005,0.005
0.013,0.013,0.014,0.009,0.009
0.018,0.018,0.019,0.012,0.012
0.022,0.022,0.023,0.014,0.014
0.026,0.026,0.027,0.015,0.015
0.029,0.029,0.03,0.016,0.016
0.031,0.031,0.032,0.017,0.017
0.033,0.033,0.034,0.017,0.017
0.035,0.035,0.036,0.017,0.017
0.036,0.036,0.037,0.018,0.018
0.037,0.037,0.038,0.018,0.018
0.038,0.038,0.039,0.018,0.018
0.039,0.039,0.041,0.019,0.019
0.039,0.039,0.042,0.02,0.02
0.04,0.04,0.043,0.021,0.021
0.041,0.041,0.044,0.022,0.022
0.042,0.042,0.046,0.024,0.024
0.042,0.042,0.048,0.026,0.026
0.044,0.044,0.05,0.028,0.028
0.045,0.045,0.052,0.031,0.031
0.046,0.046,0.054,0.034,0.034
0.047,0.047,0.057,0.037,0.037
0.049,0.049,0.06,0.04,0.04
0.051,0.051,0.062,0.043,0.043
0.052,0.052,0.065,0.047,0.047
0.054,0.054,0.068,0.05,0.05
0.056,0.056,0.071,0.053,0.053
0.058,0.058,0.074,0.056,0.056
0.06,0.06,0.077,0.059,0.059
0.062,0.062,0.08,0.062,0.062
0.064,0.064,0.082,0.065,0.065
0.066,0.066,0.084,0.067,0.067
0.068,0.068,0.086,0.069,0.069
0.069,0.069,0.088,0.07,0.07
0.071,0.071,0.09,0.072,0.072
0.073,0.073,0.091,0.072,0.072
0.074,0.074,0.092,0.073,0.073
0.075,0.075,0.092,0.073,0.073
0.076,0.076,0.092,0.073,0.073
0.077,0.077,0.092,0.072,0.072
0.078,0.078,0.092,0.072,0.072
0.079,0.079,0.091,0.071,0.071
0.079,0.079,0.09,0.069,0.069
0.08,0.08,0.089,0.068,0.068
0.08,0.08,0.088,0.066,0.066
0.08,0.08,0.086,0.065,0.065
0.08,0.08,0.085,0.063,0.063
0.08,0.08,0.083,0.061,0.061
0.08,0.08,0.081,0.06,0.06
0.079,0.079,0.08,0.058,0.058
0.079,0.079,0.078,0.057,0.057
0.079,0.079,0.076,0.056,0.056
0.078,0.078,0.075,0.055,0.055
0.078,0.078,0.074,0.054,0.054
0.077,0.077,0.072,0.054,0.054
0.077,0.077,0.071,0.053,0.053
0.077,0.077,0.071,0.053,0.053
0.076,0.076,0.07,0.053,0.053
0.076,0.076,0.07,0.054,0.054
0.076,0.076,0.07,0.054,0.054
0.075,0.075,0.07,0.055,0.055
0.075,0.075,0.07,0.056,0.056
0.075,0.075,0.071,0.057,0.057
0.075,0.075,0.072,0.058,0.058
0.075,0.075,0.073,0.059,0.059
0.075,0.075,0.074,0.06,0.06
0.076,0.076,0.075,0.062,0.062
0.076,0.076,0.077,0.063,0.063
0.076,0.076,0.079,0.065,0.065
0.077,0.077,0.08,0.066,0.066
0.077,0.077,0.082,0.067,0.067
0.078,0.078,0.084,0.069,0.069
0.078,0.078,0.086,0.07,0.07
0.079,0.079,0.088,0.071,0.071
0.08,0.08,0.089,0.072,0.072
0.08,0.08,0.091,0.073,0.073
0.081,0.081,0.093,0.074,0.074
0.082,0.082,0.094,0.074,0.074
0.083,0.083,0.096,0.075,0.075
0.083,0.083,0.097,0.075,0.075
0.084,0.084,0.098,0.076,0.076
0.085,0.085,0.099,0.076,0.076
0.086,0.086,0.1,0.076,0.076
0.086,0.086,0.1,0.076,0.076
0.087,0.087,0.101,0.076,0.076
0.088,0.088,0.101,0.076,0.076
0.088,0.088,0.101,0.076,0.076
0.088,0.088,0.101,0.076,0.076
0.089,0.089,0.101,0.076,0.076
0.089,0.089,0.1,0.075,0.075
0.089,0.089,0.1,0.075,0.075
0.09,0.09,0.1,0.075,0.075
0.09,0.09,0.099,0.075,0.075
0.09,0.09,0.099,0.075,0.075
0.09,0.09,0.098,0.074,0.074
0.09,0.09,0.098,0.074,0.074
0.089,0.089,0.098,0.074,0.074
0.089,0.089,0.097,0.074,0.074
0.089,0.089,0.097,0.074,0.074
0.089,0.089,0.097,0.074,0.074
0.088,0.088,0.097,0.074,0.074
0.088,0.088,0.097,0.074,0.074
0.088,0.088,0.097,0.073,0.073
0.088,0.088,0.097,0.073,0.073
0.087,0.087,0.097,0.073,0.073
0.087,0.087,0.098,0.073,0.073
0.087,0.087,0.098,0.073,0.073
0.086,0.086,0.099,0.073,0.073
0.086,0.086,0.099,0.073,0.073
0.086,0.086,0.1,0.073,0.073
0.086,0.086,0.101,0.073,0.073
0.086,0.086,0.101,0.073,0.073
0.086,0.086,0.102,0.073,0.073
0.086,0.086,0.103,0.073,0.073
0.086,0.086,0.103,0.073,0.073
0.087,0.087,0.104,0.073,0.073
0.087,0.087,0.105,0.073,0.073
0.087,0.087,0.105,0.073,0.073
0.088,0.088,0.106,0.072,0.072
0.088,0.088,0.106,0.072,0.072
0.088,0.088,0.106,0.072,0.072
0.089,0.089,0.106,0.072,0.072
0.089,0.089,0.106,0.072,0.072
0.089,0.089,0.106,0.072,0.072
0.09,0.09,0.106,0.072,0.072
0.09,0.09,0.106,0.071,0.071
0.09,0.09,0.106,0.071,0.071
0.09,0.09,0.105,0.071,0.071
0.091,0.091,0.105,0.071,0.071
0.091,0.091,0.104,0.071,0.071
0.091,0.091,0.104,0.071,0.071
0.091,0.091,0.103,0.071,0.071
0.091,0.091,0.102,0.071,0.071
0.09,0.09,0.102,0.071,0.071
0.09,0.09,0.101,0.071,0.071
0.09,0.09,0.1,0.072,0.072
0.09,0.09,0.099,0.072,0.072
0.089,0.089,0.099,0.072,0.072
0.089,0.089,0.098,0.072,0.072
0.088,0.088,0.097,0.073,0.073
0.088,0.088,0.097,0.073,0.073
0.087,0.087,0.096,0.073,0.073
0.086,0.086,0.096,0.074,0.074
0.086,0.086,0.095,0.074,0.074
0.085,0.085,0.095,0.074,0.074
0.085,0.085,0.095,0.075,0.075
0.084,0.084,0.094,0.075,0.075
0.084,0.084,0.094,0.076,0.076
0.083,0.083,0.094,0.076,0.076
0.083,0.083,0.094,0.076,0.076
0.082,0.082,0.094,0.077,0.077
0.082,0.082,0.095,0.077,0.077
0.082,0.082,0.095,0.077,0.077
0.082,0.082,0.095,0.077,0.077
0.082,0.082,0.096,0.078,0.078
0.082,0.082,0.096,0.078,0.078
0.083,0.083,0.097,0.078,0.078
0.083,0.083,0.097,0.078,0.078
0.083,0.083,0.098,0.078,0.078
0.084,0.084,0.099,0.078,0.078
0.084,0.084,0.099,0.077,0.077
0.085,0.085,0.1,0.077,0.077
0.086,0.086,0.1,0.077,0.077
0.086,0.086,0.101,0.077,0.077
0.087,0.087,0.101,0.077,0.077
0.088,0.088,0.102,0.076,0.076
0.089,0.089,0.102,0.076,0.076
0.089,0.089,0.102,0.076,0.076
0.09,0.09,0.102,0.076,0.076
0.091,0.091,0.102,0.075,0.075
0.091,0.091,0.102,0.075,0.075
0.092,0.092,0.102,0.075,0.075
0.093,0.093,0.102,0.075,0.075
0.093,0.093,0.102,0.075,0.075
0.094,0.094,0.101,0.075,0.075
0.094,0.094,0.101,0.075,0.075
0.094,0.094,0.1,0.075,0.075
0.094,0.094,0.1,0.075,0.075
0.095,0.095,0.099,0.075,0.075
0.095,0.095,0.099,0.075,0.075
0.095,0.095,0.098,0.075,0.075
0.095,0.095,0.098,0.075,0.075
0.094,0.094,0.097,0.075,0.075
0.094,0.094,0.096,0.076,0.076
0.094,0.094,0.096,0.076,0.076
0.094,0.094,0.096,0.076,0.076
0.093,0.093,0.095,0.077,0.077
0.093,0.093,0.095,0.077,0.077
0.092,0.092,0.095,0.078,0.078
0.092,0.092,0.095,0.078,0.078
0.092,0.092,0.094,0.079,0.079
0.091,0.091,0.094,0.079,0.079
0.091,0.091,0.095,0.08,0.08
0.09,0.09,0.095,0.08,0.08
0.09,0.09,0.095,0.081,0.081
0.09,0.09,0.095,0.081,0.081
0.09,0.09,0.096,0.082,0.082
0.09,0.09,0.096,0.082,0.082
0.09,0.09,0.096,0.082,0.082
0.09,0.09,0.097,0.083,0.083
0.09,0.09,0.097,0.083,0.083
0.09,0.09,0.098,0.083,0.083
0.09,0.09,0.098,0.084,0.084
0.091,0.091,0.099,0.084,0.084
0.091,0.091,0.099,0.084,0.084
0.091,0.091,0.1,0.084,0.084
0.092,0.092,0.1,0.084,0.084
0.092,0.092,0.1,0.085,0.085
0.093,0.093,0.1,0.085,0.085
0.094,0.094,0.101,0.085,0.085
0.094,0.094,0.101,0.085,0.085
0.095,0.095,0.101,0.085,0.085
0.095,0.095,0.101,0.085,0.085
0.096,0.096,0.1,0.084,0.084
0.096,0.096,0.1,0.084,0.084
0.097,0.097,0.1,0.084,0.084
0.097,0.097,0.1,0.084,0.084
0.097,0.097,0.099,0.084,0.084
0.098,0.098,0.099,0.084,0.084
0.098,0.098,0.099,0.084,0.084
0.098,0.098,0.098,0.084,0.084
0.098,0.098,0.098,0.084,0.084
0.098,0.098,0.098,0.084,0.084
0.099,0.099,0.098,0.084,0.084
0.099,0.099,0.097,0.084,0.084
0.099,0.099,0.097,0.084,0.084
0.099,0.099,0.097,0.084,0.084
0.099,0.099,0.097,0.084,0.084
0.099,0.099,0.097,0.084,0.084
0.099,0.099,0.098,0.085,0.085
0.099,0.099,0.098,0.085,0.085
0.099,0.099,0.098,0.085,0.085
0.099,0.099,0.099,0.085,0.085
0.099,0.099,0.099,0.086,0.086
0.1,0.1,0.099,0.086,0.086
0.1,0.1,0.1,0.086,0.086
0.1,0.1,0.1,0.086,0.086
0.101,0.101,0.101,0.087,0.087
0.102,0.102,0.101,0.087,0.087
0.102,0.102,0.102,0.087,0.087
0.103,0.103,0.102,0.088,0.088
0.104,0.104,0.102,0.088,0.088
0.105,0.105,0.103,0.088,0.088
0.105,0.105,0.103,0.089,0.089
0.106,0.106,0.103,0.089,0.089
0.107,0.107,0.103,0.089,0.089
0.108,0.108,0.103,0.09,0.09
0.11,0.11,0.103,0.09,0.09
0.111,0.111,0.103,0.091,0.091
0.112,0.112,0.103,0.091,0.091
0.113,0.113,0.103,0.091,0.091
0.114,0.114,0.102,0.092,0.092
0.114,0.114,0.102,0.092,0.092
0.115,0.115,0.101,0.093,0.093
0.116,0.116,0.101,0.093,0.093
0.117,0.117,0.1,0.094,0.094
0.117,0.117,0.1,0.094,0.094
0.118,0.118,0.099,0.095,0.095
0.118,0.118,0.098,0.095,0.095
0.119,0.119,0.098,0.096,0.096
0.119,0.119,0.097,0.096,0.096
0.119,0.119,0.097,0.097,0.097
0.119,0.119,0.096,0.097,0.097
0.119,0.119,0.096,0.098,0.098
0.119,0.119,0.096,0.099,0.099
0.119,0.119,0.095,0.099,0.099
0.118,0.118,0.095,0.1,0.1
0.118,0.118,0.095,0.1,0.1
0.118,0.118,0.095,0.101,0.101
0.118,0.118,0.096,0.101,0.101
0.117,0.117,0.096,0.102,0.102
0.117,0.117,0.097,0.102,0.102
0.117,0.117,0.097,0.103,0.103
0.117,0.117,0.098,0.103,0.103
0.117,0.117,0.099,0.104,0.104
0.116,0.116,0.1,0.104,0.104
0.117,0.117,0.101,0.105,0.105
0.117,0.117,0.102,0.105,0.105
0.117,0.117,0.103,0.106,0.106
0.117,0.117,0.104,0.106,0.106
0.117,0.117,0.105,0.106,0.106
0.118,0.118,0.106,0.107,0.107
0.118,0.118,0.107,0.107,0.107
0.119,0.119,0.109,0.108,0.108
0.12,0.12,0.11,0.108,0.108
0.12,0.12,0.111,0.109,0.109
0.121,0.121,0.112,0.109,0.109
0.122,0.122,0.113,0.109,0.109
0.122,0.122,0.113,0.11,0.11
0.123,0.123,0.114,0.11,0.11
0.124,0.124,0.115,0.11,0.11
0.125,0.125,0.115,0.11,0.11
0.125,0.125,0.116,0.111,0.111
0.126,0.126,0.116,0.111,0.111
0.127,0.127,0.117,0.111,0.111
0.127,0.127,0.117,0.111,0.111
0.128,0.128,0.117,0.112,0.112
0.128,0.128,0.117,0.112,0.112
0.129,0.129,0.117,0.112,0.112
0.129,0.129,0.117,0.112,0.112
0.129,0.129,0.117,0.113,0.113
0.13,0.13,0.117,0.113,0.113
0.13,0.13,0.116,0.113,0.113
0.13,0.13,0.116,0.113,0.113
0.13,0.13,0.116,0.114,0.114
0.13,0.13,0.116,0.114,0.114
0.13,0.13,0.116,0.114,0.114
0.13,0.13,0.116,0.115,0.115
0.13,0.13,0.116,0.115,0.115
0.13,0.13,0.116,0.116,0.116
0.131,0.131,0.116,0.116,0.116
0.131,0.131,0.116,0.117,0.117
0.131,0.131,0.116,0.118,0.118
0.131,0.131,0.116,0.118,0.118
0.131,0.131,0.117,0.119,0.119
0.131,0.131,0.117,0.12,0.12
0.132,0.132,0.118,0.121,0.121
0.132,0.132,0.118,0.122,0.122
0.132,0.132,0.119,0.122,0.122
0.132,0.132,0.12,0.123,0.123
0.133,0.133,0.121,0.124,0.124
0.133,0.133,0.121,0.125,0.125
0.134,0.134,0.122,0.126,0.126
0.134,0.134,0.123,0.127,0.127
0.135,0.135,0.124,0.128,0.128
0.135,0.135,0.125,0.129,0.129
0.136,0.136,0.126,0.13,0.13
0.136,0.136,0.127,0.13,0.13
0.137,0.137,0.127,0.131,0.131
0.137,0.137,0.128,0.132,0.132
0.137,0.137,0.129,0.133,0.133
0.138,0.138,0.13,0.133,0.133
0.138,0.138,0.13,0.134,0.134
0.139,0.139,0.131,0.135,0.135
0.139,0.139,0.132,0.135,0.135
0.139,0.139,0.132,0.136,0.136
0.14,0.14,0.133,0.136,0.136
0.14,0.14,0.133,0.137,0.137
0.14,0.14,0.134,0.137,0.137
0.14,0.14,0.134,0.138,0.138
0.141,0.141,0.135,0.138,0.138
0.141,0.141,0.135,0.139,0.139
0.141,0.141,0.135,0.139,0.139
0.141,0.141,0.136,0.14,0.14
0.141,0.141,0.136,0.14,0.14
0.142,0.142,0.136,0.141,0.141
0.142,0.142,0.137,0.141,0.141
0.142,0.142,0.137,0.141,0.141
0.142,0.142,0.137,0.142,0.142
0.143,0.143,0.137,0.142,0.142
0.143,0.143,0.138,0.143,0.143
0.144,0.144,0.138,0.143,0.143
0.144,0.144,0.138,0.144,0.144
0.145,0.145,0.138,0.144,0.144
0.145,0.145,0.139,0.145,0.145
0.146,0.146,0.139,0.145,0.145
0.146,0.146,0.139,0.146,0.146
0.147,0.147,0.139,0.146,0.146
0.148,0.148,0.14,0.147,0.147
0.149,0.149,0.14,0.148,0.148
0.149,0.149,0.14,0.148,0.148
0.15,0.15,0.14,0.149,0.149
0.151,0.151,0.141,0.149,0.149
0.151,0.151,0.141,0.15,0.15
0.152,0.152,0.141,0.151,0.151
0.153,0.153,0.142,0.151,0.151
0.153,0.153,0.142,0.152,0.152
0.154,0.154,0.142,0.152,0.152
0.154,0.154,0.143,0.153,0.153
0.155,0.155,0.143,0.154,0.154
0.155,0.155,0.144,0.154,0.154
0.156,0.156,0.144,0.155,0.155
0.156,0.156,0.145,0.155,0.155
0.156,0.156,0.145,0.156,0.156
0.157,0.157,0.146,0.156,0.156
0.157,0.157,0.146,0.157,0.157
0.157,0.157,0.147,0.157,0.157
0.157,0.157,0.147,0.158,0.158
0.157,0.157,0.148,0.158,0.158
0.157,0.157,0.149,0.159,0.159
0.158,0.158,0.149,0.159,0.159
0.158,0.158,0.15,0.16,0.16
0.158,0.158,0.15,0.16,0.16
0.158,0.158,0.151,0.161,0.161
0.158,0.158,0.152,0.161,0.161
0.159,0.159,0.152,0.162,0.162
0.159,0.159,0.153,0.162,0.162
0.159,0.159,0.153,0.163,0.163
0.16,0.16,0.154,0.163,0.163
0.161,0.161,0.154,0.164,0.164
0.161,0.161,0.155,0.164,0.164
0.162,0.162,0.155,0.165,0.165
0.163,0.163,0.156,0.165,0.165
0.163,0.163,0.156,0.166,0.166
0.164,0.164,0.156,0.167,0.167
0.165,0.165,0.157,0.167,0.167
0.166,0.166,0.157,0.168,0.168
0.167,0.167,0.157,0.168,0.168
0.169,0.169,0.158,0.169,0.169
0.17,0.17,0.158,0.169,0.169
0.171,0.171,0.158,0.17,0.17
0.172,0.172,0.159,0.171,0.171
0.174,0.174,0.159,0.171,0.171
0.175,0.175,0.159,0.172,0.172
0.176,0.176,0.16,0.172,0.172
0.177,0.177,0.16,0.173,0.173
0.179,0.179,0.161,0.173,0.173
0.18,0.18,0.161,0.174,0.174
0.181,0.181,0.161,0.174,0.174
0.182,0.182,0.162,0.174,0.174
0.183,0.183,0.163,0.175,0.175
0.184,0.184,0.163,0.175,0.175
0.185,0.185,0.164,0.175,0.175
0.186,0.186,0.164,0.175,0.175
0.186,0.186,0.165,0.176,0.176
0.187,0.187,0.165,0.176,0.176
0.187,0.187,0.166,0.176,0.176
0.188,0.188,0.166,0.176,0.176
0.188,0.188,0.167,0.176,0.176
0.189,0.189,0.168,0.176,0.176
0.189,0.189,0.168,0.177,0.177
0.189,0.189,0.169,0.177,0.177
0.189,0.189,0.169,0.177,0.177
0.189,0.189,0.17,0.177,0.177
0.189,0.189,0.17,0.177,0.177
0.189,0.189,0.17,0.177,0.177
0.188,0.188,0.171,0.178,0.178
0.188,0.188,0.171,0.178,0.178
0.188,0.188,0.172,0.178,0.178
0.187,0.187,0.172,0.178,0.178
0.187,0.187,0.172,0.179,0.179
0.186,0.186,0.173,0.179,0.179
0.186,0.186,0.173,0.179,0.179
0.186,0.186,0.173,0.18,0.18
0.185,0.185,0.174,0.18,0.18
0.185,0.185,0.174,0.181,0.181
0.184,0.184,0.174,0.181,0.181
0.184,0.184,0.175,0.181,0.181
0.183,0.183,0.175,0.182,0.182
0.183,0.183,0.176,0.182,0.182
0.182,0.182,0.176,0.183,0.183
0.182,0.182,0.176,0.183,0.183
0.182,0.182,0.177,0.184,0.184
0.181,0.181,0.177,0.184,0.184
0.181,0.181,0.177,0.185,0.185
0.181,0.181,0.178,0.185,0.185
0.181,0.181,0.178,0.185,0.185
0.181,0.181,0.178,0.185,0.185
0.181,0.181,0.178,0.186,0.186
0.181,0.181,0.178,0.186,0.186
0.181,0.181,0.179,0.186,0.186
0.181,0.181,0.179,0.186,0.186
0.181,0.181,0.179,0.186,0.186
0.181,0.181,0.179,0.186,0.186
0.181,0.181,0.178,0.186,0.186
0.182,0.182,0.178,0.186,0.186
0.182,0.182,0.178,0.186,0.186
0.182,0.182,0.178,0.186,0.186
0.182,0.182,0.177,0.185,0.185
0.183,0.183,0.177,0.185,0.185
0.183,0.183,0.176,0.185,0.185
0.183,0.183,0.176,0.184,0.184
0.183,0.183,0.175,0.184,0.184
0.183,0.183,0.174,0.183,0.183
0.183,0.183,0.174,0.183,0.183
0.183,0.183,0.173,0.182,0.182
0.183,0.183,0.172,0.182,0.182
0.183,0.183,0.172,0.181,0.181
0.183,0.183,0.171,0.181,0.181
0.183,0.183,0.17,0.18,0.18
0.182,0.182,0.169,0.179,0.179
0.182,0.182,0.168,0.179,0.179
0.182,0.182,0.168,0.178,0.178
0.181,0.181,0.167,0.177,0.177
0.18,0.18,0.166,0.177,0.177
0.179,0.179,0.166,0.176,0.176
0.179,0.179,0.165,0.175,0.175
0.178,0.178,0.164,0.175,0.175
0.177,0.177,0.164,0.174,0.174
0.176,0.176,0.163,0.173,0.173
0.175,0.175,0.163,0.173,0.173
0.173,0.173,0.162,0.172,0.172
0.172,0.172,0.162,0.171,0.171
0.171,0.171,0.162,0.171,0.171
0.17,0.17,0.161,0.17,0.17
0.169,0.169,0.161,0.169,0.169
0.167,0.167,0.16,0.169,0.169
0.166,0.166,0.16,0.168,0.168
0.165,0.165,0.159,0.167,0.167
0.164,0.164,0.159,0.166,0.166
0.162,0.162,0.159,0.166,0.166
0.161,0.161,0.158,0.165,0.165
0.16,0.16,0.158,0.164,0.164
0.159,0.159,0.157,0.163,0.163
0.158,0.158,0.157,0.163,0.163
0.157,0.157,0.156,0.162,0.162
0.155,0.155,0.155,0.161,0.161
0.154,0.154,0.155,0.16,0.16
0.153,0.153,0.154,0.159,0.159
0.152,0.152,0.153,0.158,0.158
0.151,0.151,0.153,0.157,0.157
0.15,0.15,0.152,0.156,0.156
0.149,0.149,0.151,0.155,0.155
0.148,0.148,0.15,0.154,0.154
0.147,0.147,0.149,0.153,0.153
0.146,0.146,0.148,0.152,0.152
0.145,0.145,0.147,0.151,0.151
0.144,0.144,0.146,0.15,0.15
0.143,0.143,0.145,0.148,0.148
0.142,0.142,0.144,0.147,0.147
0.141,0.141,0.143,0.146,0.146
0.139,0.139,0.142,0.144,0.144
0.138,0.138,0.141,0.143,0.143
0.137,0.137,0.139,0.141,0.141
0.135,0.135,0.138,0.14,0.14
0.134,0.134,0.137,0.138,0.138
0.132,0.132,0.136,0.137,0.137
0.131,0.131,0.135,0.135,0.135
0.129,0.129,0.133,0.133,0.133
0.127,0.127,0.132,0.131,0.131
0.126,0.126,0.131,0.13,0.13
0.124,0.124,0.13,0.128,0.128
0.122,0.122,0.128,0.126,0.126
0.12,0.12,0.127,0.124,0.124
0.118,0.118,0.126,0.122,0.122
0.117,0.117,0.124,0.12,0.12
0.115,0.115,0.123,0.118,0.118
0.113,0.113,0.122,0.116,0.116
0.111,0.111,0.12,0.114,0.114
0.109,0.109,0.119,0.112,0.112
0.107,0.107,0.118,0.11,0.11
0.105,0.105,0.116,0.108,0.108
0.104,0.104,0.115,0.105,0.105
0.102,0.102,0.113,0.103,0.103
0.1,0.1,0.111,0.101,0.101
0.098,0.098,0.11,0.099,0.099
0.096,0.096,0.108,0.097,0.097
0.094,0.094,0.106,0.095,0.095
0.093,0.093,0.105,0.093,0.093
0.091,0.091,0.103,0.091,0.091
0.089,0.089,0.101,0.089,0.089
0.087,0.087,0.099,0.087,0.087
0.085,0.085,0.097,0.085,0.085
0.083,0.083,0.095,0.083,0.083
0.081,0.081,0.093,0.081,0.081
0.079,0.079,0.091,0.079,0.079
0.077,0.077,0.089,0.077,0.077
0.075,0.075,0.087,0.075,0.075
0.073,0.073,0.085,0.073,0.073
0.07,0.07,0.083,0.07,0.07
0.068,0.068,0.08,0.068,0.068
0.066,0.066,0.078,0.066,0.066
0.063,0.063,0.076,0.064,0.064
0.061,0.061,0.074,0.062,0.062
0.058,0.058,0.072,0.06,0.06
0.056,0.056,0.07,0.058,0.058
0.053,0.053,0.067,0.056,0.056
0.05,0.05,0.065,0.054,0.054
0.048,0.048,0.063,0.052,0.052
0.045,0.045,0.061,0.05,0.05
0.042,0.042,0.059,0.048,0.048
0.04,0.04,0.057,0.046,0.046
0.037,0.037,0.055,0.044,0.044
0.034,0.034,0.052,0.042,0.042
0.032,0.032,0.05,0.04,0.04
0.029,0.029,0.048,0.037,0.037
0.027,0.027,0.046,0.035,0.035
0.024,0.024,0.044,0.033,0.033
0.022,0.022,0.042,0.031,0.031
0.02,0.02,0.04,0.029,0.029
0.017,0.017,0.037,0.027,0.027
0.015,0.015,0.035,0.025,0.025
0.013,0.013,0.033,0.023,0.023
0.011,0.011,0.031,0.021,0.021
0.009,0.009,0.029,0.019,0.019
0.007,0.007,0.027,0.017,0.017
0.006,0.006,0.025,0.015,0.015
0.004,0.004,0.022,0.013,0.013
0.002,0.002,0.02,0.011,0.011
0,0,0.018,0.009,0.009
-0.001,-0.001,0.016,0.007,0.007
-0.003,-0.003,0.014,0.005,0.005
-0.004,-0.004,0.012,0.003,0.003
-0.006,-0.006,0.01,0.001,0.001
-0.007,-0.007,0.008,-0.001,-0.001
-0.009,-0.009,0.006,-0.003,-0.003
-0.01,-0.01,0.004,-0.005,-0.005
-0.012,-0.012,0.003,-0.006,-0.006
-0.013,-0.013,0.001,-0.008,-0.008
-0.015,-0.015,-0.001,-0.01,-0.01
-0.017,-0.017,-0.002,-0.012,-0.012
-0.018,-0.018,-0.004,-0.014,-0.014
-0.02,-0.02,-0.005,-0.016,-0.016
-0.021,-0.021,-0.006,-0.018,-0.018
-0.023,-0.023,-0.008,-0.02,-0.02
-0.025,-0.025,-0.009,-0.022,-0.022
-0.026,-0.026,-0.01,-0.024,-0.024
-0.028,-0.028,-0.011,-0.026,-0.026
-0.03,-0.03,-0.012,-0.027,-0.027
-0.031,-0.031,-0.013,-0.029,-0.029
-0.033,-0.033,-0.014,-0.031,-0.031
-0.035,-0.035,-0.014,-0.033,-0.033
-0.036,-0.036,-0.015,-0.034,-0.034
-0.038,-0.038,-0.016,-0.036,-0.036
-0.039,-0.039,-0.016,-0.038,-0.038
-0.041,-0.041,-0.017,-0.039,-0.039
-0.042,-0.042,-0.018,-0.041,-0.041
-0.044,-0.044,-0.018,-0.042,-0.042
-0.045,-0.045,-0.019,-0.043,-0.043
-0.047,-0.047,-0.019,-0.045,-0.045
-0.048,-0.048,-0.02,-0.046,-0.046
-0.049,-0.049,-0.021,-0.047,-0.047
-0.051,-0.051,-0.021,-0.048,-0.048
-0.052,-0.052,-0.022,-0.049,-0.049
-0.053,-0.053,-0.023,-0.05,-0.05
-0.054,-0.054,-0.024,-0.051,-0.051
-0.055,-0.055,-0.024,-0.052,-0.052
-0.056,-0.056,-0.025,-0.053,-0.053
-0.058,-0.058,-0.026,-0.054,-0.054
-0.059,-0.059,-0.027,-0.054,-0.054
-0.06,-0.06,-0.028,-0.055,-0.055
-0.061,-0.061,-0.029,-0.056,-0.056
-0.062,-0.062,-0.03,-0.057,-0.057
-0.063,-0.063,-0.031,-0.057,-0.057
-0.063,-0.063,-0.032,-0.058,-0.058
-0.064,-0.064,-0.033,-0.058,-0.058
-0.065,-0.065,-0.035,-0.059,-0.059
-0.066,-0.066,-0.036,-0.059,-0.059
-0.067,-0.067,-0.037,-0.06,-0.06
-0.067,-0.067,-0.038,-0.06,-0.06
-0.068,-0.068,-0.039,-0.061,-0.061
-0.069,-0.069,-0.04,-0.061,-0.061
-0.069,-0.069,-0.041,-0.061,-0.061
-0.07,-0.07,-0.042,-0.062,-0.062
-0.071,-0.071,-0.043,-0.062,-0.062
-0.071,-0.071,-0.043,-0.062,-0.062
-0.071,-0.071,-0.044,-0.062,-0.062
-0.072,-0.072,-0.045,-0.063,-0.063
-0.072,-0.072,-0.045,-0.063,-0.063
-0.073,-0.073,-0.046,-0.063,-0.063
-0.073,-0.073,-0.046,-0.063,-0.063
-0.073,-0.073,-0.046,-0.063,-0.063
-0.073,-0.073,-0.047,-0.063,-0.063
-0.074,-0.074,-0.047,-0.063,-0.063
-0.074,-0.074,-0.047,-0.063,-0.063
-0.074,-0.074,-0.047,-0.063,-0.063
-0.074,-0.074,-0.047,-0.063,-0.063
-0.074,-0.074,-0.047,-0.062,-0.062
-0.074,-0.074,-0.047,-0.062,-0.062
-0.074,-0.074,-0.047,-0.062,-0.062
-0.074,-0.074,-0.046,-0.062,-0.062
-0.074,-0.074,-0.046,-0.062,-0.062
-0.074,-0.074,-0.046,-0.062,-0.062
-0.074,-0.074,-0.046,-0.062,-0.062
-0.074,-0.074,-0.046,-0.062,-0.062
-0.074,-0.074,-0.046,-0.062,-0.062
-0.074,-0.074,-0.046,-0.062,-0.062
-0.074,-0.074,-0.046,-0.063,-0.063
-0.074,-0.074,-0.046,-0.063,-0.063
-0.074,-0.074,-0.046,-0.063,-0.063
-0.073,-0.073,-0.046,-0.064,-0.064
-0.073,-0.073,-0.046,-0.064,-0.064
-0.073,-0.073,-0.046,-0.065,-0.065
-0.073,-0.073,-0.046,-0.065,-0.065
-0.073,-0.073,-0.046,-0.066,-0.066
-0.073,-0.073,-0.047,-0.066,-0.066
-0.073,-0.073,-0.047,-0.067,-0.067
-0.073,-0.073,-0.047,-0.068,-0.068
-0.072,-0.072,-0.047,-0.068,-0.068
-0.072,-0.072,-0.048,-0.069,-0.069
-0.072,-0.072,-0.048,-0.069,-0.069
-0.072,-0.072,-0.048,-0.07,-0.07
-0.072,-0.072,-0.049,-0.07,-0.07
-0.072,-0.072,-0.049,-0.07,-0.07
-0.072,-0.072,-0.049,-0.07,-0.07
-0.072,-0.072,-0.05,-0.071,-0.071
-0.072,-0.072,-0.05,-0.071,-0.071
-0.073,-0.073,-0.05,-0.071,-0.071
-0.073,-0.073,-0.05,-0.07,-0.07
-0.073,-0.073,-0.051,-0.07,-0.07
-0.073,-0.073,-0.051,-0.07,-0.07
-0.073,-0.073,-0.051,-0.069,-0.069
-0.073,-0.073,-0.051,-0.069,-0.069
-0.073,-0.073,-0.051,-0.068,-0.068
-0.074,-0.074,-0.052,-0.068,-0.068
-0.074,-0.074,-0.052,-0.067,-0.067
-0.074,-0.074,-0.052,-0.067,-0.067
-0.074,-0.074,-0.052,-0.066,-0.066
-0.074,-0.074,-0.053,-0.065,-0.065
-0.074,-0.074,-0.053,-0.065,-0.065
-0.074,-0.074,-0.053,-0.064,-0.064
-0.074,-0.074,-0.053,-0.064,-0.064
-0.074,-0.074,-0.054,-0.063,-0.063
-0.074,-0.074,-0.054,-0.063,-0.063
-0.074,-0.074,-0.055,-0.062,-0.062
-0.074,-0.074,-0.055,-0.062,-0.062
-0.074,-0.074,-0.056,-0.062,-0.062
-0.074,-0.074,-0.056,-0.062,-0.062
-0.074,-0.074,-0.056,-0.061,-0.061
-0.074,-0.074,-0.057,-0.061,-0.061
-0.074,-0.074,-0.057,-0.061,-0.061
-0.074,-0.074,-0.058,-0.061,-0.061
-0.073,-0.073,-0.058,-0.061,-0.061
-0.073,-0.073,-0.059,-0.061,-0.061
-0.073,-0.073,-0.059,-0.061,-0.061
-0.073,-0.073,-0.059,-0.061,-0.061
-0.073,-0.073,-0.06,-0.062,-0.062
-0.073,-0.073,-0.06,-0.062,-0.062
-0.073,-0.073,-0.06,-0.062,-0.062
-0.073,-0.073,-0.06,-0.062,-0.062
-0.073,-0.073,-0.06,-0.062,-0.062
-0.074,-0.074,-0.06,-0.062,-0.062
-0.074,-0.074,-0.06,-0.062,-0.062
-0.074,-0.074,-0.06,-0.062,-0.062
-0.074,-0.074,-0.059,-0.062,-0.062
-0.074,-0.074,-0.059,-0.062,-0.062
-0.074,-0.074,-0.058,-0.062,-0.062
-0.074,-0.074,-0.058,-0.062,-0.062
-0.074,-0.074,-0.057,-0.062,-0.062
-0.074,-0.074,-0.057,-0.062,-0.062
-0.074,-0.074,-0.056,-0.062,-0.062
-0.074,-0.074,-0.056,-0.062,-0.062
-0.074,-0.074,-0.055,-0.062,-0.062
-0.074,-0.074,-0.055,-0.062,-0.062
-0.073,-0.073,-0.054,-0.062,-0.062
-0.073,-0.073,-0.053,-0.061,-0.061
-0.073,-0.073,-0.053,-0.061,-0.061
-0.072,-0.072,-0.052,-0.061,-0.061
-0.072,-0.072,-0.052,-0.061,-0.061
-0.071,-0.071,-0.052,-0.06,-0.06
-0.071,-0.071,-0.051,-0.06,-0.06
-0.07,-0.07,-0.051,-0.06,-0.06
-0.07,-0.07,-0.051,-0.059,-0.059
-0.069,-0.069,-0.051,-0.059,-0.059
-0.069,-0.069,-0.05,-0.059,-0.059
-0.068,-0.068,-0.05,-0.058,-0.058
-0.067,-0.067,-0.05,-0.058,-0.058
-0.067,-0.067,-0.051,-0.058,-0.058
-0.066,-0.066,-0.051,-0.058,-0.058
-0.066,-0.066,-0.051,-0.057,-0.057
-0.065,-0.065,-0.051,-0.057,-0.057
-0.064,-0.064,-0.051,-0.057,-0.057
-0.064,-0.064,-0.051,-0.057,-0.057
-0.063,-0.063,-0.052,-0.057,-0.057
-0.063,-0.063,-0.052,-0.057,-0.057
-0.063,-0.063,-0.052,-0.057,-0.057
-0.062,-0.062,-0.052,-0.057,-0.057
-0.062,-0.062,-0.053,-0.057,-0.057
-0.062,-0.062,-0.053,-0.057,-0.057
-0.061,-0.061,-0.053,-0.057,-0.057
-0.061,-0.061,-0.053,-0.057,-0.057
-0.061,-0.061,-0.053,-0.057,-0.057
-0.061,-0.061,-0.054,-0.057,-0.057
-0.061,-0.061,-0.054,-0.057,-0.057
-0.061,-0.061,-0.054,-0.057,-0.057
-0.061,-0.061,-0.054,-0.058,-0.058
-0.061,-0.061,-0.054,-0.058,-0.058
-0.061,-0.061,-0.053,-0.058,-0.058
-0.062,-0.062,-0.053,-0.058,-0.058
-0.062,-0.062,-0.053,-0.058,-0.058
-0.062,-0.062,-0.053,-0.058,-0.058
-0.062,-0.062,-0.053,-0.058,-0.058
-0.062,-0.062,-0.052,-0.058,-0.058
-0.063,-0.063,-0.052,-0.058,-0.058
-0.063,-0.063,-0.052,-0.058,-0.058
-0.063,-0.063,-0.052,-0.058,-0.058
-0.063,-0.063,-0.051,-0.058,-0.058
-0.063,-0.063,-0.051,-0.057,-0.057
-0.064,-0.064,-0.051,-0.057,-0.057
-0.064,-0.064,-0.05,-0.056,-0.056
-0.064,-0.064,-0.05,-0.056,-0.056
-0.064,-0.064,-0.05,-0.055,-0.055
-0.064,-0.064,-0.05,-0.055,-0.055
-0.064,-0.064,-0.05,-0.054,-0.054
-0.063,-0.063,-0.049,-0.053,-0.053
-0.063,-0.063,-0.049,-0.053,-0.053
-0.063,-0.063,-0.049,-0.052,-0.052
-0.063,-0.063,-0.049,-0.051,-0.051
-0.063,-0.063,-0.049,-0.05,-0.05
-0.062,-0.062,-0.049,-0.049,-0.049
-0.062,-0.062,-0.05,-0.049,-0.049
-0.061,-0.061,-0.05,-0.048,-0.048
-0.061,-0.061,-0.05,-0.047,-0.047
-0.061,-0.061,-0.05,-0.047,-0.047
-0.06,-0.06,-0.05,-0.046,-0.046
-0.06,-0.06,-0.051,-0.046,-0.046
-0.059,-0.059,-0.051,-0.045,-0.045
-0.059,-0.059,-0.051,-0.045,-0.045
-0.059,-0.059,-0.052,-0.045,-0.045
-0.058,-0.058,-0.052,-0.045,-0.045
-0.058,-0.058,-0.052,-0.045,-0.045
-0.058,-0.058,-0.053,-0.045,-0.045
-0.057,-0.057,-0.053,-0.045,-0.045
-0.057,-0.057,-0.053,-0.045,-0.045
-0.057,-0.057,-0.054,-0.046,-0.046
-0.057,-0.057,-0.054,-0.046,-0.046
-0.057,-0.057,-0.054,-0.047,-0.047
-0.057,-0.057,-0.054,-0.047,-0.047
-0.057,-0.057,-0.055,-0.048,-0.048
-0.057,-0.057,-0.055,-0.049,-0.049
-0.057,-0.057,-0.055,-0.05,-0.05
-0.058,-0.058,-0.055,-0.05,-0.05
-0.058,-0.058,-0.056,-0.051,-0.051
-0.058,-0.058,-0.056,-0.052,-0.052
-0.058,-0.058,-0.056,-0.052,-0.052
-0.058,-0.058,-0.056,-0.053,-0.053
-0.059,-0.059,-0.056,-0.053,-0.053
-0.059,-0.059,-0.056,-0.054,-0.054
-0.059,-0.059,-0.057,-0.054,-0.054
-0.059,-0.059,-0.057,-0.055,-0.055
-0.059,-0.059,-0.057,-0.055,-0.055
-0.06,-0.06,-0.057,-0.056,-0.056
-0.06,-0.06,-0.057,-0.056,-0.056
-0.06,-0.06,-0.058,-0.056,-0.056
-0.06,-0.06,-0.058,-0.056,-0.056
-0.06,-0.06,-0.058,-0.056,-0.056
-0.059,-0.059,-0.058,-0.056,-0.056
-0.059,-0.059,-0.058,-0.056,-0.056
-0.059,-0.059,-0.059,-0.056,-0.056
-0.059,-0.059,-0.059,-0.056,-0.056
-0.059,-0.059,-0.059,-0.056,-0.056
-0.058,-0.058,-0.059,-0.056,-0.056
-0.058,-0.058,-0.059,-0.056,-0.056
-0.058,-0.058,-0.059,-0.056,-0.056
-0.057,-0.057,-0.06,-0.056,-0.056
-0.057,-0.057,-0.06,-0.056,-0.056
-0.056,-0.056,-0.06,-0.056,-0.056
-0.056,-0.056,-0.06,-0.055,-0.055
-0.056,-0.056,-0.06,-0.055,-0.055
-0.056,-0.056,-0.06,-0.055,-0.055
-0.055,-0.055,-0.06,-0.055,-0.055
-0.055,-0.055,-0.06,-0.055,-0.055
-0.055,-0.055,-0.06,-0.055,-0.055
-0.055,-0.055,-0.06,-0.055,-0.055
-0.055,-0.055,-0.06,-0.055,-0.055
-0.055,-0.055,-0.06,-0.055,-0.055
-0.055,-0.055,-0.06,-0.054,-0.054
-0.055,-0.055,-0.059,-0.054,-0.054
-0.055,-0.055,-0.059,-0.054,-0.054
-0.055,-0.055,-0.059,-0.054,-0.054
-0.055,-0.055,-0.059,-0.054,-0.054
-0.056,-0.056,-0.059,-0.054,-0.054
-0.056,-0.056,-0.058,-0.054,-0.054
-0.056,-0.056,-0.058,-0.054,-0.054
-0.057,-0.057,-0.058,-0.053,-0.053
-0.057,-0.057,-0.058,-0.053,-0.053
-0.057,-0.057,-0.057,-0.053,-0.053
-0.058,-0.058,-0.057,-0.053,-0.053
-0.058,-0.058,-0.057,-0.053,-0.053
-0.058,-0.058,-0.056,-0.053,-0.053
-0.059,-0.059,-0.056,-0.053,-0.053
-0.059,-0.059,-0.056,-0.052,-0.052
-0.059,-0.059,-0.055,-0.052,-0.052
-0.059,-0.059,-0.055,-0.052,-0.052
-0.059,-0.059,-0.055,-0.052,-0.052
-0.06,-0.06,-0.055,-0.052,-0.052
-0.06,-0.06,-0.054,-0.052,-0.052
-0.06,-0.06,-0.054,-0.052,-0.052
-0.06,-0.06,-0.054,-0.052,-0.052
-0.06,-0.06,-0.053,-0.052,-0.052
-0.059,-0.059,-0.053,-0.052,-0.052
-0.059,-0.059,-0.053,-0.052,-0.052
-0.059,-0.059,-0.053,-0.051,-0.051
-0.059,-0.059,-0.052,-0.051,-0.051
-0.058,-0.058,-0.052,-0.051,-0.051
-0.058,-0.058,-0.052,-0.051,-0.051
-0.058,-0.058,-0.052,-0.051,-0.051
-0.057,-0.057,-0.051,-0.051,-0.051
-0.057,-0.057,-0.051,-0.051,-0.051
-0.057,-0.057,-0.051,-0.051,-0.051
-0.056,-0.056,-0.051,-0.051,-0.051
-0.056,-0.056,-0.05,-0.051,-0.051
-0.056,-0.056,-0.05,-0.051,-0.051
-0.055,-0.055,-0.05,-0.05,-0.05
-0.055,-0.055,-0.05,-0.05,-0.05
-0.055,-0.055,-0.049,-0.05,-0.05
-0.054,-0.054,-0.049,-0.05,-0.05
-0.054,-0.054,-0.049,-0.05,-0.05
-0.054,-0.054,-0.048,-0.05,-0.05
-0.053,-0.053,-0.048,-0.05,-0.05
-0.053,-0.053,-0.048,-0.049,-0.049
-0.053,-0.053,-0.048,-0.049,-0.049
-0.053,-0.053,-0.047,-0.049,-0.049
-0.053,-0.053,-0.047,-0.049,-0.049
-0.053,-0.053,-0.047,-0.049,-0.049
-0.053,-0.053,-0.046,-0.048,-0.048
-0.052,-0.052,-0.046,-0.048,-0.048
-0.052,-0.052,-0.046,-0.048,-0.048
-0.052,-0.052,-0.046,-0.048,-0.048
-0.052,-0.052,-0.045,-0.048,-0.048
-0.052,-0.052,-0.045,-0.047,-0.047
-0.052,-0.052,-0.045,-0.047,-0.047
-0.052,-0.052,-0.045,-0.047,-0.047
-0.052,-0.052,-0.045,-0.047,-0.047
-0.052,-0.052,-0.045,-0.047,-0.047
-0.052,-0.052,-0.045,-0.046,-0.046
-0.053,-0.053,-0.045,-0.046,-0.046
-0.053,-0.053,-0.045,-0.046,-0.046
-0.053,-0.053,-0.045,-0.046,-0.046
-0.053,-0.053,-0.045,-0.046,-0.046
-0.053,-0.053,-0.045,-0.046,-0.046
-0.053,-0.053,-0.045,-0.046,-0.046
-0.054,-0.054,-0.045,-0.046,-0.046
-0.054,-0.054,-0.045,-0.046,-0.046
-0.054,-0.054,-0.045,-0.046,-0.046
-0.054,-0.054,-0.046,-0.046,-0.046
-0.055,-0.055,-0.046,-0.046,-0.046
-0.055,-0.055,-0.046,-0.046,-0.046
-0.055,-0.055,-0.046,-0.046,-0.046
-0.056,-0.056,-0.046,-0.046,-0.046
-0.056,-0.056,-0.047,-0.046,-0.046
-0.056,-0.056,-0.047,-0.047,-0.047
-0.057,-0.057,-0.047,-0.047,-0.047
-0.057,-0.057,-0.047,-0.047,-0.047
-0.057,-0.057,-0.048,-0.047,-0.047
-0.058,-0.058,-0.048,-0.047,-0.047
-0.058,-0.058,-0.048,-0.047,-0.047
-0.059,-0.059,-0.048,-0.048,-0.048
-0.059,-0.059,-0.049,-0.048,-0.048
-0.059,-0.059,-0.049,-0.048,-0.048
-0.06,-0.06,-0.049,-0.048,-0.048
-0.06,-0.06,-0.049,-0.049,-0.049
-0.06,-0.06,-0.049,-0.049,-0.049
-0.06,-0.06,-0.05,-0.049,-0.049
-0.06,-0.06,-0.05,-0.049,-0.049
-0.061,-0.061,-0.05,-0.049,-0.049
-0.061,-0.061,-0.05,-0.05,-0.05
-0.061,-0.061,-0.05,-0.05,-0.05
-0.06,-0.06,-0.05,-0.05,-0.05
-0.06,-0.06,-0.05,-0.05,-0.05
-0.06,-0.06,-0.05,-0.05,-0.05
-0.06,-0.06,-0.05,-0.05,-0.05
-0.06,-0.06,-0.05,-0.05,-0.05
-0.059,-0.059,-0.05,-0.05,-0.05
-0.059,-0.059,-0.05,-0.05,-0.05
-0.058,-0.058,-0.05,-0.051,-0.051
-0.058,-0.058,-0.05,-0.051,-0.051
-0.057,-0.057,-0.05,-0.051,-0.051
-0.056,-0.056,-0.05,-0.051,-0.051
-0.056,-0.056,-0.05,-0.051,-0.051
-0.055,-0.055,-0.05,-0.051,-0.051
-0.054,-0.054,-0.05,-0.05,-0.05
-0.054,-0.054,-0.05,-0.05,-0.05
-0.053,-0.053,-0.05,-0.05,-0.05
